"ID","Name","LongName","Parent","Component","Path","Line","Column","EndLine","EndColumn","WarningBlocker","WarningCritical","WarningInfo","WarningMajor","WarningMinor","Anti Pattern","Bad Practice Rules","Best Practice Rules","Code Style Rules","Correctness Rules","Design Rules","Design Pattern","Documentation Rules","Dodgy Code Rules","Error Prone Rules","Experimental Rules","Internationalization Rules","Multithreaded Correctness Rules","Multithreading Rules","Optimization Rules","Performance Rules","Security Code Guideline Rules","Security Rules","Vulnerability Rules"
"L17236","serialVersionUID","hudson.AbortException.serialVersionUID;J","L1795","L103","C:\GIT\pris2\SourceMeter\Guille\jenkins-jenkins-2.328\core\src\main\java\hudson\AbortException.java","48","5","48","53","0","0","0","0","0","0","0","0","0","0","0","0","0","0","0","0","0","0","0","0","0","0","0","0"
"L17331","saveable","hudson.BulkChange.saveable;Lhudson/model/Saveable;","L17329","L103","C:\GIT\pris2\SourceMeter\Guille\jenkins-jenkins-2.328\core\src\main\java\hudson\BulkChange.java","72","5","72","37","0","0","0","0","0","0","0","0","0","0","0","0","0","0","0","0","0","0","0","0","0","0","0","0"
"L17332","allocator","hudson.BulkChange.allocator;Ljava/lang/Exception;","L17329","L103","C:\GIT\pris2\SourceMeter\Guille\jenkins-jenkins-2.328\core\src\main\java\hudson\BulkChange.java","73","5","73","38","0","0","0","0","0","0","0","0","0","0","0","0","0","0","0","0","0","0","0","0","0","0","0","0"
"L17333","parent","hudson.BulkChange.parent;Lhudson/BulkChange;","L17329","L103","C:\GIT\pris2\SourceMeter\Guille\jenkins-jenkins-2.328\core\src\main\java\hudson\BulkChange.java","74","5","74","37","0","0","0","0","0","0","0","0","0","0","0","0","0","0","0","0","0","0","0","0","0","0","0","0"
"L17336","completed","hudson.BulkChange.completed;Z","L17329","L103","C:\GIT\pris2\SourceMeter\Guille\jenkins-jenkins-2.328\core\src\main\java\hudson\BulkChange.java","76","5","76","31","0","0","0","0","0","0","0","0","0","0","0","0","0","0","0","0","0","0","0","0","0","0","0","0"
"L17344","INSCOPE","hudson.BulkChange.INSCOPE;Ljava/lang/ThreadLocal;","L17329","L103","C:\GIT\pris2\SourceMeter\Guille\jenkins-jenkins-2.328\core\src\main\java\hudson\BulkChange.java","135","5","135","80","0","0","0","0","0","0","0","0","0","0","0","0","0","0","0","0","0","0","0","0","0","0","0","0"
"L17364","ALL","hudson.BulkChange.ALL;Lhudson/model/Saveable;","L17329","L103","C:\GIT\pris2\SourceMeter\Guille\jenkins-jenkins-2.328\core\src\main\java\hudson\BulkChange.java","163","5","164","7","0","0","0","0","0","0","0","0","0","0","0","0","0","0","0","0","0","0","0","0","0","0","0","0"
"L17372","LOGGER","hudson.ClassicPluginStrategy.LOGGER;Ljava/util/logging/Logger;","L17368","L103","C:\GIT\pris2\SourceMeter\Guille\jenkins-jenkins-2.328\core\src\main\java\hudson\ClassicPluginStrategy.java","81","5","81","98","0","0","0","0","0","0","0","0","0","0","0","0","0","0","0","0","0","0","0","0","0","0","0","0"
"L17375","JAR_FILTER","hudson.ClassicPluginStrategy.JAR_FILTER;Ljava/io/FilenameFilter;","L17368","L103","C:\GIT\pris2\SourceMeter\Guille\jenkins-jenkins-2.328\core\src\main\java\hudson\ClassicPluginStrategy.java","86","5","86","91","0","0","0","0","0","0","0","0","0","0","0","0","0","0","0","0","0","0","0","0","0","0","0","0"
"L17383","pluginManager","hudson.ClassicPluginStrategy.pluginManager;Lhudson/PluginManager;","L17368","L103","C:\GIT\pris2\SourceMeter\Guille\jenkins-jenkins-2.328\core\src\main\java\hudson\ClassicPluginStrategy.java","88","5","88","47","0","0","0","0","0","0","0","0","0","0","0","0","0","0","0","0","0","0","0","0","0","0","0","0"
"L17384","coreClassLoader","hudson.ClassicPluginStrategy.coreClassLoader;Lhudson/util/MaskingClassLoader;","L17368","L103","C:\GIT\pris2\SourceMeter\Guille\jenkins-jenkins-2.328\core\src\main\java\hudson\ClassicPluginStrategy.java","93","5","93","108","0","0","0","0","0","0","0","0","0","0","0","0","0","0","0","0","0","0","0","0","0","0","0","0"
"L17481","useAntClassLoader","hudson.ClassicPluginStrategy.useAntClassLoader;Z","L17368","L103","C:\GIT\pris2\SourceMeter\Guille\jenkins-jenkins-2.328\core\src\main\java\hudson\ClassicPluginStrategy.java","719","5","720","159","0","0","0","0","0","0","0","0","0","0","0","0","0","0","0","0","0","0","0","0","0","0","0","0"
"L18631","LOGGER","hudson.DependencyRunner.LOGGER;Ljava/util/logging/Logger;","L18629","L103","C:\GIT\pris2\SourceMeter\Guille\jenkins-jenkins-2.328\core\src\main\java\hudson\DependencyRunner.java","44","5","44","93","0","0","0","0","0","0","0","0","0","0","0","0","0","0","0","0","0","0","0","0","0","0","0","0"
"L18634","runnable","hudson.DependencyRunner.runnable;Lhudson/DependencyRunner$ProjectRunnable;","L18629","L103","C:\GIT\pris2\SourceMeter\Guille\jenkins-jenkins-2.328\core\src\main\java\hudson\DependencyRunner.java","46","5","46","30","0","0","0","0","0","0","0","0","0","0","0","0","0","0","0","0","0","0","0","0","0","0","0","0"
"L18638","polledProjects","hudson.DependencyRunner.polledProjects;Ljava/util/List;","L18629","L103","C:\GIT\pris2\SourceMeter\Guille\jenkins-jenkins-2.328\core\src\main\java\hudson\DependencyRunner.java","48","5","48","62","0","0","0","0","0","0","0","0","0","0","0","0","0","0","0","0","0","0","0","0","0","0","0","0"
"L18710","describableType","hudson.DescriptorExtensionList.describableType;Ljava/lang/Class;","L17820","L103","C:\GIT\pris2\SourceMeter\Guille\jenkins-jenkins-2.328\core\src\main\java\hudson\DescriptorExtensionList.java","96","5","96","44","0","0","0","0","0","0","0","0","0","0","0","0","0","0","0","0","0","0","0","0","0","0","0","0"
"L18798","legacyDescriptors","hudson.DescriptorExtensionList.legacyDescriptors;Ljava/util/Map;","L17820","L103","C:\GIT\pris2\SourceMeter\Guille\jenkins-jenkins-2.328\core\src\main\java\hudson\DescriptorExtensionList.java","242","5","243","137","0","0","0","0","0","0","0","0","0","0","0","0","0","0","0","0","0","0","0","0","0","0","0","0"
"L18768","LOGGER","hudson.DescriptorExtensionList.LOGGER;Ljava/util/logging/Logger;","L17820","L103","C:\GIT\pris2\SourceMeter\Guille\jenkins-jenkins-2.328\core\src\main\java\hudson\DescriptorExtensionList.java","281","5","281","100","0","0","0","0","0","0","0","0","0","0","0","0","0","0","0","0","0","0","0","0","0","0","0","0"
"L19499","disabled","hudson.DNSMultiCast.disabled;Z","L19496","L103","C:\GIT\pris2\SourceMeter\Guille\jenkins-jenkins-2.328\core\src\main\java\hudson\DNSMultiCast.java","13","5","13","43","0","0","0","0","0","0","0","0","0","0","0","0","0","0","0","0","0","0","0","0","0","0","0","0"
"L19501","serialVersionUID","hudson.EnvVars.serialVersionUID;J","L4577","L103","C:\GIT\pris2\SourceMeter\Guille\jenkins-jenkins-2.328\core\src\main\java\hudson\EnvVars.java","76","5","76","71","0","0","0","0","0","0","0","0","0","0","0","0","0","0","0","0","0","0","0","0","0","0","0","0"
"L19502","LOGGER","hudson.EnvVars.LOGGER;Ljava/util/logging/Logger;","L4577","L103","C:\GIT\pris2\SourceMeter\Guille\jenkins-jenkins-2.328\core\src\main\java\hudson\EnvVars.java","77","5","77","78","0","0","0","0","0","0","0","0","0","0","0","0","0","0","0","0","0","0","0","0","0","0","0","0"
"L19503","platform","hudson.EnvVars.platform;Lhudson/Platform;","L4577","L103","C:\GIT\pris2\SourceMeter\Guille\jenkins-jenkins-2.328\core\src\main\java\hudson\EnvVars.java","87","5","87","31","0","0","0","0","0","0","0","0","0","0","0","0","0","0","0","0","0","0","0","0","0","0","0","0"
"L8199","masterEnvVars","hudson.EnvVars.masterEnvVars;Ljava/util/Map;","L4577","L103","C:\GIT\pris2\SourceMeter\Guille\jenkins-jenkins-2.328\core\src\main\java\hudson\EnvVars.java","462","5","462","74","0","0","0","0","0","0","0","0","0","0","0","0","0","0","0","0","0","0","0","0","0","0","0","0"
"L19689","CURRENT_CONTEXT","hudson.ExpressionFactory2.CURRENT_CONTEXT;Ljava/lang/ThreadLocal;","L19668","L103","C:\GIT\pris2\SourceMeter\Guille\jenkins-jenkins-2.328\core\src\main\java\hudson\ExpressionFactory2.java","187","5","187","92","0","0","0","0","0","0","0","0","0","0","0","0","0","0","0","0","0","0","0","0","0","0","0","0"
"L19752","LOG","hudson.ExtensionComponent.LOG;Ljava/util/logging/Logger;","L2880","L103","C:\GIT\pris2\SourceMeter\Guille\jenkins-jenkins-2.328\core\src\main\java\hudson\ExtensionComponent.java","43","5","43","92","0","0","0","0","0","0","0","0","0","0","0","0","0","0","0","0","0","0","0","0","0","0","0","0"
"L19753","instance","hudson.ExtensionComponent.instance;Ljava/lang/Object;","L2880","L103","C:\GIT\pris2\SourceMeter\Guille\jenkins-jenkins-2.328\core\src\main\java\hudson\ExtensionComponent.java","44","5","44","30","0","0","0","0","0","0","0","0","0","0","0","0","0","0","0","0","0","0","0","0","0","0","0","0"
"L19757","ordinal","hudson.ExtensionComponent.ordinal;D","L2880","L103","C:\GIT\pris2\SourceMeter\Guille\jenkins-jenkins-2.328\core\src\main\java\hudson\ExtensionComponent.java","45","5","45","34","0","0","0","0","0","0","0","0","0","0","0","0","0","0","0","0","0","0","0","0","0","0","0","0"
"L20137","LOGGER","hudson.ExtensionFinder.LOGGER;Ljava/util/logging/Logger;","L2861","L103","C:\GIT\pris2\SourceMeter\Guille\jenkins-jenkins-2.328\core\src\main\java\hudson\ExtensionFinder.java","757","5","757","92","0","0","0","0","0","0","0","0","0","0","0","0","0","0","0","0","0","0","0","0","0","0","0","0"
"L20150","hudson","hudson.ExtensionList.hudson;Lhudson/model/Hudson;","L2347","L103","C:\GIT\pris2\SourceMeter\Guille\jenkins-jenkins-2.328\core\src\main\java\hudson\ExtensionList.java","78","5","79","32","0","0","0","0","0","0","0","0","0","0","0","0","0","0","0","0","0","0","0","0","0","0","0","0"
"L18766","jenkins","hudson.ExtensionList.jenkins;Ljenkins/model/Jenkins;","L2347","L103","C:\GIT\pris2\SourceMeter\Guille\jenkins-jenkins-2.328\core\src\main\java\hudson\ExtensionList.java","80","5","80","48","0","0","0","0","0","0","0","0","0","0","0","0","0","0","0","0","0","0","0","0","0","0","0","0"
"L20152","extensionType","hudson.ExtensionList.extensionType;Ljava/lang/Class;","L2347","L103","C:\GIT\pris2\SourceMeter\Guille\jenkins-jenkins-2.328\core\src\main\java\hudson\ExtensionList.java","81","5","81","41","0","0","0","0","0","0","0","0","0","0","0","0","0","0","0","0","0","0","0","0","0","0","0","0"
"L20156","extensions","hudson.ExtensionList.extensions;Ljava/util/List;","L2347","L103","C:\GIT\pris2\SourceMeter\Guille\jenkins-jenkins-2.328\core\src\main\java\hudson\ExtensionList.java","86","5","87","61","0","0","0","0","0","0","0","0","0","0","0","0","0","0","0","0","0","0","0","0","0","0","0","0"
"L20160","listeners","hudson.ExtensionList.listeners;Ljava/util/List;","L2347","L103","C:\GIT\pris2\SourceMeter\Guille\jenkins-jenkins-2.328\core\src\main\java\hudson\ExtensionList.java","89","5","89","88","0","0","0","0","0","0","0","0","0","0","0","0","0","0","0","0","0","0","0","0","0","0","0","0"
"L20170","legacyInstances","hudson.ExtensionList.legacyInstances;Ljava/util/concurrent/CopyOnWriteArrayList;","L2347","L103","C:\GIT\pris2\SourceMeter\Guille\jenkins-jenkins-2.328\core\src\main\java\hudson\ExtensionList.java","95","5","95","79","0","0","0","0","0","0","0","0","0","0","0","0","0","0","0","0","0","0","0","0","0","0","0","0"
"L20328","staticLegacyInstances","hudson.ExtensionList.staticLegacyInstances;Ljava/util/Map;","L2347","L103","C:\GIT\pris2\SourceMeter\Guille\jenkins-jenkins-2.328\core\src\main\java\hudson\ExtensionList.java","462","5","463","109","0","0","0","0","0","0","0","0","0","0","0","0","0","0","0","0","0","0","0","0","0","0","0","0"
"L20294","LOGGER","hudson.ExtensionList.LOGGER;Ljava/util/logging/Logger;","L2347","L103","C:\GIT\pris2\SourceMeter\Guille\jenkins-jenkins-2.328\core\src\main\java\hudson\ExtensionList.java","472","5","472","90","0","0","0","0","0","0","0","0","0","0","0","0","0","0","0","0","0","0","0","0","0","0","0","0"
"L20446","MAX_REDIRECTS","hudson.FilePath.MAX_REDIRECTS;I","L5511","L103","C:\GIT\pris2\SourceMeter\Guille\jenkins-jenkins-2.328\core\src\main\java\hudson\FilePath.java","217","5","217","49","0","0","0","0","0","0","0","0","0","0","0","0","0","0","0","0","0","0","0","0","0","0","0","0"
"L20448","channel","hudson.FilePath.channel;LVirtualChannel;","L5511","L103","C:\GIT\pris2\SourceMeter\Guille\jenkins-jenkins-2.328\core\src\main\java\hudson\FilePath.java","232","5","232","46","0","0","0","0","0","0","0","0","0","0","0","0","0","0","0","0","0","0","0","0","0","0","0","0"
"L20450","remote","hudson.FilePath.remote;Ljava/lang/String;","L5511","L103","C:\GIT\pris2\SourceMeter\Guille\jenkins-jenkins-2.328\core\src\main\java\hudson\FilePath.java","240","5","240","37","0","0","0","0","0","0","0","0","0","0","0","0","0","0","0","0","0","0","0","0","0","0","0","0"
"L20477","DRIVE_PATTERN","hudson.FilePath.DRIVE_PATTERN;Ljava/util/regex/Pattern;","L5511","L103","C:\GIT\pris2\SourceMeter\Guille\jenkins-jenkins-2.328\core\src\main\java\hudson\FilePath.java","300","5","300","88","0","0","0","0","0","0","0","0","0","0","0","0","0","0","0","0","0","0","0","0","0","0","0","0"
"L20479","UNC_PATTERN","hudson.FilePath.UNC_PATTERN;Ljava/util/regex/Pattern;","L5511","L103","C:\GIT\pris2\SourceMeter\Guille\jenkins-jenkins-2.328\core\src\main\java\hudson\FilePath.java","300","5","301","58","0","0","0","0","0","0","0","0","0","0","0","0","0","0","0","0","0","0","0","0","0","0","0","0"
"L20481","ABSOLUTE_PREFIX_PATTERN","hudson.FilePath.ABSOLUTE_PREFIX_PATTERN;Ljava/util/regex/Pattern;","L5511","L103","C:\GIT\pris2\SourceMeter\Guille\jenkins-jenkins-2.328\core\src\main\java\hudson\FilePath.java","300","5","302","100","0","0","0","0","0","0","0","0","0","0","0","0","0","0","0","0","0","0","0","0","0","0","0","0"
"L21344","CHMOD_WARNED","hudson.FilePath.CHMOD_WARNED;Z","L5511","L103","C:\GIT\pris2\SourceMeter\Guille\jenkins-jenkins-2.328\core\src\main\java\hudson\FilePath.java","1979","5","1979","49","0","0","0","0","0","0","0","0","0","0","0","0","0","0","0","0","0","0","0","0","0","0","0","0"
"L8703","VALIDATE_ANT_FILE_MASK_BOUND","hudson.FilePath.VALIDATE_ANT_FILE_MASK_BOUND;I","L5511","L103","C:\GIT\pris2\SourceMeter\Guille\jenkins-jenkins-2.328\core\src\main\java\hudson\FilePath.java","3056","5","3057","149","0","0","0","0","0","0","0","0","0","0","0","0","0","0","0","0","0","0","0","0","0","0","0","0"
"L21907","DEFAULT_URL_FACTORY","hudson.FilePath.DEFAULT_URL_FACTORY;Lhudson/FilePath$UrlFactory;","L5511","L103","C:\GIT\pris2\SourceMeter\Guille\jenkins-jenkins-2.328\core\src\main\java\hudson\FilePath.java","3246","5","3246","76","0","0","0","0","0","0","0","0","0","0","0","0","0","0","0","0","0","0","0","0","0","0","0","0"
"L21913","urlFactory","hudson.FilePath.urlFactory;Lhudson/FilePath$UrlFactory;","L5511","L103","C:\GIT\pris2\SourceMeter\Guille\jenkins-jenkins-2.328\core\src\main\java\hudson\FilePath.java","3255","5","3255","35","0","0","0","0","0","0","0","0","0","0","0","0","0","0","0","0","0","0","0","0","0","0","0","0"
"L21975","serialVersionUID","hudson.FilePath.serialVersionUID;J","L5511","L103","C:\GIT\pris2\SourceMeter\Guille\jenkins-jenkins-2.328\core\src\main\java\hudson\FilePath.java","3457","5","3457","53","0","0","0","0","0","0","0","0","0","0","0","0","0","0","0","0","0","0","0","0","0","0","0","0"
"L20813","SIDE_BUFFER_SIZE","hudson.FilePath.SIDE_BUFFER_SIZE;I","L5511","L103","C:\GIT\pris2\SourceMeter\Guille\jenkins-jenkins-2.328\core\src\main\java\hudson\FilePath.java","3459","5","3461","53","0","0","0","0","0","0","0","0","0","0","0","0","0","0","0","0","0","0","0","0","0","0","0","0"
"L20701","LOGGER","hudson.FilePath.LOGGER;Ljava/util/logging/Logger;","L5511","L103","C:\GIT\pris2\SourceMeter\Guille\jenkins-jenkins-2.328\core\src\main\java\hudson\FilePath.java","3463","5","3463","85","0","0","0","0","0","0","0","0","0","0","0","0","0","0","0","0","0","0","0","0","0","0","0","0"
"L21889","SHORTER_STRING_FIRST","hudson.FilePath.SHORTER_STRING_FIRST;Ljava/util/Comparator;","L5511","L103","C:\GIT\pris2\SourceMeter\Guille\jenkins-jenkins-2.328\core\src\main\java\hudson\FilePath.java","3526","5","3526","108","0","0","0","0","0","0","0","0","0","0","0","0","0","0","0","0","0","0","0","0","0","0","0","0"
"L22027","threadPoolForRemoting","hudson.FilePath.threadPoolForRemoting;Ljava/util/concurrent/ExecutorService;","L5511","L103","C:\GIT\pris2\SourceMeter\Guille\jenkins-jenkins-2.328\core\src\main\java\hudson\FilePath.java","3572","5","3576","16","0","0","0","0","0","0","0","0","0","0","0","0","0","0","0","0","0","0","0","0","0","0","0","0"
"L12437","localChannel","hudson.FilePath.localChannel;LLocalChannel;","L5511","L103","C:\GIT\pris2\SourceMeter\Guille\jenkins-jenkins-2.328\core\src\main\java\hudson\FilePath.java","3582","5","3583","93","0","0","0","0","0","0","0","0","0","0","0","0","0","0","0","0","0","0","0","0","0","0","0","0"
"L22114","DEFAULT","hudson.FileSystemProvisioner.DEFAULT;Lhudson/FileSystemProvisioner;","L22090","L103","C:\GIT\pris2\SourceMeter\Guille\jenkins-jenkins-2.328\core\src\main\java\hudson\FileSystemProvisioner.java","51","5","51","71","0","0","0","0","0","0","0","0","0","0","0","0","0","0","0","0","0","0","0","0","0","0","0","0"
"L22133","iota","hudson.Functions.iota;Ljava/util/concurrent/atomic/AtomicLong;","L13292","L103","C:\GIT\pris2\SourceMeter\Guille\jenkins-jenkins-2.328\core\src\main\java\hudson\Functions.java","187","5","187","61","0","0","0","0","0","0","0","0","0","0","0","0","0","0","0","0","0","0","0","0","0","0","0","0"
"L22137","LOGGER","hudson.Functions.LOGGER;Ljava/util/logging/Logger;","L13292","L103","C:\GIT\pris2\SourceMeter\Guille\jenkins-jenkins-2.328\core\src\main\java\hudson\Functions.java","188","5","188","80","0","0","0","0","0","0","0","0","0","0","0","0","0","0","0","0","0","0","0","0","0","0","0","0"
"L22138","UI_REFRESH","hudson.Functions.UI_REFRESH;Z","L13292","L103","C:\GIT\pris2\SourceMeter\Guille\jenkins-jenkins-2.328\core\src\main\java\hudson\Functions.java","190","5","192","106","0","0","0","0","0","0","0","0","0","0","0","0","0","0","0","0","0","0","0","0","0","0","0","0"
"L22364","ICON_SIZE","hudson.Functions.ICON_SIZE;Ljava/util/regex/Pattern;","L13292","L103","C:\GIT\pris2\SourceMeter\Guille\jenkins-jenkins-2.328\core\src\main\java\hudson\Functions.java","622","5","622","75","0","0","0","0","0","0","0","0","0","0","0","0","0","0","0","0","0","0","0","0","0","0","0","0"
"L22372","DEBUG_YUI","hudson.Functions.DEBUG_YUI;Z","L13292","L103","C:\GIT\pris2\SourceMeter\Guille\jenkins-jenkins-2.328\core\src\main\java\hudson\Functions.java","642","5","643","80","0","0","0","0","0","0","0","0","0","0","0","0","0","0","0","0","0","0","0","0","0","0","0","0"
"L22313","formatter","hudson.Functions.formatter;Ljava/util/logging/SimpleFormatter;","L13292","L103","C:\GIT\pris2\SourceMeter\Guille\jenkins-jenkins-2.328\core\src\main\java\hudson\Functions.java","672","5","672","76","0","0","0","0","0","0","0","0","0","0","0","0","0","0","0","0","0","0","0","0","0","0","0","0"
"L22504","footerURL","hudson.Functions.footerURL;Ljava/lang/String;","L13292","L103","C:\GIT\pris2\SourceMeter\Guille\jenkins-jenkins-2.328\core\src\main\java\hudson\Functions.java","937","5","937","44","0","0","0","0","0","0","0","0","0","0","0","0","0","0","0","0","0","0","0","0","0","0","0","0"
"L23022","LINE_END","hudson.Functions.LINE_END;Ljava/util/regex/Pattern;","L13292","L103","C:\GIT\pris2\SourceMeter\Guille\jenkins-jenkins-2.328\core\src\main\java\hudson\Functions.java","1767","5","1767","70","0","0","0","0","0","0","0","0","0","0","0","0","0","0","0","0","0","0","0","0","0","0","0","0"
"L23712","listener","hudson.Launcher.listener;Lhudson/model/TaskListener;","L4181","L103","C:\GIT\pris2\SourceMeter\Guille\jenkins-jenkins-2.328\core\src\main\java\hudson\Launcher.java","93","5","94","43","0","0","0","0","0","0","0","0","0","0","0","0","0","0","0","0","0","0","0","0","0","0","0","0"
"L23713","channel","hudson.Launcher.channel;LVirtualChannel;","L4181","L103","C:\GIT\pris2\SourceMeter\Guille\jenkins-jenkins-2.328\core\src\main\java\hudson\Launcher.java","96","5","97","44","0","0","0","0","0","0","0","0","0","0","0","0","0","0","0","0","0","0","0","0","0","0","0","0"
"L23714","envVarsFilterRuleWrapper","hudson.Launcher.envVarsFilterRuleWrapper;Ljenkins/tasks/filters/EnvVarsFilterRuleWrapper;","L4181","L103","C:\GIT\pris2\SourceMeter\Guille\jenkins-jenkins-2.328\core\src\main\java\hudson\Launcher.java","99","5","100","65","0","0","0","0","0","0","0","0","0","0","0","0","0","0","0","0","0","0","0","0","0","0","0","0"
"L23971","showFullPath","hudson.Launcher.showFullPath;Z","L4181","L103","C:\GIT\pris2\SourceMeter\Guille\jenkins-jenkins-2.328\core\src\main\java\hudson\Launcher.java","1512","5","1513","48","0","0","0","0","0","0","0","0","0","0","0","0","0","0","0","0","0","0","0","0","0","0","0","0"
"L23763","NULL_INPUT_STREAM","hudson.Launcher.NULL_INPUT_STREAM;LNullInputStream;","L4181","L103","C:\GIT\pris2\SourceMeter\Guille\jenkins-jenkins-2.328\core\src\main\java\hudson\Launcher.java","1515","5","1515","85","0","0","0","0","0","0","0","0","0","0","0","0","0","0","0","0","0","0","0","0","0","0","0","0"
"L23855","LOGGER","hudson.Launcher.LOGGER;Ljava/util/logging/Logger;","L4181","L103","C:\GIT\pris2\SourceMeter\Guille\jenkins-jenkins-2.328\core\src\main\java\hudson\Launcher.java","1517","5","1517","85","0","0","0","0","0","0","0","0","0","0","0","0","0","0","0","0","0","0","0","0","0","0","0","0"
"L24577","LOGGER","hudson.LocalPluginManager.LOGGER;Ljava/util/logging/Logger;","L24557","L103","C:\GIT\pris2\SourceMeter\Guille\jenkins-jenkins-2.328\core\src\main\java\hudson\LocalPluginManager.java","82","5","82","95","0","0","0","0","0","0","0","0","0","0","0","0","0","0","0","0","0","0","0","0","0","0","0","0"
"L25124","data","hudson.Lookup.data;Ljava/util/concurrent/ConcurrentHashMap;","L25121","L103","C:\GIT\pris2\SourceMeter\Guille\jenkins-jenkins-2.328\core\src\main\java\hudson\Lookup.java","35","5","35","85","0","0","0","0","0","0","0","0","0","0","0","0","0","0","0","0","0","0","0","0","0","0","0","0"
"L19158","isUnitTest","hudson.Main.isUnitTest;Z","L25145","L103","C:\GIT\pris2\SourceMeter\Guille\jenkins-jenkins-2.328\core\src\main\java\hudson\Main.java","221","5","222","46","0","0","0","0","0","0","0","0","0","0","0","0","0","0","0","0","0","0","0","0","0","0","0","0"
"L19666","isDevelopmentMode","hudson.Main.isDevelopmentMode;Z","L25145","L103","C:\GIT\pris2\SourceMeter\Guille\jenkins-jenkins-2.328\core\src\main\java\hudson\Main.java","228","5","229","114","0","0","0","0","0","0","0","0","0","0","0","0","0","0","0","0","0","0","0","0","0","0","0","0"
"L25184","TIMEOUT","hudson.Main.TIMEOUT;I","L25145","L103","C:\GIT\pris2\SourceMeter\Guille\jenkins-jenkins-2.328\core\src\main\java\hudson\Main.java","234","5","234","109","0","0","0","0","0","0","0","0","0","0","0","0","0","0","0","0","0","0","0","0","0","0","0","0"
"L25311","text","hudson.MarkupText.text;Ljava/lang/String;","L17275","L103","C:\GIT\pris2\SourceMeter\Guille\jenkins-jenkins-2.328\core\src\main\java\hudson\MarkupText.java","44","5","44","31","0","0","0","0","0","0","0","0","0","0","0","0","0","0","0","0","0","0","0","0","0","0","0","0"
"L25312","tags","hudson.MarkupText.tags;Ljava/util/List;","L17275","L103","C:\GIT\pris2\SourceMeter\Guille\jenkins-jenkins-2.328\core\src\main\java\hudson\MarkupText.java","49","5","49","54","0","0","0","0","0","0","0","0","0","0","0","0","0","0","0","0","0","0","0","0","0","0","0","0"
"L44394","WINDOWS","hudson.Platform.WINDOWS;Lhudson/Platform;","L19505","L103","C:\GIT\pris2\SourceMeter\Guille\jenkins-jenkins-2.328\core\src\main\java\hudson\Platform.java","40","5","40","17","0","0","0","0","0","0","0","0","0","0","0","0","0","0","0","0","0","0","0","0","0","0","0","0"
"L44392","UNIX","hudson.Platform.UNIX;Lhudson/Platform;","L19505","L103","C:\GIT\pris2\SourceMeter\Guille\jenkins-jenkins-2.328\core\src\main\java\hudson\Platform.java","40","19","40","28","0","0","0","0","0","0","0","0","0","0","0","0","0","0","0","0","0","0","0","0","0","0","0","0"
"L19528","pathSeparator","hudson.Platform.pathSeparator;C","L19505","L103","C:\GIT\pris2\SourceMeter\Guille\jenkins-jenkins-2.328\core\src\main\java\hudson\Platform.java","48","5","48","37","0","0","0","0","0","0","0","0","0","0","0","0","0","0","0","0","0","0","0","0","0","0","0","0"
"L50255","LOGGER","hudson.Plugin.LOGGER;Ljava/util/logging/Logger;","L17560","L103","C:\GIT\pris2\SourceMeter\Guille\jenkins-jenkins-2.328\core\src\main\java\hudson\Plugin.java","89","5","89","83","0","0","0","0","0","0","0","0","0","0","0","0","0","0","0","0","0","0","0","0","0","0","0","0"
"L50258","wrapper","hudson.Plugin.wrapper;Lhudson/PluginWrapper;","L17560","L103","C:\GIT\pris2\SourceMeter\Guille\jenkins-jenkins-2.328\core\src\main\java\hudson\Plugin.java","112","17","112","49","0","0","0","0","0","0","0","0","0","0","0","0","0","0","0","0","0","0","0","0","0","0","0","0"
"L50297","SKIP_PERMISSION_CHECK","hudson.Plugin.SKIP_PERMISSION_CHECK;Z","L17560","L103","C:\GIT\pris2\SourceMeter\Guille\jenkins-jenkins-2.328\core\src\main\java\hudson\Plugin.java","313","5","315","160","0","0","0","0","0","0","0","0","0","0","0","0","0","0","0","0","0","0","0","0","0","0","0","0"
"L50303","urls","hudson.PluginFirstClassLoader.urls;Ljava/util/List;","L17486","L103","C:\GIT\pris2\SourceMeter\Guille\jenkins-jenkins-2.328\core\src\main\java\hudson\PluginFirstClassLoader.java","50","5","50","59","0","0","0","0","0","0","0","0","0","0","0","0","0","0","0","0","0","0","0","0","0","0","0","0"
"L50354","CUSTOM_PLUGIN_MANAGER","hudson.PluginManager.CUSTOM_PLUGIN_MANAGER;Ljava/lang/String;","L3333","L103","C:\GIT\pris2\SourceMeter\Guille\jenkins-jenkins-2.328\core\src\main\java\hudson\PluginManager.java","192","5","192","101","0","0","0","0","0","0","0","0","0","0","0","0","0","0","0","0","0","0","0","0","0","0","0","0"
"L50356","LOGGER","hudson.PluginManager.LOGGER;Ljava/util/logging/Logger;","L3333","L103","C:\GIT\pris2\SourceMeter\Guille\jenkins-jenkins-2.328\core\src\main\java\hudson\PluginManager.java","194","5","194","90","0","0","0","0","0","0","0","0","0","0","0","0","0","0","0","0","0","0","0","0","0","0","0","0"
"L50357","CHECK_UPDATE_SLEEP_TIME_MILLIS","hudson.PluginManager.CHECK_UPDATE_SLEEP_TIME_MILLIS;I","L3333","L103","C:\GIT\pris2\SourceMeter\Guille\jenkins-jenkins-2.328\core\src\main\java\hudson\PluginManager.java","199","25","199","67","0","0","0","0","0","0","0","0","0","0","0","0","0","0","0","0","0","0","0","0","0","0","0","0"
"L50360","CHECK_UPDATE_ATTEMPTS","hudson.PluginManager.CHECK_UPDATE_ATTEMPTS;I","L3333","L103","C:\GIT\pris2\SourceMeter\Guille\jenkins-jenkins-2.328\core\src\main\java\hudson\PluginManager.java","204","25","204","58","0","0","0","0","0","0","0","0","0","0","0","0","0","0","0","0","0","0","0","0","0","0","0","0"
"L50418","plugins","hudson.PluginManager.plugins;Ljava/util/List;","L3333","L103","C:\GIT\pris2\SourceMeter\Guille\jenkins-jenkins-2.328\core\src\main\java\hudson\PluginManager.java","291","5","291","80","0","0","0","0","0","0","0","0","0","0","0","0","0","0","0","0","0","0","0","0","0","0","0","0"
"L50423","activePlugins","hudson.PluginManager.activePlugins;Ljava/util/List;","L3333","L103","C:\GIT\pris2\SourceMeter\Guille\jenkins-jenkins-2.328\core\src\main\java\hudson\PluginManager.java","296","5","296","86","0","0","0","0","0","0","0","0","0","0","0","0","0","0","0","0","0","0","0","0","0","0","0","0"
"L50425","failedPlugins","hudson.PluginManager.failedPlugins;Ljava/util/List;","L3333","L103","C:\GIT\pris2\SourceMeter\Guille\jenkins-jenkins-2.328\core\src\main\java\hudson\PluginManager.java","298","5","298","74","0","0","0","0","0","0","0","0","0","0","0","0","0","0","0","0","0","0","0","0","0","0","0","0"
"L3760","rootDir","hudson.PluginManager.rootDir;Ljava/io/File;","L3333","L103","C:\GIT\pris2\SourceMeter\Guille\jenkins-jenkins-2.328\core\src\main\java\hudson\PluginManager.java","303","5","303","31","0","0","0","0","0","0","0","0","0","0","0","0","0","0","0","0","0","0","0","0","0","0","0","0"
"L50436","lastErrorCheckUpdateCenters","hudson.PluginManager.lastErrorCheckUpdateCenters;Ljava/lang/String;","L3333","L103","C:\GIT\pris2\SourceMeter\Guille\jenkins-jenkins-2.328\core\src\main\java\hudson\PluginManager.java","309","5","309","55","0","0","0","0","0","0","0","0","0","0","0","0","0","0","0","0","0","0","0","0","0","0","0","0"
"L50438","workDir","hudson.PluginManager.workDir;Ljava/io/File;","L3333","L103","C:\GIT\pris2\SourceMeter\Guille\jenkins-jenkins-2.328\core\src\main\java\hudson\PluginManager.java","315","5","316","32","0","0","0","0","0","0","0","0","0","0","0","0","0","0","0","0","0","0","0","0","0","0","0","0"
"L17567","context","hudson.PluginManager.context;Ljavax/servlet/ServletContext;","L3333","L103","C:\GIT\pris2\SourceMeter\Guille\jenkins-jenkins-2.328\core\src\main\java\hudson\PluginManager.java","323","5","324","41","0","0","0","0","0","0","0","0","0","0","0","0","0","0","0","0","0","0","0","0","0","0","0","0"
"L2337","uberClassLoader","hudson.PluginManager.uberClassLoader;Ljava/lang/ClassLoader;","L3333","L103","C:\GIT\pris2\SourceMeter\Guille\jenkins-jenkins-2.328\core\src\main\java\hudson\PluginManager.java","333","5","333","83","0","0","0","0","0","0","0","0","0","0","0","0","0","0","0","0","0","0","0","0","0","0","0","0"
"L41975","pluginUploaded","hudson.PluginManager.pluginUploaded;Z","L3333","L103","C:\GIT\pris2\SourceMeter\Guille\jenkins-jenkins-2.328\core\src\main\java\hudson\PluginManager.java","340","5","340","52","0","0","0","0","0","0","0","0","0","0","0","0","0","0","0","0","0","0","0","0","0","0","0","0"
"L50449","pluginListed","hudson.PluginManager.pluginListed;Z","L3333","L103","C:\GIT\pris2\SourceMeter\Guille\jenkins-jenkins-2.328\core\src\main\java\hudson\PluginManager.java","348","5","348","42","0","0","0","0","0","0","0","0","0","0","0","0","0","0","0","0","0","0","0","0","0","0","0","0"
"L50451","strategy","hudson.PluginManager.strategy;Lhudson/PluginStrategy;","L3333","L103","C:\GIT\pris2\SourceMeter\Guille\jenkins-jenkins-2.328\core\src\main\java\hudson\PluginManager.java","353","5","353","43","0","0","0","0","0","0","0","0","0","0","0","0","0","0","0","0","0","0","0","0","0","0","0","0"
"L17653","FAST_LOOKUP","hudson.PluginManager.FAST_LOOKUP;Z","L3333","L103","C:\GIT\pris2\SourceMeter\Guille\jenkins-jenkins-2.328\core\src\main\java\hudson\PluginManager.java","2266","5","2267","119","0","0","0","0","0","0","0","0","0","0","0","0","0","0","0","0","0","0","0","0","0","0","0","0"
"L51082","UPLOAD_PLUGINS","hudson.PluginManager.UPLOAD_PLUGINS;Lhudson/security/Permission;","L3333","L103","C:\GIT\pris2\SourceMeter\Guille\jenkins-jenkins-2.328\core\src\main\java\hudson\PluginManager.java","2270","5","2271","214","0","0","0","0","0","0","0","0","0","0","0","0","0","0","0","0","0","0","0","0","0","0","0","0"
"L51086","CONFIGURE_UPDATECENTER","hudson.PluginManager.CONFIGURE_UPDATECENTER;Lhudson/security/Permission;","L3333","L103","C:\GIT\pris2\SourceMeter\Guille\jenkins-jenkins-2.328\core\src\main\java\hudson\PluginManager.java","2274","5","2275","238","0","0","0","0","0","0","0","0","0","0","0","0","0","0","0","0","0","0","0","0","0","0","0","0"
"L51187","SKIP_PERMISSION_CHECK","hudson.PluginManager.SKIP_PERMISSION_CHECK;Z","L3333","L103","C:\GIT\pris2\SourceMeter\Guille\jenkins-jenkins-2.328\core\src\main\java\hudson\PluginManager.java","2489","5","2491","167","0","0","0","0","0","0","0","0","0","0","0","0","0","0","0","0","0","0","0","0","0","0","0","0"
"L51226","ENABLE_PLUGIN_DEPENDENCIES_VERSION_CHECK","hudson.PluginWrapper.ENABLE_PLUGIN_DEPENDENCIES_VERSION_CHECK;Z","L3221","L103","C:\GIT\pris2\SourceMeter\Guille\jenkins-jenkins-2.328\core\src\main\java\hudson\PluginWrapper.java","122","5","122","200","0","0","0","0","0","0","0","0","0","0","0","0","0","0","0","0","0","0","0","0","0","0","0","0"
"L51230","parent","hudson.PluginWrapper.parent;Lhudson/PluginManager;","L3221","L103","C:\GIT\pris2\SourceMeter\Guille\jenkins-jenkins-2.328\core\src\main\java\hudson\PluginWrapper.java","127","5","127","39","0","0","0","0","0","0","0","0","0","0","0","0","0","0","0","0","0","0","0","0","0","0","0","0"
"L51232","manifest","hudson.PluginWrapper.manifest;Ljava/util/jar/Manifest;","L3221","L103","C:\GIT\pris2\SourceMeter\Guille\jenkins-jenkins-2.328\core\src\main\java\hudson\PluginWrapper.java","133","5","133","37","0","0","0","0","0","0","0","0","0","0","0","0","0","0","0","0","0","0","0","0","0","0","0","0"
"L17549","classLoader","hudson.PluginWrapper.classLoader;Ljava/lang/ClassLoader;","L3221","L103","C:\GIT\pris2\SourceMeter\Guille\jenkins-jenkins-2.328\core\src\main\java\hudson\PluginWrapper.java","139","5","139","42","0","0","0","0","0","0","0","0","0","0","0","0","0","0","0","0","0","0","0","0","0","0","0","0"
"L50284","baseResourceURL","hudson.PluginWrapper.baseResourceURL;Ljava/net/URL;","L3221","L103","C:\GIT\pris2\SourceMeter\Guille\jenkins-jenkins-2.328\core\src\main\java\hudson\PluginWrapper.java","146","5","146","38","0","0","0","0","0","0","0","0","0","0","0","0","0","0","0","0","0","0","0","0","0","0","0","0"
"L51236","disableFile","hudson.PluginWrapper.disableFile;Ljava/io/File;","L3221","L103","C:\GIT\pris2\SourceMeter\Guille\jenkins-jenkins-2.328\core\src\main\java\hudson\PluginWrapper.java","152","5","152","36","0","0","0","0","0","0","0","0","0","0","0","0","0","0","0","0","0","0","0","0","0","0","0","0"
"L51238","archive","hudson.PluginWrapper.archive;Ljava/io/File;","L3221","L103","C:\GIT\pris2\SourceMeter\Guille\jenkins-jenkins-2.328\core\src\main\java\hudson\PluginWrapper.java","157","5","157","32","0","0","0","0","0","0","0","0","0","0","0","0","0","0","0","0","0","0","0","0","0","0","0","0"
"L51240","shortName","hudson.PluginWrapper.shortName;Ljava/lang/String;","L3221","L103","C:\GIT\pris2\SourceMeter\Guille\jenkins-jenkins-2.328\core\src\main\java\hudson\PluginWrapper.java","165","5","165","36","0","0","0","0","0","0","0","0","0","0","0","0","0","0","0","0","0","0","0","0","0","0","0","0"
"L51242","active","hudson.PluginWrapper.active;Z","L3221","L103","C:\GIT\pris2\SourceMeter\Guille\jenkins-jenkins-2.328\core\src\main\java\hudson\PluginWrapper.java","171","5","171","34","0","0","0","0","0","0","0","0","0","0","0","0","0","0","0","0","0","0","0","0","0","0","0","0"
"L51244","hasCycleDependency","hudson.PluginWrapper.hasCycleDependency;Z","L3221","L103","C:\GIT\pris2\SourceMeter\Guille\jenkins-jenkins-2.328\core\src\main\java\hudson\PluginWrapper.java","173","5","173","48","0","0","0","0","0","0","0","0","0","0","0","0","0","0","0","0","0","0","0","0","0","0","0","0"
"L51245","dependencies","hudson.PluginWrapper.dependencies;Ljava/util/List;","L3221","L103","C:\GIT\pris2\SourceMeter\Guille\jenkins-jenkins-2.328\core\src\main\java\hudson\PluginWrapper.java","175","5","175","49","0","0","0","0","0","0","0","0","0","0","0","0","0","0","0","0","0","0","0","0","0","0","0","0"
"L51246","optionalDependencies","hudson.PluginWrapper.optionalDependencies;Ljava/util/List;","L3221","L103","C:\GIT\pris2\SourceMeter\Guille\jenkins-jenkins-2.328\core\src\main\java\hudson\PluginWrapper.java","176","5","176","57","0","0","0","0","0","0","0","0","0","0","0","0","0","0","0","0","0","0","0","0","0","0","0","0"
"L51248","dependencyErrors","hudson.PluginWrapper.dependencyErrors;Ljava/util/Map;","L3221","L103","C:\GIT\pris2\SourceMeter\Guille\jenkins-jenkins-2.328\core\src\main\java\hudson\PluginWrapper.java","206","5","206","86","0","0","0","0","0","0","0","0","0","0","0","0","0","0","0","0","0","0","0","0","0","0","0","0"
"L50501","isBundled","hudson.PluginWrapper.isBundled;Z","L3221","L103","C:\GIT\pris2\SourceMeter\Guille\jenkins-jenkins-2.328\core\src\main\java\hudson\PluginWrapper.java","211","17","211","35","0","0","0","0","0","0","0","0","0","0","0","0","0","0","0","0","0","0","0","0","0","0","0","0"
"L51281","dependents","hudson.PluginWrapper.dependents;Ljava/util/Set;","L3221","L103","C:\GIT\pris2\SourceMeter\Guille\jenkins-jenkins-2.328\core\src\main\java\hudson\PluginWrapper.java","216","5","216","61","0","0","0","0","0","0","0","0","0","0","0","0","0","0","0","0","0","0","0","0","0","0","0","0"
"L51283","optionalDependents","hudson.PluginWrapper.optionalDependents;Ljava/util/Set;","L3221","L103","C:\GIT\pris2\SourceMeter\Guille\jenkins-jenkins-2.328\core\src\main\java\hudson\PluginWrapper.java","221","5","221","69","0","0","0","0","0","0","0","0","0","0","0","0","0","0","0","0","0","0","0","0","0","0","0","0"
"L51285","CORE_ONLY_DEPENDANT","hudson.PluginWrapper.CORE_ONLY_DEPENDANT;Ljava/util/Set;","L3221","L103","C:\GIT\pris2\SourceMeter\Guille\jenkins-jenkins-2.328\core\src\main\java\hudson\PluginWrapper.java","227","5","227","92","0","0","0","0","0","0","0","0","0","0","0","0","0","0","0","0","0","0","0","0","0","0","0","0"
"L51445","NOTICE","hudson.PluginWrapper.NOTICE;Lhudson/PluginWrapper$PluginWrapperAdministrativeMonitor;","L3221","L103","C:\GIT\pris2\SourceMeter\Guille\jenkins-jenkins-2.328\core\src\main\java\hudson\PluginWrapper.java","1202","5","1203","110","0","0","0","0","0","0","0","0","0","0","0","0","0","0","0","0","0","0","0","0","0","0","0","0"
"L51337","LOGGER","hudson.PluginWrapper.LOGGER;Ljava/util/logging/Logger;","L3221","L103","C:\GIT\pris2\SourceMeter\Guille\jenkins-jenkins-2.328\core\src\main\java\hudson\PluginWrapper.java","1433","5","1433","90","0","0","0","0","0","0","0","0","0","0","0","0","0","0","0","0","0","0","0","0","0","0","0","0"
"L17416","MANIFEST_FILENAME","hudson.PluginWrapper.MANIFEST_FILENAME;Ljava/lang/String;","L3221","L103","C:\GIT\pris2\SourceMeter\Guille\jenkins-jenkins-2.328\core\src\main\java\hudson\PluginWrapper.java","1438","5","1438","75","0","0","0","0","0","0","0","0","0","0","0","0","0","0","0","0","0","0","0","0","0","0","0","0"
"L51580","executor","hudson.Proc.executor;Ljava/util/concurrent/ExecutorService;","L4435","L103","C:\GIT\pris2\SourceMeter\Guille\jenkins-jenkins-2.328\core\src\main\java\hudson\Proc.java","144","5","144","224","0","0","0","0","0","0","0","0","0","0","0","0","0","0","0","0","0","0","0","0","0","0","0","0"
"L51687","LOGGER","hudson.Proc.LOGGER;Ljava/util/logging/Logger;","L4435","L103","C:\GIT\pris2\SourceMeter\Guille\jenkins-jenkins-2.328\core\src\main\java\hudson\Proc.java","504","5","504","81","0","0","0","0","0","0","0","0","0","0","0","0","0","0","0","0","0","0","0","0","0","0","0","0"
"L51683","SHOW_PID","hudson.Proc.SHOW_PID;Z","L4435","L103","C:\GIT\pris2\SourceMeter\Guille\jenkins-jenkins-2.328\core\src\main\java\hudson\Proc.java","508","5","509","44","0","0","0","0","0","0","0","0","0","0","0","0","0","0","0","0","0","0","0","0","0","0","0","0"
"L51728","DEFAULT_CONNECT_TIMEOUT_MILLIS","hudson.ProxyConfiguration.DEFAULT_CONNECT_TIMEOUT_MILLIS;I","L50885","L103","C:\GIT\pris2\SourceMeter\Guille\jenkins-jenkins-2.328\core\src\main\java\hudson\ProxyConfiguration.java","93","5","93","188","0","0","0","0","0","0","0","0","0","0","0","0","0","0","0","0","0","0","0","0","0","0","0","0"
"L50888","name","hudson.ProxyConfiguration.name;Ljava/lang/String;","L50885","L103","C:\GIT\pris2\SourceMeter\Guille\jenkins-jenkins-2.328\core\src\main\java\hudson\ProxyConfiguration.java","95","5","95","30","0","0","0","0","0","0","0","0","0","0","0","0","0","0","0","0","0","0","0","0","0","0","0","0"
"L51730","port","hudson.ProxyConfiguration.port;I","L50885","L103","C:\GIT\pris2\SourceMeter\Guille\jenkins-jenkins-2.328\core\src\main\java\hudson\ProxyConfiguration.java","96","5","96","27","0","0","0","0","0","0","0","0","0","0","0","0","0","0","0","0","0","0","0","0","0","0","0","0"
"L51731","userName","hudson.ProxyConfiguration.userName;Ljava/lang/String;","L50885","L103","C:\GIT\pris2\SourceMeter\Guille\jenkins-jenkins-2.328\core\src\main\java\hudson\ProxyConfiguration.java","101","5","101","29","0","0","0","0","0","0","0","0","0","0","0","0","0","0","0","0","0","0","0","0","0","0","0","0"
"L51733","noProxyHost","hudson.ProxyConfiguration.noProxyHost;Ljava/lang/String;","L50885","L103","C:\GIT\pris2\SourceMeter\Guille\jenkins-jenkins-2.328\core\src\main\java\hudson\ProxyConfiguration.java","108","5","109","31","0","0","0","0","0","0","0","0","0","0","0","0","0","0","0","0","0","0","0","0","0","0","0","0"
"L51735","password","hudson.ProxyConfiguration.password;Ljava/lang/String;","L50885","L103","C:\GIT\pris2\SourceMeter\Guille\jenkins-jenkins-2.328\core\src\main\java\hudson\ProxyConfiguration.java","111","5","112","29","0","0","0","0","0","0","0","0","0","0","0","0","0","0","0","0","0","0","0","0","0","0","0","0"
"L51736","secretPassword","hudson.ProxyConfiguration.secretPassword;Lhudson/util/Secret;","L50885","L103","C:\GIT\pris2\SourceMeter\Guille\jenkins-jenkins-2.328\core\src\main\java\hudson\ProxyConfiguration.java","117","5","117","35","0","0","0","0","0","0","0","0","0","0","0","0","0","0","0","0","0","0","0","0","0","0","0","0"
"L51738","testUrl","hudson.ProxyConfiguration.testUrl;Ljava/lang/String;","L50885","L103","C:\GIT\pris2\SourceMeter\Guille\jenkins-jenkins-2.328\core\src\main\java\hudson\ProxyConfiguration.java","119","5","119","28","0","0","0","0","0","0","0","0","0","0","0","0","0","0","0","0","0","0","0","0","0","0","0","0"
"L51739","authenticator","hudson.ProxyConfiguration.authenticator;Ljava/net/Authenticator;","L50885","L103","C:\GIT\pris2\SourceMeter\Guille\jenkins-jenkins-2.328\core\src\main\java\hudson\ProxyConfiguration.java","121","5","121","51","0","0","0","0","0","0","0","0","0","0","0","0","0","0","0","0","0","0","0","0","0","0","0","0"
"L51743","authCacheSeeded","hudson.ProxyConfiguration.authCacheSeeded;Z","L50885","L103","C:\GIT\pris2\SourceMeter\Guille\jenkins-jenkins-2.328\core\src\main\java\hudson\ProxyConfiguration.java","123","5","123","47","0","0","0","0","0","0","0","0","0","0","0","0","0","0","0","0","0","0","0","0","0","0","0","0"
"L51845","XSTREAM","hudson.ProxyConfiguration.XSTREAM;LXStream;","L50885","L103","C:\GIT\pris2\SourceMeter\Guille\jenkins-jenkins-2.328\core\src\main\java\hudson\ProxyConfiguration.java","393","5","393","59","0","0","0","0","0","0","0","0","0","0","0","0","0","0","0","0","0","0","0","0","0","0","0","0"
"L51880","serialVersionUID","hudson.ProxyConfiguration.serialVersionUID;J","L50885","L103","C:\GIT\pris2\SourceMeter\Guille\jenkins-jenkins-2.328\core\src\main\java\hudson\ProxyConfiguration.java","395","5","395","53","0","0","0","0","0","0","0","0","0","0","0","0","0","0","0","0","0","0","0","0","0","0","0","0"
"L51908","config","hudson.ResponseHeaderFilter.config;Ljavax/servlet/FilterConfig;","L51905","L103","C:\GIT\pris2\SourceMeter\Guille\jenkins-jenkins-2.328\core\src\main\java\hudson\ResponseHeaderFilter.java","81","5","81","33","0","0","0","0","0","0","0","0","0","0","0","0","0","0","0","0","0","0","0","0","0","0","0","0"
"L60998","serverSocket","hudson.TcpSlaveAgentListener.serverSocket;Ljava/nio/channels/ServerSocketChannel;","L60996","L103","C:\GIT\pris2\SourceMeter\Guille\jenkins-jenkins-2.328\core\src\main\java\hudson\TcpSlaveAgentListener.java","84","5","84","52","0","0","0","0","0","0","0","0","0","0","0","0","0","0","0","0","0","0","0","0","0","0","0","0"
"L61002","shuttingDown","hudson.TcpSlaveAgentListener.shuttingDown;Z","L60996","L103","C:\GIT\pris2\SourceMeter\Guille\jenkins-jenkins-2.328\core\src\main\java\hudson\TcpSlaveAgentListener.java","85","5","85","43","0","0","0","0","0","0","0","0","0","0","0","0","0","0","0","0","0","0","0","0","0","0","0","0"
"L61003","configuredPort","hudson.TcpSlaveAgentListener.configuredPort;I","L60996","L103","C:\GIT\pris2\SourceMeter\Guille\jenkins-jenkins-2.328\core\src\main\java\hudson\TcpSlaveAgentListener.java","87","5","87","37","0","0","0","0","0","0","0","0","0","0","0","0","0","0","0","0","0","0","0","0","0","0","0","0"
"L61102","iotaGen","hudson.TcpSlaveAgentListener.iotaGen;I","L60996","L103","C:\GIT\pris2\SourceMeter\Guille\jenkins-jenkins-2.328\core\src\main\java\hudson\TcpSlaveAgentListener.java","532","5","532","36","0","0","0","0","0","0","0","0","0","0","0","0","0","0","0","0","0","0","0","0","0","0","0","0"
"L61023","LOGGER","hudson.TcpSlaveAgentListener.LOGGER;Ljava/util/logging/Logger;","L60996","L103","C:\GIT\pris2\SourceMeter\Guille\jenkins-jenkins-2.328\core\src\main\java\hudson\TcpSlaveAgentListener.java","534","5","534","98","0","0","0","0","0","0","0","0","0","0","0","0","0","0","0","0","0","0","0","0","0","0","0","0"
"L61038","CLI_HOST_NAME","hudson.TcpSlaveAgentListener.CLI_HOST_NAME;Ljava/lang/String;","L60996","L103","C:\GIT\pris2\SourceMeter\Guille\jenkins-jenkins-2.328\core\src\main\java\hudson\TcpSlaveAgentListener.java","543","5","545","122","0","0","0","0","0","0","0","0","0","0","0","0","0","0","0","0","0","0","0","0","0","0","0","0"
"L61034","CLI_PORT","hudson.TcpSlaveAgentListener.CLI_PORT;Ljava/lang/Integer;","L60996","L103","C:\GIT\pris2\SourceMeter\Guille\jenkins-jenkins-2.328\core\src\main\java\hudson\TcpSlaveAgentListener.java","557","5","559","115","0","0","0","0","0","0","0","0","0","0","0","0","0","0","0","0","0","0","0","0","0","0","0","0"
"L62652","ONE_SECOND_MS","hudson.Util.ONE_SECOND_MS;J","L29091","L103","C:\GIT\pris2\SourceMeter\Guille\jenkins-jenkins-2.328\core\src\main\java\hudson\Util.java","130","5","130","52","0","0","0","0","0","0","0","0","0","0","0","0","0","0","0","0","0","0","0","0","0","0","0","0"
"L62654","ONE_MINUTE_MS","hudson.Util.ONE_MINUTE_MS;J","L29091","L103","C:\GIT\pris2\SourceMeter\Guille\jenkins-jenkins-2.328\core\src\main\java\hudson\Util.java","131","5","131","66","0","0","0","0","0","0","0","0","0","0","0","0","0","0","0","0","0","0","0","0","0","0","0","0"
"L62656","ONE_HOUR_MS","hudson.Util.ONE_HOUR_MS;J","L29091","L103","C:\GIT\pris2\SourceMeter\Guille\jenkins-jenkins-2.328\core\src\main\java\hudson\Util.java","132","5","132","64","0","0","0","0","0","0","0","0","0","0","0","0","0","0","0","0","0","0","0","0","0","0","0","0"
"L62658","ONE_DAY_MS","hudson.Util.ONE_DAY_MS;J","L29091","L103","C:\GIT\pris2\SourceMeter\Guille\jenkins-jenkins-2.328\core\src\main\java\hudson\Util.java","133","5","133","61","0","0","0","0","0","0","0","0","0","0","0","0","0","0","0","0","0","0","0","0","0","0","0","0"
"L62660","ONE_MONTH_MS","hudson.Util.ONE_MONTH_MS;J","L29091","L103","C:\GIT\pris2\SourceMeter\Guille\jenkins-jenkins-2.328\core\src\main\java\hudson\Util.java","134","5","134","62","0","0","0","0","0","0","0","0","0","0","0","0","0","0","0","0","0","0","0","0","0","0","0","0"
"L62662","ONE_YEAR_MS","hudson.Util.ONE_YEAR_MS;J","L29091","L103","C:\GIT\pris2\SourceMeter\Guille\jenkins-jenkins-2.328\core\src\main\java\hudson\Util.java","135","5","135","62","0","0","0","0","0","0","0","0","0","0","0","0","0","0","0","0","0","0","0","0","0","0","0","0"
"L62678","VARIABLE","hudson.Util.VARIABLE;Ljava/util/regex/Pattern;","L29091","L103","C:\GIT\pris2\SourceMeter\Guille\jenkins-jenkins-2.328\core\src\main\java\hudson\Util.java","162","5","162","108","0","0","0","0","0","0","0","0","0","0","0","0","0","0","0","0","0","0","0","0","0","0","0","0"
"L62747","errorCodeParser","hudson.Util.errorCodeParser;Ljava/util/regex/Pattern;","L29091","L103","C:\GIT\pris2\SourceMeter\Guille\jenkins-jenkins-2.328\core\src\main\java\hudson\Util.java","433","5","433","105","0","0","0","0","0","0","0","0","0","0","0","0","0","0","0","0","0","0","0","0","0","0","0","0"
"L62859","uriMap","hudson.Util.uriMap;[Z","L29091","L103","C:\GIT\pris2\SourceMeter\Guille\jenkins-jenkins-2.328\core\src\main\java\hudson\Util.java","876","5","876","62","0","0","0","0","0","0","0","0","0","0","0","0","0","0","0","0","0","0","0","0","0","0","0","0"
"L62862","fullUriMap","hudson.Util.fullUriMap;[Z","L29091","L103","C:\GIT\pris2\SourceMeter\Guille\jenkins-jenkins-2.328\core\src\main\java\hudson\Util.java","892","5","892","66","0","0","0","0","0","0","0","0","0","0","0","0","0","0","0","0","0","0","0","0","0","0","0","0"
"L62987","warnedSymlinks","hudson.Util.warnedSymlinks;Ljava/util/concurrent/atomic/AtomicBoolean;","L29091","L103","C:\GIT\pris2\SourceMeter\Guille\jenkins-jenkins-2.328\core\src\main\java\hudson\Util.java","1381","5","1381","77","0","0","0","0","0","0","0","0","0","0","0","0","0","0","0","0","0","0","0","0","0","0","0","0"
"L22161","XS_DATETIME_FORMATTER","hudson.Util.XS_DATETIME_FORMATTER;LFastDateFormat;","L29091","L103","C:\GIT\pris2\SourceMeter\Guille\jenkins-jenkins-2.328\core\src\main\java\hudson\Util.java","1826","5","1826","149","0","0","0","0","0","0","0","0","0","0","0","0","0","0","0","0","0","0","0","0","0","0","0","0"
"L22178","RFC822_DATETIME_FORMATTER","hudson.Util.RFC822_DATETIME_FORMATTER;LFastDateFormat;","L29091","L103","C:\GIT\pris2\SourceMeter\Guille\jenkins-jenkins-2.328\core\src\main\java\hudson\Util.java","1829","5","1830","84","0","0","0","0","0","0","0","0","0","0","0","0","0","0","0","0","0","0","0","0","0","0","0","0"
"L62762","LOGGER","hudson.Util.LOGGER;Ljava/util/logging/Logger;","L29091","L103","C:\GIT\pris2\SourceMeter\Guille\jenkins-jenkins-2.328\core\src\main\java\hudson\Util.java","1832","5","1832","81","0","0","0","0","0","0","0","0","0","0","0","0","0","0","0","0","0","0","0","0","0","0","0","0"
"L63122","NO_SYMLINK","hudson.Util.NO_SYMLINK;Z","L29091","L103","C:\GIT\pris2\SourceMeter\Guille\jenkins-jenkins-2.328\core\src\main\java\hudson\Util.java","1837","5","1837","105","0","0","0","0","0","0","0","0","0","0","0","0","0","0","0","0","0","0","0","0","0","0","0","0"
"L63124","SYMLINK_ESCAPEHATCH","hudson.Util.SYMLINK_ESCAPEHATCH;Z","L29091","L103","C:\GIT\pris2\SourceMeter\Guille\jenkins-jenkins-2.328\core\src\main\java\hudson\Util.java","1839","5","1839","123","0","0","0","0","0","0","0","0","0","0","0","0","0","0","0","0","0","0","0","0","0","0","0","0"
"L63125","DELETION_RETRIES","hudson.Util.DELETION_RETRIES;I","L29091","L103","C:\GIT\pris2\SourceMeter\Guille\jenkins-jenkins-2.328\core\src\main\java\hudson\Util.java","1855","5","1856","129","0","0","0","0","0","0","0","0","0","0","0","0","0","0","0","0","0","0","0","0","0","0","0","0"
"L63127","WAIT_BETWEEN_DELETION_RETRIES","hudson.Util.WAIT_BETWEEN_DELETION_RETRIES;I","L29091","L103","C:\GIT\pris2\SourceMeter\Guille\jenkins-jenkins-2.328\core\src\main\java\hudson\Util.java","1867","5","1868","126","0","0","0","0","0","0","0","0","0","0","0","0","0","0","0","0","0","0","0","0","0","0","0","0"
"L63129","GC_AFTER_FAILED_DELETE","hudson.Util.GC_AFTER_FAILED_DELETE;Z","L29091","L103","C:\GIT\pris2\SourceMeter\Guille\jenkins-jenkins-2.328\core\src\main\java\hudson\Util.java","1891","5","1892","124","0","0","0","0","0","0","0","0","0","0","0","0","0","0","0","0","0","0","0","0","0","0","0","0"
"L63414","FORCE_SESSION_TRACKING_BY_COOKIE_PROP","hudson.WebAppMain.FORCE_SESSION_TRACKING_BY_COOKIE_PROP;Ljava/lang/String;","L16744","L103","C:\GIT\pris2\SourceMeter\Guille\jenkins-jenkins-2.328\core\src\main\java\hudson\WebAppMain.java","107","5","108","133","0","0","0","0","0","0","0","0","0","0","0","0","0","0","0","0","0","0","0","0","0","0","0","0"
"L63416","handler","hudson.WebAppMain.handler;Lhudson/util/RingBufferLogHandler;","L16744","L103","C:\GIT\pris2\SourceMeter\Guille\jenkins-jenkins-2.328\core\src\main\java\hudson\WebAppMain.java","110","5","117","7","0","0","0","0","0","0","0","0","0","0","0","0","0","0","0","0","0","0","0","0","0","0","0","0"
"L63426","APP","hudson.WebAppMain.APP;Ljava/lang/String;","L16744","L103","C:\GIT\pris2\SourceMeter\Guille\jenkins-jenkins-2.328\core\src\main\java\hudson\WebAppMain.java","131","5","131","45","0","0","0","0","0","0","0","0","0","0","0","0","0","0","0","0","0","0","0","0","0","0","0","0"
"L63427","terminated","hudson.WebAppMain.terminated;Z","L16744","L103","C:\GIT\pris2\SourceMeter\Guille\jenkins-jenkins-2.328\core\src\main\java\hudson\WebAppMain.java","132","5","132","32","0","0","0","0","0","0","0","0","0","0","0","0","0","0","0","0","0","0","0","0","0","0","0","0"
"L63428","initThread","hudson.WebAppMain.initThread;Ljava/lang/Thread;","L16744","L103","C:\GIT\pris2\SourceMeter\Guille\jenkins-jenkins-2.328\core\src\main\java\hudson\WebAppMain.java","133","5","133","31","0","0","0","0","0","0","0","0","0","0","0","0","0","0","0","0","0","0","0","0","0","0","0","0"
"L63435","LOGGER","hudson.WebAppMain.LOGGER;Ljava/util/logging/Logger;","L16744","L103","C:\GIT\pris2\SourceMeter\Guille\jenkins-jenkins-2.328\core\src\main\java\hudson\WebAppMain.java","398","5","398","87","0","0","0","0","0","0","0","0","0","0","0","0","0","0","0","0","0","0","0","0","0","0","0","0"
"L63507","HOME_NAMES","hudson.WebAppMain.HOME_NAMES;[Ljava/lang/String;","L16744","L103","C:\GIT\pris2\SourceMeter\Guille\jenkins-jenkins-2.328\core\src\main\java\hudson\WebAppMain.java","406","5","406","80","0","0","0","0","0","0","0","0","0","0","0","0","0","0","0","0","0","0","0","0","0","0","0","0"
"L63742","xs","hudson.XmlFile.xs;LXStream;","L19108","L103","C:\GIT\pris2\SourceMeter\Guille\jenkins-jenkins-2.328\core\src\main\java\hudson\XmlFile.java","123","5","123","30","0","0","0","0","0","0","0","0","0","0","0","0","0","0","0","0","0","0","0","0","0","0","0","0"
"L63743","file","hudson.XmlFile.file;Ljava/io/File;","L19108","L103","C:\GIT\pris2\SourceMeter\Guille\jenkins-jenkins-2.328\core\src\main\java\hudson\XmlFile.java","124","5","124","29","0","0","0","0","0","0","0","0","0","0","0","0","0","0","0","0","0","0","0","0","0","0","0","0"
"L63744","force","hudson.XmlFile.force;Z","L19108","L103","C:\GIT\pris2\SourceMeter\Guille\jenkins-jenkins-2.328\core\src\main\java\hudson\XmlFile.java","125","5","125","33","0","0","0","0","0","0","0","0","0","0","0","0","0","0","0","0","0","0","0","0","0","0","0","0"
"L63745","beingWritten","hudson.XmlFile.beingWritten;Ljava/util/Map;","L19108","L103","C:\GIT\pris2\SourceMeter\Guille\jenkins-jenkins-2.328\core\src\main\java\hudson\XmlFile.java","126","5","126","112","0","0","0","0","0","0","0","0","0","0","0","0","0","0","0","0","0","0","0","0","0","0","0","0"
"L63758","writing","hudson.XmlFile.writing;Ljava/lang/ThreadLocal;","L19108","L103","C:\GIT\pris2\SourceMeter\Guille\jenkins-jenkins-2.328\core\src\main\java\hudson\XmlFile.java","127","5","127","74","0","0","0","0","0","0","0","0","0","0","0","0","0","0","0","0","0","0","0","0","0","0","0","0"
"L63777","LOGGER","hudson.XmlFile.LOGGER;Ljava/util/logging/Logger;","L19108","L103","C:\GIT\pris2\SourceMeter\Guille\jenkins-jenkins-2.328\core\src\main\java\hudson\XmlFile.java","380","5","380","84","0","0","0","0","0","0","0","0","0","0","0","0","0","0","0","0","0","0","0","0","0","0","0","0"
"L63787","DEFAULT_DRIVER","hudson.XmlFile.DEFAULT_DRIVER;LHierarchicalStreamDriver;","L19108","L103","C:\GIT\pris2\SourceMeter\Guille\jenkins-jenkins-2.328\core\src\main\java\hudson\XmlFile.java","382","5","382","96","0","0","0","0","0","0","0","0","0","0","0","0","0","0","0","0","0","0","0","0","0","0","0","0"
"L63763","DEFAULT_XSTREAM","hudson.XmlFile.DEFAULT_XSTREAM;LXStream;","L19108","L103","C:\GIT\pris2\SourceMeter\Guille\jenkins-jenkins-2.328\core\src\main\java\hudson\XmlFile.java","384","5","384","81","0","0","0","0","0","0","0","0","0","0","0","0","0","0","0","0","0","0","0","0","0","0","0","0"
"L16060","french","hudson.ChannelRule.french;LChannel;","L16047","L103","C:\GIT\pris2\SourceMeter\Guille\jenkins-jenkins-2.328\core\src\test\java\hudson\ChannelRule.java","24","5","24","27","0","0","0","0","0","0","0","0","0","0","0","0","0","0","0","0","0","0","0","0","0","0","0","0"
"L63887","british","hudson.ChannelRule.british;LChannel;","L16047","L103","C:\GIT\pris2\SourceMeter\Guille\jenkins-jenkins-2.328\core\src\test\java\hudson\ChannelRule.java","25","5","25","28","0","0","0","0","0","0","0","0","0","0","0","0","0","0","0","0","0","0","0","0","0","0","0","0"
"L63888","executors","hudson.ChannelRule.executors;Ljava/util/concurrent/ExecutorService;","L16047","L103","C:\GIT\pris2\SourceMeter\Guille\jenkins-jenkins-2.328\core\src\test\java\hudson\ChannelRule.java","26","5","26","39","0","0","0","0","0","0","0","0","0","0","0","0","0","0","0","0","0","0","0","0","0","0","0","0"
"L63933","channels","hudson.FilePathTest.channels;Lhudson/ChannelRule;","L63930","L103","C:\GIT\pris2\SourceMeter\Guille\jenkins-jenkins-2.328\core\src\test\java\hudson\FilePathTest.java","96","5","96","59","0","0","0","0","0","0","0","0","0","0","0","0","0","0","0","0","0","0","0","0","0","0","0","0"
"L63934","temp","hudson.FilePathTest.temp;LTemporaryFolder;","L63930","L103","C:\GIT\pris2\SourceMeter\Guille\jenkins-jenkins-2.328\core\src\test\java\hudson\FilePathTest.java","97","5","97","63","0","0","0","0","0","0","0","0","0","0","0","0","0","0","0","0","0","0","0","0","0","0","0","0"
"L64216","channels","hudson.LauncherTest.channels;Lhudson/ChannelRule;","L64214","L103","C:\GIT\pris2\SourceMeter\Guille\jenkins-jenkins-2.328\core\src\test\java\hudson\LauncherTest.java","50","5","50","59","0","0","0","0","0","0","0","0","0","0","0","0","0","0","0","0","0","0","0","0","0","0","0","0"
"L64217","temp","hudson.LauncherTest.temp;LTemporaryFolder;","L64214","L103","C:\GIT\pris2\SourceMeter\Guille\jenkins-jenkins-2.328\core\src\test\java\hudson\LauncherTest.java","51","5","51","63","0","0","0","0","0","0","0","0","0","0","0","0","0","0","0","0","0","0","0","0","0","0","0","0"
"L64241","pattern","hudson.MarkupTextTest.pattern;Ljava/util/regex/Pattern;","L64235","L103","C:\GIT\pris2\SourceMeter\Guille\jenkins-jenkins-2.328\core\src\test\java\hudson\MarkupTextTest.java","130","5","130","79","0","0","0","0","0","0","0","0","0","0","0","0","0","0","0","0","0","0","0","0","0","0","0","0"
"L64256","tmp","hudson.PluginManagerTest.tmp;Ljava/nio/file/Path;","L64253","L103","C:\GIT\pris2\SourceMeter\Guille\jenkins-jenkins-2.328\core\src\test\java\hudson\PluginManagerTest.java","58","5","58","23","0","0","0","0","0","0","0","0","0","0","0","0","0","0","0","0","0","0","0","0","0","0","0","0"
"L64273","SAMPLE_MANIFEST_FILE","hudson.PluginManagerTest.SAMPLE_MANIFEST_FILE;Ljava/lang/String;","L64253","L103","C:\GIT\pris2\SourceMeter\Guille\jenkins-jenkins-2.328\core\src\test\java\hudson\PluginManagerTest.java","126","5","148","39","0","0","0","0","0","0","0","0","0","0","0","0","0","0","0","0","0","0","0","0","0","0","0","0"
"L64282","loc","hudson.PluginWrapperTest.loc;Ljava/util/Locale;","L64280","L103","C:\GIT\pris2\SourceMeter\Guille\jenkins-jenkins-2.328\core\src\test\java\hudson\PluginWrapperTest.java","38","5","38","31","0","0","0","0","0","0","0","0","0","0","0","0","0","0","0","0","0","0","0","0","0","0","0","0"
"L64330","plugins","hudson.PluginWrapperTest.plugins;Ljava/util/HashMap;","L64280","L103","C:\GIT\pris2\SourceMeter\Guille\jenkins-jenkins-2.328\core\src\test\java\hudson\PluginWrapperTest.java","147","5","147","76","0","0","0","0","0","0","0","0","0","0","0","0","0","0","0","0","0","0","0","0","0","0","0","0"
"L64332","pm","hudson.PluginWrapperTest.pm;Lhudson/PluginManager;","L64280","L103","C:\GIT\pris2\SourceMeter\Guille\jenkins-jenkins-2.328\core\src\test\java\hudson\PluginWrapperTest.java","148","5","148","64","0","0","0","0","0","0","0","0","0","0","0","0","0","0","0","0","0","0","0","0","0","0","0","0"
"L64368","tmp","hudson.RemoveWindowsDirectoryJunctionTest.tmp;LTemporaryFolder;","L64366","L103","C:\GIT\pris2\SourceMeter\Guille\jenkins-jenkins-2.328\core\src\test\java\hudson\RemoveWindowsDirectoryJunctionTest.java","23","5","24","56","0","0","0","0","0","0","0","0","0","0","0","0","0","0","0","0","0","0","0","0","0","0","0","0"
"L64376","tmp","hudson.UtilTest.tmp;LTemporaryFolder;","L64373","L103","C:\GIT\pris2\SourceMeter\Guille\jenkins-jenkins-2.328\core\src\test\java\hudson\UtilTest.java","74","5","74","62","0","0","0","0","0","0","0","0","0","0","0","0","0","0","0","0","0","0","0","0","0","0","0","0"
"L64484","j","hudson.AboutJenkinsTest.j;LJenkinsRule;","L64482","L103","C:\GIT\pris2\SourceMeter\Guille\jenkins-jenkins-2.328\test\src\test\java\hudson\AboutJenkinsTest.java","45","5","46","46","0","0","0","0","0","0","0","0","0","0","0","0","0","0","0","0","0","0","0","0","0","0","0","0"
"L64489","j","hudson.AbstractItemSecurity1114Test.j;LJenkinsRule;","L64487","L103","C:\GIT\pris2\SourceMeter\Guille\jenkins-jenkins-2.328\test\src\test\java\hudson\AbstractItemSecurity1114Test.java","23","5","24","46","0","0","0","0","0","0","0","0","0","0","0","0","0","0","0","0","0","0","0","0","0","0","0","0"
"L64555","j","hudson.ClassicPluginStrategyTest.j;LJenkinsRule;","L64552","L103","C:\GIT\pris2\SourceMeter\Guille\jenkins-jenkins-2.328\test\src\test\java\hudson\ClassicPluginStrategyTest.java","54","5","76","7","0","0","0","0","0","0","0","0","0","0","0","0","0","0","0","0","0","0","0","0","0","0","0","0"
"L64588","r","hudson.CustomPluginManagerTest.r;LJenkinsRule;","L64585","L103","C:\GIT\pris2\SourceMeter\Guille\jenkins-jenkins-2.328\test\src\test\java\hudson\CustomPluginManagerTest.java","49","5","49","58","0","0","0","0","0","0","0","0","0","0","0","0","0","0","0","0","0","0","0","0","0","0","0","0"
"L64650","j","hudson.ExceptionTest.j;LJenkinsRule;","L64647","L103","C:\GIT\pris2\SourceMeter\Guille\jenkins-jenkins-2.328\test\src\test\java\hudson\ExceptionTest.java","19","5","19","52","0","0","0","0","0","0","0","0","0","0","0","0","0","0","0","0","0","0","0","0","0","0","0","0"
"L64660","r","hudson.ExtensionFinderTest.r;LJenkinsRule;","L64657","L103","C:\GIT\pris2\SourceMeter\Guille\jenkins-jenkins-2.328\test\src\test\java\hudson\ExtensionFinderTest.java","53","5","54","46","0","0","0","0","0","0","0","0","0","0","0","0","0","0","0","0","0","0","0","0","0","0","0","0"
"L64730","r","hudson.ExtensionListListenerTest.r;LJenkinsRule;","L64727","L103","C:\GIT\pris2\SourceMeter\Guille\jenkins-jenkins-2.328\test\src\test\java\hudson\ExtensionListListenerTest.java","38","5","39","63","0","0","0","0","0","0","0","0","0","0","0","0","0","0","0","0","0","0","0","0","0","0","0","0"
"L64751","j","hudson.ExtensionListTest.j;LJenkinsRule;","L64748","L103","C:\GIT\pris2\SourceMeter\Guille\jenkins-jenkins-2.328\test\src\test\java\hudson\ExtensionListTest.java","27","5","28","46","0","0","0","0","0","0","0","0","0","0","0","0","0","0","0","0","0","0","0","0","0","0","0","0"
"L64858","mazda","hudson.ExtensionListTest.mazda;Lhudson/ExtensionListTest$Car;","L64748","L103","C:\GIT\pris2\SourceMeter\Guille\jenkins-jenkins-2.328\test\src\test\java\hudson\ExtensionListTest.java","195","5","196","54","0","0","0","0","0","0","0","0","0","0","0","0","0","0","0","0","0","0","0","0","0","0","0","0"
"L64872","r","hudson.FilePathTest.r;LJenkinsRule;","L64870","L103","C:\GIT\pris2\SourceMeter\Guille\jenkins-jenkins-2.328\test\src\test\java\hudson\FilePathTest.java","49","5","50","46","0","0","0","0","0","0","0","0","0","0","0","0","0","0","0","0","0","0","0","0","0","0","0","0"
"L64892","j","hudson.HtmlEscapeTest.j;LJenkinsRule;","L64889","L103","C:\GIT\pris2\SourceMeter\Guille\jenkins-jenkins-2.328\test\src\test\java\hudson\HtmlEscapeTest.java","20","5","20","52","0","0","0","0","0","0","0","0","0","0","0","0","0","0","0","0","0","0","0","0","0","0","0","0"
"L64921","rule","hudson.LauncherTest.rule;LJenkinsRule;","L64919","L103","C:\GIT\pris2\SourceMeter\Guille\jenkins-jenkins-2.328\test\src\test\java\hudson\LauncherTest.java","73","5","74","49","0","0","0","0","0","0","0","0","0","0","0","0","0","0","0","0","0","0","0","0","0","0","0","0"
"L65065","j","hudson.PluginManagerCheckUpdateCenterTest.j;LJenkinsRule;","L65063","L103","C:\GIT\pris2\SourceMeter\Guille\jenkins-jenkins-2.328\test\src\test\java\hudson\PluginManagerCheckUpdateCenterTest.java","37","5","38","46","0","0","0","0","0","0","0","0","0","0","0","0","0","0","0","0","0","0","0","0","0","0","0","0"
"L65066","logging","hudson.PluginManagerCheckUpdateCenterTest.logging;LLoggerRule;","L65063","L103","C:\GIT\pris2\SourceMeter\Guille\jenkins-jenkins-2.328\test\src\test\java\hudson\PluginManagerCheckUpdateCenterTest.java","40","5","41","50","0","0","0","0","0","0","0","0","0","0","0","0","0","0","0","0","0","0","0","0","0","0","0","0"
"L65118","jenkinsRule","hudson.PluginManagerInstalledGUITest.jenkinsRule;LJenkinsRule;","L65115","L103","C:\GIT\pris2\SourceMeter\Guille\jenkins-jenkins-2.328\test\src\test\java\hudson\PluginManagerInstalledGUITest.java","53","5","76","7","0","0","0","0","0","0","0","0","0","0","0","0","0","0","0","0","0","0","0","0","0","0","0","0"
"L65188","r","hudson.PluginManagerTest.r;LJenkinsRule;","L65185","L103","C:\GIT\pris2\SourceMeter\Guille\jenkins-jenkins-2.328\test\src\test\java\hudson\PluginManagerTest.java","85","5","85","69","0","0","0","0","0","0","0","0","0","0","0","0","0","0","0","0","0","0","0","0","0","0","0","0"
"L65189","tmp","hudson.PluginManagerTest.tmp;LTemporaryFolder;","L65185","L103","C:\GIT\pris2\SourceMeter\Guille\jenkins-jenkins-2.328\test\src\test\java\hudson\PluginManagerTest.java","86","5","86","62","0","0","0","0","0","0","0","0","0","0","0","0","0","0","0","0","0","0","0","0","0","0","0","0"
"L65331","r","hudson.PluginTest.r;LJenkinsRule;","L65329","L103","C:\GIT\pris2\SourceMeter\Guille\jenkins-jenkins-2.328\test\src\test\java\hudson\PluginTest.java","42","5","42","52","0","0","0","0","0","0","0","0","0","0","0","0","0","0","0","0","0","0","0","0","0","0","0","0"
"L65338","rule","hudson.ProcStarterTest.rule;LJenkinsRule;","L65335","L103","C:\GIT\pris2\SourceMeter\Guille\jenkins-jenkins-2.328\test\src\test\java\hudson\ProcStarterTest.java","54","5","55","49","0","0","0","0","0","0","0","0","0","0","0","0","0","0","0","0","0","0","0","0","0","0","0","0"
"L65407","j","hudson.ProcTest.j;LJenkinsRule;","L65404","L103","C:\GIT\pris2\SourceMeter\Guille\jenkins-jenkins-2.328\test\src\test\java\hudson\ProcTest.java","33","5","34","46","0","0","0","0","0","0","0","0","0","0","0","0","0","0","0","0","0","0","0","0","0","0","0","0"
"L65434","j","hudson.RelativePathTest.j;LJenkinsRule;","L65432","L103","C:\GIT\pris2\SourceMeter\Guille\jenkins-jenkins-2.328\test\src\test\java\hudson\RelativePathTest.java","23","5","23","52","0","0","0","0","0","0","0","0","0","0","0","0","0","0","0","0","0","0","0","0","0","0","0","0"
"L65476","r","hudson.TcpSlaveAgentListenerTest.r;LJenkinsRule;","L65474","L103","C:\GIT\pris2\SourceMeter\Guille\jenkins-jenkins-2.328\test\src\test\java\hudson\TcpSlaveAgentListenerTest.java","20","5","21","46","0","0","0","0","0","0","0","0","0","0","0","0","0","0","0","0","0","0","0","0","0","0","0","0"
"L65482","j","hudson.XMLFileTest.j;LJenkinsRule;","L65480","L103","C:\GIT\pris2\SourceMeter\Guille\jenkins-jenkins-2.328\test\src\test\java\hudson\XMLFileTest.java","16","5","17","46","0","0","0","0","0","0","0","0","0","0","0","0","0","0","0","0","0","0","0","0","0","0","0","0"
"L65792","LOGGER","jenkins.DailyCheck.LOGGER;Ljava/util/logging/Logger;","L65790","L103","C:\GIT\pris2\SourceMeter\Guille\jenkins-jenkins-2.328\core\src\main\java\jenkins\DailyCheck.java","55","5","55","87","0","0","0","0","0","0","0","0","0","0","0","0","0","0","0","0","0","0","0","0","0","0","0","0"
"L2874","EMPTY","jenkins.ExtensionComponentSet.EMPTY;Ljenkins/ExtensionComponentSet;","L2868","L103","C:\GIT\pris2\SourceMeter\Guille\jenkins-jenkins-2.328\core\src\main\java\jenkins\ExtensionComponentSet.java","82","5","87","7","0","0","0","0","0","0","0","0","0","0","0","0","0","0","0","0","0","0","0","0","0","0","0","0"
"L66248","TWICE_CPU_NUM","jenkins.InitReactorRunner.TWICE_CPU_NUM;I","L50710","L103","C:\GIT\pris2\SourceMeter\Guille\jenkins-jenkins-2.328\core\src\main\java\jenkins\InitReactorRunner.java","114","5","116","61","0","0","0","0","0","0","0","0","0","0","0","0","0","0","0","0","0","0","0","0","0","0","0","0"
"L66263","LOGGER","jenkins.InitReactorRunner.LOGGER;Ljava/util/logging/Logger;","L50710","L103","C:\GIT\pris2\SourceMeter\Guille\jenkins-jenkins-2.328\core\src\main\java\jenkins\InitReactorRunner.java","118","5","118","94","0","0","0","0","0","0","0","0","0","0","0","0","0","0","0","0","0","0","0","0","0","0","0","0"
"L66889","LOGGER","jenkins.JenkinsHttpSessionListener.LOGGER;Ljava/util/logging/Logger;","L66883","L103","C:\GIT\pris2\SourceMeter\Guille\jenkins-jenkins-2.328\core\src\main\java\jenkins\JenkinsHttpSessionListener.java","46","5","46","103","0","0","0","0","0","0","0","0","0","0","0","0","0","0","0","0","0","0","0","0","0","0","0","0"
"L67182","serialVersionUID","jenkins.MasterToSlaveFileCallable.serialVersionUID;J","L20552","L103","C:\GIT\pris2\SourceMeter\Guille\jenkins-jenkins-2.328\core\src\main\java\jenkins\MasterToSlaveFileCallable.java","25","5","25","53","0","0","0","0","0","0","0","0","0","0","0","0","0","0","0","0","0","0","0","0","0","0","0","0"
"L67189","LOGGER","jenkins.MetaLocaleDrivenResourceProvider.LOGGER;LLogger;","L67186","L103","C:\GIT\pris2\SourceMeter\Guille\jenkins-jenkins-2.328\core\src\main\java\jenkins\MetaLocaleDrivenResourceProvider.java","44","5","44","109","0","0","0","0","0","0","0","0","0","0","0","0","0","0","0","0","0","0","0","0","0","0","0","0"
"L67201","pluginShortName","jenkins.MissingDependencyException.pluginShortName;Ljava/lang/String;","L41825","L103","C:\GIT\pris2\SourceMeter\Guille\jenkins-jenkins-2.328\core\src\main\java\jenkins\MissingDependencyException.java","41","5","41","36","0","0","0","0","0","0","0","0","0","0","0","0","0","0","0","0","0","0","0","0","0","0","0","0"
"L67202","missingDependencies","jenkins.MissingDependencyException.missingDependencies;Ljava/util/List;","L41825","L103","C:\GIT\pris2\SourceMeter\Guille\jenkins-jenkins-2.328\core\src\main\java\jenkins\MissingDependencyException.java","42","5","42","50","0","0","0","0","0","0","0","0","0","0","0","0","0","0","0","0","0","0","0","0","0","0","0","0"
"L41968","message","jenkins.RestartRequiredException.message;LLocalizable;","L41962","L103","C:\GIT\pris2\SourceMeter\Guille\jenkins-jenkins-2.328\core\src\main\java\jenkins\RestartRequiredException.java","35","5","35","38","0","0","0","0","0","0","0","0","0","0","0","0","0","0","0","0","0","0","0","0","0","0","0","0"
"L79689","LOGGER","jenkins.SlaveToMasterFileCallable.LOGGER;Ljava/util/logging/Logger;","L78047","L103","C:\GIT\pris2\SourceMeter\Guille\jenkins-jenkins-2.328\core\src\main\java\jenkins\SlaveToMasterFileCallable.java","26","5","26","101","0","0","0","0","0","0","0","0","0","0","0","0","0","0","0","0","0","0","0","0","0","0","0","0"
"L79696","serialVersionUID","jenkins.SlaveToMasterFileCallable.serialVersionUID;J","L78047","L103","C:\GIT\pris2\SourceMeter\Guille\jenkins-jenkins-2.328\core\src\main\java\jenkins\SlaveToMasterFileCallable.java","45","5","45","53","0","0","0","0","0","0","0","0","0","0","0","0","0","0","0","0","0","0","0","0","0","0","0","0"
"L80851","DISABLED","jenkins.UserAgentURLConnectionDecorator.DISABLED;Z","L80847","L103","C:\GIT\pris2\SourceMeter\Guille\jenkins-jenkins-2.328\core\src\main\java\jenkins\UserAgentURLConnectionDecorator.java","47","5","47","157","0","0","0","0","0","0","0","0","0","0","0","0","0","0","0","0","0","0","0","0","0","0","0","0"
"L51391","YES","jenkins.YesNoMaybe.YES;Ljenkins/YesNoMaybe;","L19743","L103","C:\GIT\pris2\SourceMeter\Guille\jenkins-jenkins-2.328\core\src\main\java\jenkins\YesNoMaybe.java","38","5","38","8","0","0","0","0","0","0","0","0","0","0","0","0","0","0","0","0","0","0","0","0","0","0","0","0"
"L50678","NO","jenkins.YesNoMaybe.NO;Ljenkins/YesNoMaybe;","L19743","L103","C:\GIT\pris2\SourceMeter\Guille\jenkins-jenkins-2.328\core\src\main\java\jenkins\YesNoMaybe.java","39","5","39","7","0","0","0","0","0","0","0","0","0","0","0","0","0","0","0","0","0","0","0","0","0","0","0","0"
"L19746","MAYBE","jenkins.YesNoMaybe.MAYBE;Ljenkins/YesNoMaybe;","L19743","L103","C:\GIT\pris2\SourceMeter\Guille\jenkins-jenkins-2.328\core\src\main\java\jenkins\YesNoMaybe.java","40","5","40","10","0","0","0","0","0","0","0","0","0","0","0","0","0","0","0","0","0","0","0","0","0","0","0","0"
"L84133","j","jenkins.AgentProtocolTest.j;LJenkinsRule;","L84130","L103","C:\GIT\pris2\SourceMeter\Guille\jenkins-jenkins-2.328\test\src\test\java\jenkins\AgentProtocolTest.java","47","5","48","46","0","0","0","0","0","0","0","0","0","0","0","0","0","0","0","0","0","0","0","0","0","0","0","0"
"L84231","errors","jenkins.ClassPathTest.errors;LErrorCollector;","L84229","L103","C:\GIT\pris2\SourceMeter\Guille\jenkins-jenkins-2.328\test\src\test\java\jenkins\ClassPathTest.java","44","5","45","57","0","0","0","0","0","0","0","0","0","0","0","0","0","0","0","0","0","0","0","0","0","0","0","0"
"L84256","j","jenkins.ExtensionFilterTest.j;LJenkinsRule;","L84253","L103","C:\GIT\pris2\SourceMeter\Guille\jenkins-jenkins-2.328\test\src\test\java\jenkins\ExtensionFilterTest.java","21","5","22","46","0","0","0","0","0","0","0","0","0","0","0","0","0","0","0","0","0","0","0","0","0","0","0","0"
"L84270","jenkinsRule","jenkins.I18nTest.jenkinsRule;LJenkinsRule;","L84267","L103","C:\GIT\pris2\SourceMeter\Guille\jenkins-jenkins-2.328\test\src\test\java\jenkins\I18nTest.java","43","5","44","56","0","0","0","0","0","0","0","0","0","0","0","0","0","0","0","0","0","0","0","0","0","0","0","0"
"L87714","j","scripts.BehaviorTest.j;LJenkinsRule;","L87711","L103","C:\GIT\pris2\SourceMeter\Guille\jenkins-jenkins-2.328\test\src\test\java\scripts\BehaviorTest.java","46","5","46","52","0","0","0","0","0","0","0","0","0","0","0","0","0","0","0","0","0","0","0","0","0","0","0","0"
"L457","LOGGER","hudson.cli.CLI.LOGGER;Ljava/util/logging/Logger;","L336","L103","C:\GIT\pris2\SourceMeter\Guille\jenkins-jenkins-2.328\cli\src\main\java\hudson\cli\CLI.java","533","5","533","72","0","0","0","0","0","0","0","0","0","0","0","0","0","0","0","0","0","0","0","0","0","0","0","0"
"L711","PING_INTERVAL","hudson.cli.CLI.PING_INTERVAL;I","L336","L103","C:\GIT\pris2\SourceMeter\Guille\jenkins-jenkins-2.328\cli\src\main\java\hudson\cli\CLI.java","535","5","535","111","0","0","0","0","0","0","0","0","0","0","0","0","0","0","0","0","0","0","0","0","0","0","0","0"
"L613","authorization","hudson.cli.CLIConnectionFactory.authorization;Ljava/lang/String;","L553","L103","C:\GIT\pris2\SourceMeter\Guille\jenkins-jenkins-2.328\cli\src\main\java\hudson\cli\CLIConnectionFactory.java","12","5","12","26","0","0","0","0","0","0","0","0","0","0","0","0","0","0","0","0","0","0","0","0","0","0","0","0"
"L847","diagnoseFailure","hudson.cli.DiagnosedStreamCorruptionException.diagnoseFailure;Ljava/lang/Exception;","L841","L103","C:\GIT\pris2\SourceMeter\Guille\jenkins-jenkins-2.328\cli\src\main\java\hudson\cli\DiagnosedStreamCorruptionException.java","15","5","15","45","0","0","0","0","0","0","0","0","0","0","0","0","0","0","0","0","0","0","0","0","0","0","0","0"
"L848","readBack","hudson.cli.DiagnosedStreamCorruptionException.readBack;[B","L841","L103","C:\GIT\pris2\SourceMeter\Guille\jenkins-jenkins-2.328\cli\src\main\java\hudson\cli\DiagnosedStreamCorruptionException.java","16","5","16","35","0","0","0","0","0","0","0","0","0","0","0","0","0","0","0","0","0","0","0","0","0","0","0","0"
"L849","readAhead","hudson.cli.DiagnosedStreamCorruptionException.readAhead;[B","L841","L103","C:\GIT\pris2\SourceMeter\Guille\jenkins-jenkins-2.328\cli\src\main\java\hudson\cli\DiagnosedStreamCorruptionException.java","17","5","17","36","0","0","0","0","0","0","0","0","0","0","0","0","0","0","0","0","0","0","0","0","0","0","0","0"
"L902","BUFFER_SIZE","hudson.cli.FlightRecorderInputStream.BUFFER_SIZE;I","L899","L103","C:\GIT\pris2\SourceMeter\Guille\jenkins-jenkins-2.328\cli\src\main\java\hudson\cli\FlightRecorderInputStream.java","24","5","24","125","0","0","0","0","0","0","0","0","0","0","0","0","0","0","0","0","0","0","0","0","0","0","0","0"
"L904","source","hudson.cli.FlightRecorderInputStream.source;Ljava/io/InputStream;","L899","L103","C:\GIT\pris2\SourceMeter\Guille\jenkins-jenkins-2.328\cli\src\main\java\hudson\cli\FlightRecorderInputStream.java","26","5","26","38","0","0","0","0","0","0","0","0","0","0","0","0","0","0","0","0","0","0","0","0","0","0","0","0"
"L905","recorder","hudson.cli.FlightRecorderInputStream.recorder;Lhudson/cli/FlightRecorderInputStream$ByteArrayRingBuffer;","L899","L103","C:\GIT\pris2\SourceMeter\Guille\jenkins-jenkins-2.328\cli\src\main\java\hudson\cli\FlightRecorderInputStream.java","27","5","27","81","0","0","0","0","0","0","0","0","0","0","0","0","0","0","0","0","0","0","0","0","0","0","0","0"
"L1006","base","hudson.cli.FullDuplexHttpStream.base;Ljava/net/URL;","L676","L103","C:\GIT\pris2\SourceMeter\Guille\jenkins-jenkins-2.328\cli\src\main\java\hudson\cli\FullDuplexHttpStream.java","20","5","20","28","0","0","0","0","0","0","0","0","0","0","0","0","0","0","0","0","0","0","0","0","0","0","0","0"
"L1007","output","hudson.cli.FullDuplexHttpStream.output;Ljava/io/OutputStream;","L676","L103","C:\GIT\pris2\SourceMeter\Guille\jenkins-jenkins-2.328\cli\src\main\java\hudson\cli\FullDuplexHttpStream.java","22","5","22","39","0","0","0","0","0","0","0","0","0","0","0","0","0","0","0","0","0","0","0","0","0","0","0","0"
"L1008","input","hudson.cli.FullDuplexHttpStream.input;Ljava/io/InputStream;","L676","L103","C:\GIT\pris2\SourceMeter\Guille\jenkins-jenkins-2.328\cli\src\main\java\hudson\cli\FullDuplexHttpStream.java","23","5","23","37","0","0","0","0","0","0","0","0","0","0","0","0","0","0","0","0","0","0","0","0","0","0","0","0"
"L1062","BLOCK_SIZE","hudson.cli.FullDuplexHttpStream.BLOCK_SIZE;I","L676","L103","C:\GIT\pris2\SourceMeter\Guille\jenkins-jenkins-2.328\cli\src\main\java\hudson\cli\FullDuplexHttpStream.java","119","5","119","40","0","0","0","0","0","0","0","0","0","0","0","0","0","0","0","0","0","0","0","0","0","0","0","0"
"L531","LOGGER","hudson.cli.FullDuplexHttpStream.LOGGER;Ljava/util/logging/Logger;","L676","L103","C:\GIT\pris2\SourceMeter\Guille\jenkins-jenkins-2.328\cli\src\main\java\hudson\cli\FullDuplexHttpStream.java","120","5","120","89","0","0","0","0","0","0","0","0","0","0","0","0","0","0","0","0","0","0","0","0","0","0","0","0"
"L1067","CODE","hudson.cli.HexDump.CODE;Ljava/lang/String;","L1063","L103","C:\GIT\pris2\SourceMeter\Guille\jenkins-jenkins-2.328\cli\src\main\java\hudson\cli\HexDump.java","9","5","9","59","0","0","0","0","0","0","0","0","0","0","0","0","0","0","0","0","0","0","0","0","0","0","0","0"
"L533","LOGGER","hudson.cli.PlainCLIProtocol.LOGGER;Ljava/util/logging/Logger;","L630","L103","C:\GIT\pris2\SourceMeter\Guille\jenkins-jenkins-2.328\cli\src\main\java\hudson\cli\PlainCLIProtocol.java","52","5","52","85","0","0","0","0","0","0","0","0","0","0","0","0","0","0","0","0","0","0","0","0","0","0","0","0"
"L1319","privateKeys","hudson.cli.PrivateKeyProvider.privateKeys;Ljava/util/List;","L428","L103","C:\GIT\pris2\SourceMeter\Guille\jenkins-jenkins-2.328\cli\src\main\java\hudson\cli\PrivateKeyProvider.java","60","5","60","65","0","0","0","0","0","0","0","0","0","0","0","0","0","0","0","0","0","0","0","0","0","0","0","0"
"L1339","LOGGER","hudson.cli.PrivateKeyProvider.LOGGER;Ljava/util/logging/Logger;","L428","L103","C:\GIT\pris2\SourceMeter\Guille\jenkins-jenkins-2.328\cli\src\main\java\hudson\cli\PrivateKeyProvider.java","159","5","159","95","0","0","0","0","0","0","0","0","0","0","0","0","0","0","0","0","0","0","0","0","0","0","0","0"
"L1474","cliFactory","hudson.cli.CLIConnectionFactoryTest.cliFactory;Lhudson/cli/CLIConnectionFactory;","L1472","L103","C:\GIT\pris2\SourceMeter\Guille\jenkins-jenkins-2.328\cli\src\test\java\hudson\cli\CLIConnectionFactoryTest.java","9","5","9","37","0","0","0","0","0","0","0","0","0","0","0","0","0","0","0","0","0","0","0","0","0","0","0","0"
"L1492","<error>","hudson.cli.HexDumpTest.<error>;[ERROR]","L1479","L103","C:\GIT\pris2\SourceMeter\Guille\jenkins-jenkins-2.328\cli\src\test\java\hudson\cli\HexDumpTest.java","28","77","28","77","0","0","0","0","0","0","0","0","0","0","0","0","0","0","0","0","0","0","0","0","0","0","0","0"
"L1495","<error>","hudson.cli.HexDumpTest.<error>;[B","L1479","L103","C:\GIT\pris2\SourceMeter\Guille\jenkins-jenkins-2.328\cli\src\test\java\hudson\cli\HexDumpTest.java","29","43","29","50","0","0","0","0","0","0","0","0","0","0","0","0","0","0","0","0","0","0","0","0","0","0","0","0"
"L1497","<error>","hudson.cli.HexDumpTest.<error>;[ERROR]","L1479","L103","C:\GIT\pris2\SourceMeter\Guille\jenkins-jenkins-2.328\cli\src\test\java\hudson\cli\HexDumpTest.java","29","73","29","73","0","0","0","0","0","0","0","0","0","0","0","0","0","0","0","0","0","0","0","0","0","0","0","0"
"L1500","<error>","hudson.cli.HexDumpTest.<error>;[B","L1479","L103","C:\GIT\pris2\SourceMeter\Guille\jenkins-jenkins-2.328\cli\src\test\java\hudson\cli\HexDumpTest.java","30","48","30","55","0","0","0","0","0","0","0","0","0","0","0","0","0","0","0","0","0","0","0","0","0","0","0","0"
"L1501","<error>","hudson.cli.HexDumpTest.<error>;[ERROR]","L1479","L103","C:\GIT\pris2\SourceMeter\Guille\jenkins-jenkins-2.328\cli\src\test\java\hudson\cli\HexDumpTest.java","30","91","30","91","0","0","0","0","0","0","0","0","0","0","0","0","0","0","0","0","0","0","0","0","0","0","0","0"
"L1626","job","hudson.cli.AbstractBuildRangeCommand.job;Lhudson/model/AbstractProject;","L1615","L103","C:\GIT\pris2\SourceMeter\Guille\jenkins-jenkins-2.328\core\src\main\java\hudson\cli\AbstractBuildRangeCommand.java","18","5","19","38","0","0","0","0","0","0","0","0","0","0","0","0","0","0","0","0","0","0","0","0","0","0","0","0"
"L1633","range","hudson.cli.AbstractBuildRangeCommand.range;Ljava/lang/String;","L1615","L103","C:\GIT\pris2\SourceMeter\Guille\jenkins-jenkins-2.328\core\src\main\java\hudson\cli\AbstractBuildRangeCommand.java","21","5","22","25","0","0","0","0","0","0","0","0","0","0","0","0","0","0","0","0","0","0","0","0","0","0","0","0"
"L1662","view","hudson.cli.AddJobToViewCommand.view;Lhudson/model/View;","L1656","L103","C:\GIT\pris2\SourceMeter\Guille\jenkins-jenkins-2.328\core\src\main\java\hudson\cli\AddJobToViewCommand.java","41","5","42","23","0","0","0","0","0","0","0","0","0","0","0","0","0","0","0","0","0","0","0","0","0","0","0","0"
"L1666","jobs","hudson.cli.AddJobToViewCommand.jobs;Ljava/util/List;","L1656","L103","C:\GIT\pris2\SourceMeter\Guille\jenkins-jenkins-2.328\core\src\main\java\hudson\cli\AddJobToViewCommand.java","44","5","46","37","0","0","0","0","0","0","0","0","0","0","0","0","0","0","0","0","0","0","0","0","0","0","0","0"
"L1700","job","hudson.cli.BuildCommand.job;Lhudson/model/Job;","L1696","L103","C:\GIT\pris2\SourceMeter\Guille\jenkins-jenkins-2.328\core\src\main\java\hudson\cli\BuildCommand.java","74","5","75","26","0","0","0","0","0","0","0","0","0","0","0","0","0","0","0","0","0","0","0","0","0","0","0","0"
"L1707","follow","hudson.cli.BuildCommand.follow;Z","L1696","L103","C:\GIT\pris2\SourceMeter\Guille\jenkins-jenkins-2.328\core\src\main\java\hudson\cli\BuildCommand.java","77","5","78","35","0","0","0","0","0","0","0","0","0","0","0","0","0","0","0","0","0","0","0","0","0","0","0","0"
"L1708","sync","hudson.cli.BuildCommand.sync;Z","L1696","L103","C:\GIT\pris2\SourceMeter\Guille\jenkins-jenkins-2.328\core\src\main\java\hudson\cli\BuildCommand.java","80","5","81","33","0","0","0","0","0","0","0","0","0","0","0","0","0","0","0","0","0","0","0","0","0","0","0","0"
"L1709","wait","hudson.cli.BuildCommand.wait;Z","L1696","L103","C:\GIT\pris2\SourceMeter\Guille\jenkins-jenkins-2.328\core\src\main\java\hudson\cli\BuildCommand.java","83","5","84","33","0","0","0","0","0","0","0","0","0","0","0","0","0","0","0","0","0","0","0","0","0","0","0","0"
"L1710","checkSCM","hudson.cli.BuildCommand.checkSCM;Z","L1696","L103","C:\GIT\pris2\SourceMeter\Guille\jenkins-jenkins-2.328\core\src\main\java\hudson\cli\BuildCommand.java","86","5","87","37","0","0","0","0","0","0","0","0","0","0","0","0","0","0","0","0","0","0","0","0","0","0","0","0"
"L1711","parameters","hudson.cli.BuildCommand.parameters;Ljava/util/Map;","L1696","L103","C:\GIT\pris2\SourceMeter\Guille\jenkins-jenkins-2.328\core\src\main\java\hudson\cli\BuildCommand.java","89","5","90","61","0","0","0","0","0","0","0","0","0","0","0","0","0","0","0","0","0","0","0","0","0","0","0","0"
"L1721","consoleOutput","hudson.cli.BuildCommand.consoleOutput;Z","L1696","L103","C:\GIT\pris2\SourceMeter\Guille\jenkins-jenkins-2.328\core\src\main\java\hudson\cli\BuildCommand.java","92","5","93","42","0","0","0","0","0","0","0","0","0","0","0","0","0","0","0","0","0","0","0","0","0","0","0","0"
"L1722","retryCnt","hudson.cli.BuildCommand.retryCnt;I","L1696","L103","C:\GIT\pris2\SourceMeter\Guille\jenkins-jenkins-2.328\core\src\main\java\hudson\cli\BuildCommand.java","95","5","96","30","0","0","0","0","0","0","0","0","0","0","0","0","0","0","0","0","0","0","0","0","0","0","0","0"
"L1723","BUILD_SCHEDULING_REFUSED","hudson.cli.BuildCommand.BUILD_SCHEDULING_REFUSED;Ljava/lang/String;","L1696","L103","C:\GIT\pris2\SourceMeter\Guille\jenkins-jenkins-2.328\core\src\main\java\hudson\cli\BuildCommand.java","98","5","98","126","0","0","0","0","0","0","0","0","0","0","0","0","0","0","0","0","0","0","0","0","0","0","0","0"
"L1938","LOGGER","hudson.cli.CancelQuietDownCommand.LOGGER;Ljava/util/logging/Logger;","L1935","L103","C:\GIT\pris2\SourceMeter\Guille\jenkins-jenkins-2.328\core\src\main\java\hudson\cli\CancelQuietDownCommand.java","40","5","40","99","0","0","0","0","0","0","0","0","0","0","0","0","0","0","0","0","0","0","0","0","0","0","0","0"
"L1950","LOGGER","hudson.cli.ClearQueueCommand.LOGGER;Ljava/util/logging/Logger;","L1947","L103","C:\GIT\pris2\SourceMeter\Guille\jenkins-jenkins-2.328\core\src\main\java\hudson\cli\ClearQueueCommand.java","40","5","40","94","0","0","0","0","0","0","0","0","0","0","0","0","0","0","0","0","0","0","0","0","0","0","0","0"
"L1965","LOGGER","hudson.cli.CLIAction.LOGGER;Ljava/util/logging/Logger;","L1959","L103","C:\GIT\pris2\SourceMeter\Guille\jenkins-jenkins-2.328\core\src\main\java\hudson\cli\CLIAction.java","74","5","74","86","0","0","0","0","0","0","0","0","0","0","0","0","0","0","0","0","0","0","0","0","0","0","0","0"
"L1968","duplexServices","hudson.cli.CLIAction.duplexServices;Ljava/util/Map;","L1959","L103","C:\GIT\pris2\SourceMeter\Guille\jenkins-jenkins-2.328\core\src\main\java\hudson\cli\CLIAction.java","76","5","76","95","0","0","0","0","0","0","0","0","0","0","0","0","0","0","0","0","0","0","0","0","0","0","0","0"
"L1811","stdout","hudson.cli.CLICommand.stdout;Ljava/io/PrintStream;","L1617","L103","C:\GIT\pris2\SourceMeter\Guille\jenkins-jenkins-2.328\core\src\main\java\hudson\cli\CLICommand.java","119","5","119","41","0","0","0","0","0","0","0","0","0","0","0","0","0","0","0","0","0","0","0","0","0","0","0","0"
"L2162","stderr","hudson.cli.CLICommand.stderr;Ljava/io/PrintStream;","L1617","L103","C:\GIT\pris2\SourceMeter\Guille\jenkins-jenkins-2.328\core\src\main\java\hudson\cli\CLICommand.java","119","5","119","49","0","0","0","0","0","0","0","0","0","0","0","0","0","0","0","0","0","0","0","0","0","0","0","0"
"L2163","CLI_LISTPARAM_SUMMARY_ERROR_TEXT","hudson.cli.CLICommand.CLI_LISTPARAM_SUMMARY_ERROR_TEXT;Ljava/lang/String;","L1617","L103","C:\GIT\pris2\SourceMeter\Guille\jenkins-jenkins-2.328\core\src\main\java\hudson\cli\CLICommand.java","126","5","126","136","0","0","0","0","0","0","0","0","0","0","0","0","0","0","0","0","0","0","0","0","0","0","0","0"
"L2165","stdin","hudson.cli.CLICommand.stdin;Ljava/io/InputStream;","L1617","L103","C:\GIT\pris2\SourceMeter\Guille\jenkins-jenkins-2.328\core\src\main\java\hudson\cli\CLICommand.java","134","5","134","40","0","0","0","0","0","0","0","0","0","0","0","0","0","0","0","0","0","0","0","0","0","0","0","0"
"L2167","channel","hudson.cli.CLICommand.channel;LChannel;","L1617","L103","C:\GIT\pris2\SourceMeter\Guille\jenkins-jenkins-2.328\core\src\main\java\hudson\cli\CLICommand.java","139","5","140","38","0","0","0","0","0","0","0","0","0","0","0","0","0","0","0","0","0","0","0","0","0","0","0","0"
"L2169","locale","hudson.cli.CLICommand.locale;Ljava/util/Locale;","L1617","L103","C:\GIT\pris2\SourceMeter\Guille\jenkins-jenkins-2.328\core\src\main\java\hudson\cli\CLICommand.java","145","5","145","36","0","0","0","0","0","0","0","0","0","0","0","0","0","0","0","0","0","0","0","0","0","0","0","0"
"L2171","encoding","hudson.cli.CLICommand.encoding;Ljava/nio/charset/Charset;","L1617","L103","C:\GIT\pris2\SourceMeter\Guille\jenkins-jenkins-2.328\core\src\main\java\hudson\cli\CLICommand.java","150","5","150","54","0","0","0","0","0","0","0","0","0","0","0","0","0","0","0","0","0","0","0","0","0","0","0","0"
"L2173","transportAuth","hudson.cli.CLICommand.transportAuth;LAuthentication;","L1617","L103","C:\GIT\pris2\SourceMeter\Guille\jenkins-jenkins-2.328\core\src\main\java\hudson\cli\CLICommand.java","156","5","156","52","0","0","0","0","0","0","0","0","0","0","0","0","0","0","0","0","0","0","0","0","0","0","0","0"
"L2221","LOGGER","hudson.cli.CLICommand.LOGGER;Ljava/util/logging/Logger;","L1617","L103","C:\GIT\pris2\SourceMeter\Guille\jenkins-jenkins-2.328\core\src\main\java\hudson\cli\CLICommand.java","535","5","535","87","0","0","0","0","0","0","0","0","0","0","0","0","0","0","0","0","0","0","0","0","0","0","0","0"
"L2358","CURRENT_COMMAND","hudson.cli.CLICommand.CURRENT_COMMAND;Ljava/lang/ThreadLocal;","L1617","L103","C:\GIT\pris2\SourceMeter\Guille\jenkins-jenkins-2.328\core\src\main\java\hudson\cli\CLICommand.java","537","5","537","88","0","0","0","0","0","0","0","0","0","0","0","0","0","0","0","0","0","0","0","0","0","0","0","0"
"L2435","in","hudson.cli.Connection.in;Ljava/io/InputStream;","L2416","L103","C:\GIT\pris2\SourceMeter\Guille\jenkins-jenkins-2.328\core\src\main\java\hudson\cli\Connection.java","66","5","66","33","0","0","0","0","0","0","0","0","0","0","0","0","0","0","0","0","0","0","0","0","0","0","0","0"
"L2436","out","hudson.cli.Connection.out;Ljava/io/OutputStream;","L2416","L103","C:\GIT\pris2\SourceMeter\Guille\jenkins-jenkins-2.328\core\src\main\java\hudson\cli\Connection.java","67","5","67","35","0","0","0","0","0","0","0","0","0","0","0","0","0","0","0","0","0","0","0","0","0","0","0","0"
"L2437","din","hudson.cli.Connection.din;Ljava/io/DataInputStream;","L2416","L103","C:\GIT\pris2\SourceMeter\Guille\jenkins-jenkins-2.328\core\src\main\java\hudson\cli\Connection.java","69","5","69","38","0","0","0","0","0","0","0","0","0","0","0","0","0","0","0","0","0","0","0","0","0","0","0","0"
"L2438","dout","hudson.cli.Connection.dout;Ljava/io/DataOutputStream;","L2416","L103","C:\GIT\pris2\SourceMeter\Guille\jenkins-jenkins-2.328\core\src\main\java\hudson\cli\Connection.java","70","5","70","40","0","0","0","0","0","0","0","0","0","0","0","0","0","0","0","0","0","0","0","0","0","0","0","0"
"L2645","nodes","hudson.cli.ConnectNodeCommand.nodes;Ljava/util/List;","L2642","L103","C:\GIT\pris2\SourceMeter\Guille\jenkins-jenkins-2.328\core\src\main\java\hudson\cli\ConnectNodeCommand.java","44","5","46","32","0","0","0","0","0","0","0","0","0","0","0","0","0","0","0","0","0","0","0","0","0","0","0","0"
"L2646","force","hudson.cli.ConnectNodeCommand.force;Z","L2642","L103","C:\GIT\pris2\SourceMeter\Guille\jenkins-jenkins-2.328\core\src\main\java\hudson\cli\ConnectNodeCommand.java","48","5","49","34","0","0","0","0","0","0","0","0","0","0","0","0","0","0","0","0","0","0","0","0","0","0","0","0"
"L2647","LOGGER","hudson.cli.ConnectNodeCommand.LOGGER;Ljava/util/logging/Logger;","L2642","L103","C:\GIT\pris2\SourceMeter\Guille\jenkins-jenkins-2.328\core\src\main\java\hudson\cli\ConnectNodeCommand.java","51","5","51","95","0","0","0","0","0","0","0","0","0","0","0","0","0","0","0","0","0","0","0","0","0","0","0","0"
"L2676","job","hudson.cli.ConsoleCommand.job;Lhudson/model/Job;","L2672","L103","C:\GIT\pris2\SourceMeter\Guille\jenkins-jenkins-2.328\core\src\main\java\hudson\cli\ConsoleCommand.java","30","5","31","26","0","0","0","0","0","0","0","0","0","0","0","0","0","0","0","0","0","0","0","0","0","0","0","0"
"L2677","build","hudson.cli.ConsoleCommand.build;Ljava/lang/String;","L2672","L103","C:\GIT\pris2\SourceMeter\Guille\jenkins-jenkins-2.328\core\src\main\java\hudson\cli\ConsoleCommand.java","33","5","34","39","0","0","0","0","0","0","0","0","0","0","0","0","0","0","0","0","0","0","0","0","0","0","0","0"
"L2678","follow","hudson.cli.ConsoleCommand.follow;Z","L2672","L103","C:\GIT\pris2\SourceMeter\Guille\jenkins-jenkins-2.328\core\src\main\java\hudson\cli\ConsoleCommand.java","36","5","37","35","0","0","0","0","0","0","0","0","0","0","0","0","0","0","0","0","0","0","0","0","0","0","0","0"
"L2679","n","hudson.cli.ConsoleCommand.n;I","L2672","L103","C:\GIT\pris2\SourceMeter\Guille\jenkins-jenkins-2.328\core\src\main\java\hudson\cli\ConsoleCommand.java","39","5","40","23","0","0","0","0","0","0","0","0","0","0","0","0","0","0","0","0","0","0","0","0","0","0","0","0"
"L2759","src","hudson.cli.CopyJobCommand.src;Lhudson/model/TopLevelItem;","L2755","L103","C:\GIT\pris2\SourceMeter\Guille\jenkins-jenkins-2.328\core\src\main\java\hudson\cli\CopyJobCommand.java","46","5","47","29","0","0","0","0","0","0","0","0","0","0","0","0","0","0","0","0","0","0","0","0","0","0","0","0"
"L2760","dst","hudson.cli.CopyJobCommand.dst;Ljava/lang/String;","L2755","L103","C:\GIT\pris2\SourceMeter\Guille\jenkins-jenkins-2.328\core\src\main\java\hudson\cli\CopyJobCommand.java","49","5","50","23","0","0","0","0","0","0","0","0","0","0","0","0","0","0","0","0","0","0","0","0","0","0","0","0"
"L2780","name","hudson.cli.CreateJobCommand.name;Ljava/lang/String;","L2776","L103","C:\GIT\pris2\SourceMeter\Guille\jenkins-jenkins-2.328\core\src\main\java\hudson\cli\CreateJobCommand.java","45","5","46","24","0","0","0","0","0","0","0","0","0","0","0","0","0","0","0","0","0","0","0","0","0","0","0","0"
"L2790","nodeName","hudson.cli.CreateNodeCommand.nodeName;Ljava/lang/String;","L2787","L103","C:\GIT\pris2\SourceMeter\Guille\jenkins-jenkins-2.328\core\src\main\java\hudson\cli\CreateNodeCommand.java","40","5","41","28","0","0","0","0","0","0","0","0","0","0","0","0","0","0","0","0","0","0","0","0","0","0","0","0"
"L2812","viewName","hudson.cli.CreateViewCommand.viewName;Ljava/lang/String;","L2809","L103","C:\GIT\pris2\SourceMeter\Guille\jenkins-jenkins-2.328\core\src\main\java\hudson\cli\CreateViewCommand.java","40","5","41","35","0","0","0","0","0","0","0","0","0","0","0","0","0","0","0","0","0","0","0","0","0","0","0","0"
"L3148","jobs","hudson.cli.DeleteJobCommand.jobs;Ljava/util/List;","L3145","L103","C:\GIT\pris2\SourceMeter\Guille\jenkins-jenkins-2.328\core\src\main\java\hudson\cli\DeleteJobCommand.java","44","5","46","31","0","0","0","0","0","0","0","0","0","0","0","0","0","0","0","0","0","0","0","0","0","0","0","0"
"L3162","nodes","hudson.cli.DeleteNodeCommand.nodes;Ljava/util/List;","L3159","L103","C:\GIT\pris2\SourceMeter\Guille\jenkins-jenkins-2.328\core\src\main\java\hudson\cli\DeleteNodeCommand.java","43","5","45","32","0","0","0","0","0","0","0","0","0","0","0","0","0","0","0","0","0","0","0","0","0","0","0","0"
"L3173","views","hudson.cli.DeleteViewCommand.views;Ljava/util/List;","L3170","L103","C:\GIT\pris2\SourceMeter\Guille\jenkins-jenkins-2.328\core\src\main\java\hudson\cli\DeleteViewCommand.java","43","5","45","32","0","0","0","0","0","0","0","0","0","0","0","0","0","0","0","0","0","0","0","0","0","0","0","0"
"L3200","pluginNames","hudson.cli.DisablePluginCommand.pluginNames;Ljava/util/List;","L3197","L103","C:\GIT\pris2\SourceMeter\Guille\jenkins-jenkins-2.328\core\src\main\java\hudson\cli\DisablePluginCommand.java","43","5","44","38","0","0","0","0","0","0","0","0","0","0","0","0","0","0","0","0","0","0","0","0","0","0","0","0"
"L3201","restart","hudson.cli.DisablePluginCommand.restart;Z","L3197","L103","C:\GIT\pris2\SourceMeter\Guille\jenkins-jenkins-2.328\core\src\main\java\hudson\cli\DisablePluginCommand.java","46","5","47","29","0","0","0","0","0","0","0","0","0","0","0","0","0","0","0","0","0","0","0","0","0","0","0","0"
"L3202","strategy","hudson.cli.DisablePluginCommand.strategy;Ljava/lang/String;","L3197","L103","C:\GIT\pris2\SourceMeter\Guille\jenkins-jenkins-2.328\core\src\main\java\hudson\cli\DisablePluginCommand.java","49","5","53","83","0","0","0","0","0","0","0","0","0","0","0","0","0","0","0","0","0","0","0","0","0","0","0","0"
"L3207","quiet","hudson.cli.DisablePluginCommand.quiet;Z","L3197","L103","C:\GIT\pris2\SourceMeter\Guille\jenkins-jenkins-2.328\core\src\main\java\hudson\cli\DisablePluginCommand.java","55","5","56","27","0","0","0","0","0","0","0","0","0","0","0","0","0","0","0","0","0","0","0","0","0","0","0","0"
"L3208","INDENT_SPACE","hudson.cli.DisablePluginCommand.INDENT_SPACE;I","L3197","L103","C:\GIT\pris2\SourceMeter\Guille\jenkins-jenkins-2.328\core\src\main\java\hudson\cli\DisablePluginCommand.java","58","5","58","47","0","0","0","0","0","0","0","0","0","0","0","0","0","0","0","0","0","0","0","0","0","0","0","0"
"L3210","RETURN_CODE_NOT_DISABLED_DEPENDANTS","hudson.cli.DisablePluginCommand.RETURN_CODE_NOT_DISABLED_DEPENDANTS;I","L3197","L103","C:\GIT\pris2\SourceMeter\Guille\jenkins-jenkins-2.328\core\src\main\java\hudson\cli\DisablePluginCommand.java","66","5","66","63","0","0","0","0","0","0","0","0","0","0","0","0","0","0","0","0","0","0","0","0","0","0","0","0"
"L3212","RETURN_CODE_NO_SUCH_PLUGIN","hudson.cli.DisablePluginCommand.RETURN_CODE_NO_SUCH_PLUGIN;I","L3197","L103","C:\GIT\pris2\SourceMeter\Guille\jenkins-jenkins-2.328\core\src\main\java\hudson\cli\DisablePluginCommand.java","67","5","67","54","0","0","0","0","0","0","0","0","0","0","0","0","0","0","0","0","0","0","0","0","0","0","0","0"
"L3311","nodes","hudson.cli.DisconnectNodeCommand.nodes;Ljava/util/List;","L3308","L103","C:\GIT\pris2\SourceMeter\Guille\jenkins-jenkins-2.328\core\src\main\java\hudson\cli\DisconnectNodeCommand.java","46","5","47","32","0","0","0","0","0","0","0","0","0","0","0","0","0","0","0","0","0","0","0","0","0","0","0","0"
"L3312","cause","hudson.cli.DisconnectNodeCommand.cause;Ljava/lang/String;","L3308","L103","C:\GIT\pris2\SourceMeter\Guille\jenkins-jenkins-2.328\core\src\main\java\hudson\cli\DisconnectNodeCommand.java","49","5","50","25","0","0","0","0","0","0","0","0","0","0","0","0","0","0","0","0","0","0","0","0","0","0","0","0"
"L3313","LOGGER","hudson.cli.DisconnectNodeCommand.LOGGER;Ljava/util/logging/Logger;","L3308","L103","C:\GIT\pris2\SourceMeter\Guille\jenkins-jenkins-2.328\core\src\main\java\hudson\cli\DisconnectNodeCommand.java","52","5","52","98","0","0","0","0","0","0","0","0","0","0","0","0","0","0","0","0","0","0","0","0","0","0","0","0"
"L3329","pluginNames","hudson.cli.EnablePluginCommand.pluginNames;Ljava/util/List;","L3326","L103","C:\GIT\pris2\SourceMeter\Guille\jenkins-jenkins-2.328\core\src\main\java\hudson\cli\EnablePluginCommand.java","46","5","47","38","0","0","0","0","0","0","0","0","0","0","0","0","0","0","0","0","0","0","0","0","0","0","0","0"
"L3330","restart","hudson.cli.EnablePluginCommand.restart;Z","L3326","L103","C:\GIT\pris2\SourceMeter\Guille\jenkins-jenkins-2.328\core\src\main\java\hudson\cli\EnablePluginCommand.java","49","5","50","29","0","0","0","0","0","0","0","0","0","0","0","0","0","0","0","0","0","0","0","0","0","0","0","0"
"L3368","job","hudson.cli.GetJobCommand.job;Lhudson/model/AbstractItem;","L3365","L103","C:\GIT\pris2\SourceMeter\Guille\jenkins-jenkins-2.328\core\src\main\java\hudson\cli\GetJobCommand.java","36","5","37","29","0","0","0","0","0","0","0","0","0","0","0","0","0","0","0","0","0","0","0","0","0","0","0","0"
"L3377","node","hudson.cli.GetNodeCommand.node;Lhudson/model/Node;","L3374","L103","C:\GIT\pris2\SourceMeter\Guille\jenkins-jenkins-2.328\core\src\main\java\hudson\cli\GetNodeCommand.java","41","5","42","22","0","0","0","0","0","0","0","0","0","0","0","0","0","0","0","0","0","0","0","0","0","0","0","0"
"L3388","view","hudson.cli.GetViewCommand.view;Lhudson/model/View;","L3385","L103","C:\GIT\pris2\SourceMeter\Guille\jenkins-jenkins-2.328\core\src\main\java\hudson\cli\GetViewCommand.java","38","5","39","23","0","0","0","0","0","0","0","0","0","0","0","0","0","0","0","0","0","0","0","0","0","0","0","0"
"L3400","script","hudson.cli.GroovyCommand.script;Ljava/lang/String;","L3396","L103","C:\GIT\pris2\SourceMeter\Guille\jenkins-jenkins-2.328\core\src\main\java\hudson\cli\GroovyCommand.java","51","5","52","26","0","0","0","0","0","0","0","0","0","0","0","0","0","0","0","0","0","0","0","0","0","0","0","0"
"L3401","remaining","hudson.cli.GroovyCommand.remaining;Ljava/util/List;","L3396","L103","C:\GIT\pris2\SourceMeter\Guille\jenkins-jenkins-2.328\core\src\main\java\hudson\cli\GroovyCommand.java","57","5","58","55","0","0","0","0","0","0","0","0","0","0","0","0","0","0","0","0","0","0","0","0","0","0","0","0"
"L3415","args","hudson.cli.GroovyshCommand.args;Ljava/util/List;","L3411","L103","C:\GIT\pris2\SourceMeter\Guille\jenkins-jenkins-2.328\core\src\main\java\hudson\cli\GroovyshCommand.java","58","5","58","78","0","0","0","0","0","0","0","0","0","0","0","0","0","0","0","0","0","0","0","0","0","0","0","0"
"L3677","command","hudson.cli.HelpCommand.command;Ljava/lang/String;","L2211","L103","C:\GIT\pris2\SourceMeter\Guille\jenkins-jenkins-2.328\core\src\main\java\hudson\cli\HelpCommand.java","43","5","44","27","0","0","0","0","0","0","0","0","0","0","0","0","0","0","0","0","0","0","0","0","0","0","0","0"
"L3704","sources","hudson.cli.InstallPluginCommand.sources;Ljava/util/List;","L3700","L103","C:\GIT\pris2\SourceMeter\Guille\jenkins-jenkins-2.328\core\src\main\java\hudson\cli\InstallPluginCommand.java","64","5","71","53","0","0","0","0","0","0","0","0","0","0","0","0","0","0","0","0","0","0","0","0","0","0","0","0"
"L3705","name","hudson.cli.InstallPluginCommand.name;Ljava/lang/String;","L3700","L103","C:\GIT\pris2\SourceMeter\Guille\jenkins-jenkins-2.328\core\src\main\java\hudson\cli\InstallPluginCommand.java","73","5","75","24","0","0","0","0","0","0","0","0","0","0","0","0","0","0","0","0","0","0","0","0","0","0","0","0"
"L3706","restart","hudson.cli.InstallPluginCommand.restart;Z","L3700","L103","C:\GIT\pris2\SourceMeter\Guille\jenkins-jenkins-2.328\core\src\main\java\hudson\cli\InstallPluginCommand.java","77","5","78","28","0","0","0","0","0","0","0","0","0","0","0","0","0","0","0","0","0","0","0","0","0","0","0","0"
"L3707","dynamicLoad","hudson.cli.InstallPluginCommand.dynamicLoad;Z","L3700","L103","C:\GIT\pris2\SourceMeter\Guille\jenkins-jenkins-2.328\core\src\main\java\hudson\cli\InstallPluginCommand.java","80","5","81","32","0","0","0","0","0","0","0","0","0","0","0","0","0","0","0","0","0","0","0","0","0","0","0","0"
"L3805","format","hudson.cli.ListChangesCommand.format;Lhudson/cli/ListChangesCommand$Format;","L3783","L103","C:\GIT\pris2\SourceMeter\Guille\jenkins-jenkins-2.328\core\src\main\java\hudson\cli\ListChangesCommand.java","40","5","41","41","0","0","0","0","0","0","0","0","0","0","0","0","0","0","0","0","0","0","0","0","0","0","0","0"
"L3847","name","hudson.cli.ListJobsCommand.name;Ljava/lang/String;","L3843","L103","C:\GIT\pris2\SourceMeter\Guille\jenkins-jenkins-2.328\core\src\main\java\hudson\cli\ListJobsCommand.java","48","5","49","24","0","0","0","0","0","0","0","0","0","0","0","0","0","0","0","0","0","0","0","0","0","0","0","0"
"L3865","name","hudson.cli.ListPluginsCommand.name;Ljava/lang/String;","L3861","L103","C:\GIT\pris2\SourceMeter\Guille\jenkins-jenkins-2.328\core\src\main\java\hudson\cli\ListPluginsCommand.java","47","5","48","24","0","0","0","0","0","0","0","0","0","0","0","0","0","0","0","0","0","0","0","0","0","0","0","0"
"L3889","nodes","hudson.cli.OfflineNodeCommand.nodes;Ljava/util/List;","L3886","L103","C:\GIT\pris2\SourceMeter\Guille\jenkins-jenkins-2.328\core\src\main\java\hudson\cli\OfflineNodeCommand.java","46","5","47","32","0","0","0","0","0","0","0","0","0","0","0","0","0","0","0","0","0","0","0","0","0","0","0","0"
"L3890","cause","hudson.cli.OfflineNodeCommand.cause;Ljava/lang/String;","L3886","L103","C:\GIT\pris2\SourceMeter\Guille\jenkins-jenkins-2.328\core\src\main\java\hudson\cli\OfflineNodeCommand.java","49","5","50","25","0","0","0","0","0","0","0","0","0","0","0","0","0","0","0","0","0","0","0","0","0","0","0","0"
"L3900","nodes","hudson.cli.OnlineNodeCommand.nodes;Ljava/util/List;","L3897","L103","C:\GIT\pris2\SourceMeter\Guille\jenkins-jenkins-2.328\core\src\main\java\hudson\cli\OnlineNodeCommand.java","42","5","43","32","0","0","0","0","0","0","0","0","0","0","0","0","0","0","0","0","0","0","0","0","0","0","0","0"
"L3909","LOGGER","hudson.cli.QuietDownCommand.LOGGER;Ljava/util/logging/Logger;","L3906","L103","C:\GIT\pris2\SourceMeter\Guille\jenkins-jenkins-2.328\core\src\main\java\hudson\cli\QuietDownCommand.java","41","5","41","93","0","0","0","0","0","0","0","0","0","0","0","0","0","0","0","0","0","0","0","0","0","0","0","0"
"L3912","block","hudson.cli.QuietDownCommand.block;Z","L3906","L103","C:\GIT\pris2\SourceMeter\Guille\jenkins-jenkins-2.328\core\src\main\java\hudson\cli\QuietDownCommand.java","43","5","44","34","0","0","0","0","0","0","0","0","0","0","0","0","0","0","0","0","0","0","0","0","0","0","0","0"
"L3913","timeout","hudson.cli.QuietDownCommand.timeout;I","L3906","L103","C:\GIT\pris2\SourceMeter\Guille\jenkins-jenkins-2.328\core\src\main\java\hudson\cli\QuietDownCommand.java","46","5","47","28","0","0","0","0","0","0","0","0","0","0","0","0","0","0","0","0","0","0","0","0","0","0","0","0"
"L3914","reason","hudson.cli.QuietDownCommand.reason;Ljava/lang/String;","L3906","L103","C:\GIT\pris2\SourceMeter\Guille\jenkins-jenkins-2.328\core\src\main\java\hudson\cli\QuietDownCommand.java","49","5","50","33","0","0","0","0","0","0","0","0","0","0","0","0","0","0","0","0","0","0","0","0","0","0","0","0"
"L3944","jobs","hudson.cli.ReloadJobCommand.jobs;Ljava/util/List;","L3941","L103","C:\GIT\pris2\SourceMeter\Guille\jenkins-jenkins-2.328\core\src\main\java\hudson\cli\ReloadJobCommand.java","47","5","48","31","0","0","0","0","0","0","0","0","0","0","0","0","0","0","0","0","0","0","0","0","0","0","0","0"
"L3945","LOGGER","hudson.cli.ReloadJobCommand.LOGGER;Ljava/util/logging/Logger;","L3941","L103","C:\GIT\pris2\SourceMeter\Guille\jenkins-jenkins-2.328\core\src\main\java\hudson\cli\ReloadJobCommand.java","50","5","50","93","0","0","0","0","0","0","0","0","0","0","0","0","0","0","0","0","0","0","0","0","0","0","0","0"
"L3961","view","hudson.cli.RemoveJobFromViewCommand.view;Lhudson/model/View;","L3958","L103","C:\GIT\pris2\SourceMeter\Guille\jenkins-jenkins-2.328\core\src\main\java\hudson\cli\RemoveJobFromViewCommand.java","41","5","42","23","0","0","0","0","0","0","0","0","0","0","0","0","0","0","0","0","0","0","0","0","0","0","0","0"
"L3962","jobs","hudson.cli.RemoveJobFromViewCommand.jobs;Ljava/util/List;","L3958","L103","C:\GIT\pris2\SourceMeter\Guille\jenkins-jenkins-2.328\core\src\main\java\hudson\cli\RemoveJobFromViewCommand.java","44","5","45","37","0","0","0","0","0","0","0","0","0","0","0","0","0","0","0","0","0","0","0","0","0","0","0","0"
"L3128","job","hudson.cli.RunRangeCommand.job;Lhudson/model/Job;","L3114","L103","C:\GIT\pris2\SourceMeter\Guille\jenkins-jenkins-2.328\core\src\main\java\hudson\cli\RunRangeCommand.java","15","5","16","26","0","0","0","0","0","0","0","0","0","0","0","0","0","0","0","0","0","0","0","0","0","0","0","0"
"L3970","range","hudson.cli.RunRangeCommand.range;Ljava/lang/String;","L3114","L103","C:\GIT\pris2\SourceMeter\Guille\jenkins-jenkins-2.328\core\src\main\java\hudson\cli\RunRangeCommand.java","18","5","19","25","0","0","0","0","0","0","0","0","0","0","0","0","0","0","0","0","0","0","0","0","0","0","0","0"
"L3990","job","hudson.cli.SetBuildDescriptionCommand.job;Lhudson/model/Job;","L3983","L103","C:\GIT\pris2\SourceMeter\Guille\jenkins-jenkins-2.328\core\src\main\java\hudson\cli\SetBuildDescriptionCommand.java","21","5","22","36","0","0","0","0","0","0","0","0","0","0","0","0","0","0","0","0","0","0","0","0","0","0","0","0"
"L3991","number","hudson.cli.SetBuildDescriptionCommand.number;I","L3983","L103","C:\GIT\pris2\SourceMeter\Guille\jenkins-jenkins-2.328\core\src\main\java\hudson\cli\SetBuildDescriptionCommand.java","24","5","25","23","0","0","0","0","0","0","0","0","0","0","0","0","0","0","0","0","0","0","0","0","0","0","0","0"
"L3992","description","hudson.cli.SetBuildDescriptionCommand.description;Ljava/lang/String;","L3983","L103","C:\GIT\pris2\SourceMeter\Guille\jenkins-jenkins-2.328\core\src\main\java\hudson\cli\SetBuildDescriptionCommand.java","27","5","28","31","0","0","0","0","0","0","0","0","0","0","0","0","0","0","0","0","0","0","0","0","0","0","0","0"
"L4003","serialVersionUID","hudson.cli.SetBuildDisplayNameCommand.serialVersionUID;J","L4001","L103","C:\GIT\pris2\SourceMeter\Guille\jenkins-jenkins-2.328\core\src\main\java\hudson\cli\SetBuildDisplayNameCommand.java","12","5","12","71","0","0","0","0","0","0","0","0","0","0","0","0","0","0","0","0","0","0","0","0","0","0","0","0"
"L4005","job","hudson.cli.SetBuildDisplayNameCommand.job;Lhudson/model/Job;","L4001","L103","C:\GIT\pris2\SourceMeter\Guille\jenkins-jenkins-2.328\core\src\main\java\hudson\cli\SetBuildDisplayNameCommand.java","19","5","20","36","0","0","0","0","0","0","0","0","0","0","0","0","0","0","0","0","0","0","0","0","0","0","0","0"
"L4006","number","hudson.cli.SetBuildDisplayNameCommand.number;I","L4001","L103","C:\GIT\pris2\SourceMeter\Guille\jenkins-jenkins-2.328\core\src\main\java\hudson\cli\SetBuildDisplayNameCommand.java","22","5","23","23","0","0","0","0","0","0","0","0","0","0","0","0","0","0","0","0","0","0","0","0","0","0","0","0"
"L4007","displayName","hudson.cli.SetBuildDisplayNameCommand.displayName;Ljava/lang/String;","L4001","L103","C:\GIT\pris2\SourceMeter\Guille\jenkins-jenkins-2.328\core\src\main\java\hudson\cli\SetBuildDisplayNameCommand.java","25","5","26","31","0","0","0","0","0","0","0","0","0","0","0","0","0","0","0","0","0","0","0","0","0","0","0","0"
"L4017","job","hudson.cli.UpdateJobCommand.job;Lhudson/model/AbstractItem;","L4014","L103","C:\GIT\pris2\SourceMeter\Guille\jenkins-jenkins-2.328\core\src\main\java\hudson\cli\UpdateJobCommand.java","38","5","39","29","0","0","0","0","0","0","0","0","0","0","0","0","0","0","0","0","0","0","0","0","0","0","0","0"
"L4034","node","hudson.cli.UpdateNodeCommand.node;Lhudson/model/Node;","L4031","L103","C:\GIT\pris2\SourceMeter\Guille\jenkins-jenkins-2.328\core\src\main\java\hudson\cli\UpdateNodeCommand.java","40","5","41","22","0","0","0","0","0","0","0","0","0","0","0","0","0","0","0","0","0","0","0","0","0","0","0","0"
"L4043","view","hudson.cli.UpdateViewCommand.view;Lhudson/model/View;","L4040","L103","C:\GIT\pris2\SourceMeter\Guille\jenkins-jenkins-2.328\core\src\main\java\hudson\cli\UpdateViewCommand.java","39","5","40","23","0","0","0","0","0","0","0","0","0","0","0","0","0","0","0","0","0","0","0","0","0","0","0","0"
"L4059","node","hudson.cli.WaitNodeOfflineCommand.node;Lhudson/model/Node;","L4056","L103","C:\GIT\pris2\SourceMeter\Guille\jenkins-jenkins-2.328\core\src\main\java\hudson\cli\WaitNodeOfflineCommand.java","39","5","40","22","0","0","0","0","0","0","0","0","0","0","0","0","0","0","0","0","0","0","0","0","0","0","0","0"
"L4068","node","hudson.cli.WaitNodeOnlineCommand.node;Lhudson/model/Node;","L4065","L103","C:\GIT\pris2\SourceMeter\Guille\jenkins-jenkins-2.328\core\src\main\java\hudson\cli\WaitNodeOnlineCommand.java","39","5","40","22","0","0","0","0","0","0","0","0","0","0","0","0","0","0","0","0","0","0","0","0","0","0","0","0"
"L4080","command","hudson.cli.ListJobsCommandTest.command;Lhudson/cli/ListJobsCommand;","L4078","L103","C:\GIT\pris2\SourceMeter\Guille\jenkins-jenkins-2.328\core\src\test\java\hudson\cli\ListJobsCommandTest.java","32","5","32","47","0","0","0","0","0","0","0","0","0","0","0","0","0","0","0","0","0","0","0","0","0","0","0","0"
"L4083","stdout","hudson.cli.ListJobsCommandTest.stdout;Ljava/io/ByteArrayOutputStream;","L4078","L103","C:\GIT\pris2\SourceMeter\Guille\jenkins-jenkins-2.328\core\src\test\java\hudson\cli\ListJobsCommandTest.java","33","5","33","78","0","0","0","0","0","0","0","0","0","0","0","0","0","0","0","0","0","0","0","0","0","0","0","0"
"L4084","stderr","hudson.cli.ListJobsCommandTest.stderr;Ljava/io/ByteArrayOutputStream;","L4078","L103","C:\GIT\pris2\SourceMeter\Guille\jenkins-jenkins-2.328\core\src\test\java\hudson\cli\ListJobsCommandTest.java","34","5","34","78","0","0","0","0","0","0","0","0","0","0","0","0","0","0","0","0","0","0","0","0","0","0","0","0"
"L4163","buildWatcher","hudson.cli.BuildCommandTest.buildWatcher;LBuildWatcher;","L4160","L103","C:\GIT\pris2\SourceMeter\Guille\jenkins-jenkins-2.328\test\src\test\java\hudson\cli\BuildCommandTest.java","83","5","84","66","0","0","0","0","0","0","0","0","0","0","0","0","0","0","0","0","0","0","0","0","0","0","0","0"
"L4164","j","hudson.cli.BuildCommandTest.j;LJenkinsRule;","L4160","L103","C:\GIT\pris2\SourceMeter\Guille\jenkins-jenkins-2.328\test\src\test\java\hudson\cli\BuildCommandTest.java","86","5","87","46","0","0","0","0","0","0","0","0","0","0","0","0","0","0","0","0","0","0","0","0","0","0","0","0"
"L4335","command","hudson.cli.CancelQuietDownCommandTest.command;LCLICommandInvoker;","L4332","L103","C:\GIT\pris2\SourceMeter\Guille\jenkins-jenkins-2.328\test\src\test\java\hudson\cli\CancelQuietDownCommandTest.java","51","5","51","39","0","0","0","0","0","0","0","0","0","0","0","0","0","0","0","0","0","0","0","0","0","0","0","0"
"L4336","j","hudson.cli.CancelQuietDownCommandTest.j;LJenkinsRule;","L4332","L103","C:\GIT\pris2\SourceMeter\Guille\jenkins-jenkins-2.328\test\src\test\java\hudson\cli\CancelQuietDownCommandTest.java","53","5","54","52","0","0","0","0","0","0","0","0","0","0","0","0","0","0","0","0","0","0","0","0","0","0","0","0"
"L4373","command","hudson.cli.ClearQueueCommandTest.command;LCLICommandInvoker;","L4370","L103","C:\GIT\pris2\SourceMeter\Guille\jenkins-jenkins-2.328\test\src\test\java\hudson\cli\ClearQueueCommandTest.java","47","5","47","39","0","0","0","0","0","0","0","0","0","0","0","0","0","0","0","0","0","0","0","0","0","0","0","0"
"L4374","j","hudson.cli.ClearQueueCommandTest.j;LJenkinsRule;","L4370","L103","C:\GIT\pris2\SourceMeter\Guille\jenkins-jenkins-2.328\test\src\test\java\hudson\cli\ClearQueueCommandTest.java","49","5","50","52","0","0","0","0","0","0","0","0","0","0","0","0","0","0","0","0","0","0","0","0","0","0","0","0"
"L4392","j","hudson.cli.CLIActionTest.j;LJenkinsRule;","L4390","L103","C:\GIT\pris2\SourceMeter\Guille\jenkins-jenkins-2.328\test\src\test\java\hudson\cli\CLIActionTest.java","53","5","54","46","0","0","0","0","0","0","0","0","0","0","0","0","0","0","0","0","0","0","0","0","0","0","0","0"
"L4393","tmp","hudson.cli.CLIActionTest.tmp;LTemporaryFolder;","L4390","L103","C:\GIT\pris2\SourceMeter\Guille\jenkins-jenkins-2.328\test\src\test\java\hudson\cli\CLIActionTest.java","56","5","57","56","0","0","0","0","0","0","0","0","0","0","0","0","0","0","0","0","0","0","0","0","0","0","0","0"
"L4394","logging","hudson.cli.CLIActionTest.logging;LLoggerRule;","L4390","L103","C:\GIT\pris2\SourceMeter\Guille\jenkins-jenkins-2.328\test\src\test\java\hudson\cli\CLIActionTest.java","59","5","60","50","0","0","0","0","0","0","0","0","0","0","0","0","0","0","0","0","0","0","0","0","0","0","0","0"
"L4405","ADMIN","hudson.cli.CLIActionTest.ADMIN;Ljava/lang/String;","L4390","L103","C:\GIT\pris2\SourceMeter\Guille\jenkins-jenkins-2.328\test\src\test\java\hudson\cli\CLIActionTest.java","101","5","101","60","0","0","0","0","0","0","0","0","0","0","0","0","0","0","0","0","0","0","0","0","0","0","0","0"
"L4538","r","hudson.cli.CLIEnvVarTest.r;LJenkinsRule;","L4536","L103","C:\GIT\pris2\SourceMeter\Guille\jenkins-jenkins-2.328\test\src\test\java\hudson\cli\CLIEnvVarTest.java","35","5","36","46","0","0","0","0","0","0","0","0","0","0","0","0","0","0","0","0","0","0","0","0","0","0","0","0"
"L4539","tmp","hudson.cli.CLIEnvVarTest.tmp;LTemporaryFolder;","L4536","L103","C:\GIT\pris2\SourceMeter\Guille\jenkins-jenkins-2.328\test\src\test\java\hudson\cli\CLIEnvVarTest.java","38","5","39","56","0","0","0","0","0","0","0","0","0","0","0","0","0","0","0","0","0","0","0","0","0","0","0","0"
"L4540","home","hudson.cli.CLIEnvVarTest.home;Ljava/io/File;","L4536","L103","C:\GIT\pris2\SourceMeter\Guille\jenkins-jenkins-2.328\test\src\test\java\hudson\cli\CLIEnvVarTest.java","41","5","41","23","0","0","0","0","0","0","0","0","0","0","0","0","0","0","0","0","0","0","0","0","0","0","0","0"
"L4541","jar","hudson.cli.CLIEnvVarTest.jar;Ljava/io/File;","L4536","L103","C:\GIT\pris2\SourceMeter\Guille\jenkins-jenkins-2.328\test\src\test\java\hudson\cli\CLIEnvVarTest.java","42","5","42","22","0","0","0","0","0","0","0","0","0","0","0","0","0","0","0","0","0","0","0","0","0","0","0","0"
"L4584","buildWatcher","hudson.cli.CLITest.buildWatcher;LBuildWatcher;","L4582","L103","C:\GIT\pris2\SourceMeter\Guille\jenkins-jenkins-2.328\test\src\test\java\hudson\cli\CLITest.java","75","5","76","66","0","0","0","0","0","0","0","0","0","0","0","0","0","0","0","0","0","0","0","0","0","0","0","0"
"L4585","r","hudson.cli.CLITest.r;LJenkinsRule;","L4582","L103","C:\GIT\pris2\SourceMeter\Guille\jenkins-jenkins-2.328\test\src\test\java\hudson\cli\CLITest.java","78","5","79","46","0","0","0","0","0","0","0","0","0","0","0","0","0","0","0","0","0","0","0","0","0","0","0","0"
"L4586","tmp","hudson.cli.CLITest.tmp;LTemporaryFolder;","L4582","L103","C:\GIT\pris2\SourceMeter\Guille\jenkins-jenkins-2.328\test\src\test\java\hudson\cli\CLITest.java","81","5","82","56","0","0","0","0","0","0","0","0","0","0","0","0","0","0","0","0","0","0","0","0","0","0","0","0"
"L4587","jar","hudson.cli.CLITest.jar;Ljava/io/File;","L4582","L103","C:\GIT\pris2\SourceMeter\Guille\jenkins-jenkins-2.328\test\src\test\java\hudson\cli\CLITest.java","84","5","84","22","0","0","0","0","0","0","0","0","0","0","0","0","0","0","0","0","0","0","0","0","0","0","0","0"
"L4649","j","hudson.cli.ComputerStateTest.j;LJenkinsRule;","L4646","L103","C:\GIT\pris2\SourceMeter\Guille\jenkins-jenkins-2.328\test\src\test\java\hudson\cli\ComputerStateTest.java","55","5","55","52","0","0","0","0","0","0","0","0","0","0","0","0","0","0","0","0","0","0","0","0","0","0","0","0"
"L4698","command","hudson.cli.ConnectNodeCommandTest.command;LCLICommandInvoker;","L4695","L103","C:\GIT\pris2\SourceMeter\Guille\jenkins-jenkins-2.328\test\src\test\java\hudson\cli\ConnectNodeCommandTest.java","48","5","48","39","0","0","0","0","0","0","0","0","0","0","0","0","0","0","0","0","0","0","0","0","0","0","0","0"
"L4699","j","hudson.cli.ConnectNodeCommandTest.j;LJenkinsRule;","L4695","L103","C:\GIT\pris2\SourceMeter\Guille\jenkins-jenkins-2.328\test\src\test\java\hudson\cli\ConnectNodeCommandTest.java","50","5","50","58","0","0","0","0","0","0","0","0","0","0","0","0","0","0","0","0","0","0","0","0","0","0","0","0"
"L4720","command","hudson.cli.ConsoleCommandTest.command;LCLICommandInvoker;","L4717","L103","C:\GIT\pris2\SourceMeter\Guille\jenkins-jenkins-2.328\test\src\test\java\hudson\cli\ConsoleCommandTest.java","57","5","57","39","0","0","0","0","0","0","0","0","0","0","0","0","0","0","0","0","0","0","0","0","0","0","0","0"
"L4721","j","hudson.cli.ConsoleCommandTest.j;LJenkinsRule;","L4717","L103","C:\GIT\pris2\SourceMeter\Guille\jenkins-jenkins-2.328\test\src\test\java\hudson\cli\ConsoleCommandTest.java","59","5","59","58","0","0","0","0","0","0","0","0","0","0","0","0","0","0","0","0","0","0","0","0","0","0","0","0"
"L4741","j","hudson.cli.CopyJobCommandTest.j;LJenkinsRule;","L4739","L103","C:\GIT\pris2\SourceMeter\Guille\jenkins-jenkins-2.328\test\src\test\java\hudson\cli\CopyJobCommandTest.java","49","5","49","52","0","0","0","0","0","0","0","0","0","0","0","0","0","0","0","0","0","0","0","0","0","0","0","0"
"L4742","copyJobCommand","hudson.cli.CopyJobCommandTest.copyJobCommand;Lhudson/cli/CLICommand;","L4739","L103","C:\GIT\pris2\SourceMeter\Guille\jenkins-jenkins-2.328\test\src\test\java\hudson\cli\CopyJobCommandTest.java","50","5","50","39","0","0","0","0","0","0","0","0","0","0","0","0","0","0","0","0","0","0","0","0","0","0","0","0"
"L4743","command","hudson.cli.CopyJobCommandTest.command;LCLICommandInvoker;","L4739","L103","C:\GIT\pris2\SourceMeter\Guille\jenkins-jenkins-2.328\test\src\test\java\hudson\cli\CopyJobCommandTest.java","51","5","51","39","0","0","0","0","0","0","0","0","0","0","0","0","0","0","0","0","0","0","0","0","0","0","0","0"
"L4772","r","hudson.cli.CreateJobCommandTest.r;LJenkinsRule;","L4770","L103","C:\GIT\pris2\SourceMeter\Guille\jenkins-jenkins-2.328\test\src\test\java\hudson\cli\CreateJobCommandTest.java","48","5","48","52","0","0","0","0","0","0","0","0","0","0","0","0","0","0","0","0","0","0","0","0","0","0","0","0"
"L4783","command","hudson.cli.CreateNodeCommandTest.command;LCLICommandInvoker;","L4781","L103","C:\GIT\pris2\SourceMeter\Guille\jenkins-jenkins-2.328\test\src\test\java\hudson\cli\CreateNodeCommandTest.java","51","5","51","39","0","0","0","0","0","0","0","0","0","0","0","0","0","0","0","0","0","0","0","0","0","0","0","0"
"L4784","j","hudson.cli.CreateNodeCommandTest.j;LJenkinsRule;","L4781","L103","C:\GIT\pris2\SourceMeter\Guille\jenkins-jenkins-2.328\test\src\test\java\hudson\cli\CreateNodeCommandTest.java","53","5","53","58","0","0","0","0","0","0","0","0","0","0","0","0","0","0","0","0","0","0","0","0","0","0","0","0"
"L4807","command","hudson.cli.CreateViewCommandTest.command;LCLICommandInvoker;","L4805","L103","C:\GIT\pris2\SourceMeter\Guille\jenkins-jenkins-2.328\test\src\test\java\hudson\cli\CreateViewCommandTest.java","47","5","47","39","0","0","0","0","0","0","0","0","0","0","0","0","0","0","0","0","0","0","0","0","0","0","0","0"
"L4808","j","hudson.cli.CreateViewCommandTest.j;LJenkinsRule;","L4805","L103","C:\GIT\pris2\SourceMeter\Guille\jenkins-jenkins-2.328\test\src\test\java\hudson\cli\CreateViewCommandTest.java","49","5","49","58","0","0","0","0","0","0","0","0","0","0","0","0","0","0","0","0","0","0","0","0","0","0","0","0"
"L4827","command","hudson.cli.DeleteBuildsCommandTest.command;LCLICommandInvoker;","L4824","L103","C:\GIT\pris2\SourceMeter\Guille\jenkins-jenkins-2.328\test\src\test\java\hudson\cli\DeleteBuildsCommandTest.java","55","5","55","39","0","0","0","0","0","0","0","0","0","0","0","0","0","0","0","0","0","0","0","0","0","0","0","0"
"L4828","j","hudson.cli.DeleteBuildsCommandTest.j;LJenkinsRule;","L4824","L103","C:\GIT\pris2\SourceMeter\Guille\jenkins-jenkins-2.328\test\src\test\java\hudson\cli\DeleteBuildsCommandTest.java","57","5","57","58","0","0","0","0","0","0","0","0","0","0","0","0","0","0","0","0","0","0","0","0","0","0","0","0"
"L4854","command","hudson.cli.DeleteJobCommandTest.command;LCLICommandInvoker;","L4851","L103","C:\GIT\pris2\SourceMeter\Guille\jenkins-jenkins-2.328\test\src\test\java\hudson\cli\DeleteJobCommandTest.java","47","5","47","39","0","0","0","0","0","0","0","0","0","0","0","0","0","0","0","0","0","0","0","0","0","0","0","0"
"L4855","j","hudson.cli.DeleteJobCommandTest.j;LJenkinsRule;","L4851","L103","C:\GIT\pris2\SourceMeter\Guille\jenkins-jenkins-2.328\test\src\test\java\hudson\cli\DeleteJobCommandTest.java","49","5","49","58","0","0","0","0","0","0","0","0","0","0","0","0","0","0","0","0","0","0","0","0","0","0","0","0"
"L4875","command","hudson.cli.DeleteNodeCommandTest.command;LCLICommandInvoker;","L4872","L103","C:\GIT\pris2\SourceMeter\Guille\jenkins-jenkins-2.328\test\src\test\java\hudson\cli\DeleteNodeCommandTest.java","46","5","46","39","0","0","0","0","0","0","0","0","0","0","0","0","0","0","0","0","0","0","0","0","0","0","0","0"
"L4876","j","hudson.cli.DeleteNodeCommandTest.j;LJenkinsRule;","L4872","L103","C:\GIT\pris2\SourceMeter\Guille\jenkins-jenkins-2.328\test\src\test\java\hudson\cli\DeleteNodeCommandTest.java","48","5","48","58","0","0","0","0","0","0","0","0","0","0","0","0","0","0","0","0","0","0","0","0","0","0","0","0"
"L4894","command","hudson.cli.DeleteViewCommandTest.command;LCLICommandInvoker;","L4891","L103","C:\GIT\pris2\SourceMeter\Guille\jenkins-jenkins-2.328\test\src\test\java\hudson\cli\DeleteViewCommandTest.java","51","5","51","39","0","0","0","0","0","0","0","0","0","0","0","0","0","0","0","0","0","0","0","0","0","0","0","0"
"L4895","j","hudson.cli.DeleteViewCommandTest.j;LJenkinsRule;","L4891","L103","C:\GIT\pris2\SourceMeter\Guille\jenkins-jenkins-2.328\test\src\test\java\hudson\cli\DeleteViewCommandTest.java","53","5","53","58","0","0","0","0","0","0","0","0","0","0","0","0","0","0","0","0","0","0","0","0","0","0","0","0"
"L4921","j","hudson.cli.DisablePluginCommandTest.j;LJenkinsRule;","L4919","L103","C:\GIT\pris2\SourceMeter\Guille\jenkins-jenkins-2.328\test\src\test\java\hudson\cli\DisablePluginCommandTest.java","54","5","55","46","0","0","0","0","0","0","0","0","0","0","0","0","0","0","0","0","0","0","0","0","0","0","0","0"
"L5002","command","hudson.cli.DisconnectNodeCommandTest.command;LCLICommandInvoker;","L4999","L103","C:\GIT\pris2\SourceMeter\Guille\jenkins-jenkins-2.328\test\src\test\java\hudson\cli\DisconnectNodeCommandTest.java","50","5","50","39","0","0","0","0","0","0","0","0","0","0","0","0","0","0","0","0","0","0","0","0","0","0","0","0"
"L5003","j","hudson.cli.DisconnectNodeCommandTest.j;LJenkinsRule;","L4999","L103","C:\GIT\pris2\SourceMeter\Guille\jenkins-jenkins-2.328\test\src\test\java\hudson\cli\DisconnectNodeCommandTest.java","52","5","53","52","0","0","0","0","0","0","0","0","0","0","0","0","0","0","0","0","0","0","0","0","0","0","0","0"
"L5022","r","hudson.cli.EnableJobCommandTest.r;LJenkinsRule;","L5020","L103","C:\GIT\pris2\SourceMeter\Guille\jenkins-jenkins-2.328\test\src\test\java\hudson\cli\EnableJobCommandTest.java","38","5","39","46","0","0","0","0","0","0","0","0","0","0","0","0","0","0","0","0","0","0","0","0","0","0","0","0"
"L5029","j","hudson.cli.EnablePluginCommandTest.j;LJenkinsRule;","L5027","L103","C:\GIT\pris2\SourceMeter\Guille\jenkins-jenkins-2.328\test\src\test\java\hudson\cli\EnablePluginCommandTest.java","48","5","49","46","0","0","0","0","0","0","0","0","0","0","0","0","0","0","0","0","0","0","0","0","0","0","0","0"
"L5067","j","hudson.cli.GetJobCommandTest.j;LJenkinsRule;","L5065","L103","C:\GIT\pris2\SourceMeter\Guille\jenkins-jenkins-2.328\test\src\test\java\hudson\cli\GetJobCommandTest.java","43","5","43","52","0","0","0","0","0","0","0","0","0","0","0","0","0","0","0","0","0","0","0","0","0","0","0","0"
"L5079","command","hudson.cli.GetNodeCommandTest.command;LCLICommandInvoker;","L5077","L103","C:\GIT\pris2\SourceMeter\Guille\jenkins-jenkins-2.328\test\src\test\java\hudson\cli\GetNodeCommandTest.java","45","5","45","39","0","0","0","0","0","0","0","0","0","0","0","0","0","0","0","0","0","0","0","0","0","0","0","0"
"L5080","j","hudson.cli.GetNodeCommandTest.j;LJenkinsRule;","L5077","L103","C:\GIT\pris2\SourceMeter\Guille\jenkins-jenkins-2.328\test\src\test\java\hudson\cli\GetNodeCommandTest.java","47","5","47","58","0","0","0","0","0","0","0","0","0","0","0","0","0","0","0","0","0","0","0","0","0","0","0","0"
"L5095","command","hudson.cli.GetViewCommandTest.command;LCLICommandInvoker;","L5093","L103","C:\GIT\pris2\SourceMeter\Guille\jenkins-jenkins-2.328\test\src\test\java\hudson\cli\GetViewCommandTest.java","46","5","46","39","0","0","0","0","0","0","0","0","0","0","0","0","0","0","0","0","0","0","0","0","0","0","0","0"
"L5096","j","hudson.cli.GetViewCommandTest.j;LJenkinsRule;","L5093","L103","C:\GIT\pris2\SourceMeter\Guille\jenkins-jenkins-2.328\test\src\test\java\hudson\cli\GetViewCommandTest.java","48","5","48","58","0","0","0","0","0","0","0","0","0","0","0","0","0","0","0","0","0","0","0","0","0","0","0","0"
"L5108","r","hudson.cli.GroovyshCommandTest.r;LJenkinsRule;","L5106","L103","C:\GIT\pris2\SourceMeter\Guille\jenkins-jenkins-2.328\test\src\test\java\hudson\cli\GroovyshCommandTest.java","41","5","41","52","0","0","0","0","0","0","0","0","0","0","0","0","0","0","0","0","0","0","0","0","0","0","0","0"
"L5114","j","hudson.cli.HelpCommandTest.j;LJenkinsRule;","L5112","L103","C:\GIT\pris2\SourceMeter\Guille\jenkins-jenkins-2.328\test\src\test\java\hudson\cli\HelpCommandTest.java","48","5","48","52","0","0","0","0","0","0","0","0","0","0","0","0","0","0","0","0","0","0","0","0","0","0","0","0"
"L5151","r","hudson.cli.InstallPluginCommandTest.r;LJenkinsRule;","L5149","L103","C:\GIT\pris2\SourceMeter\Guille\jenkins-jenkins-2.328\test\src\test\java\hudson\cli\InstallPluginCommandTest.java","38","5","39","46","0","0","0","0","0","0","0","0","0","0","0","0","0","0","0","0","0","0","0","0","0","0","0","0"
"L5158","j","hudson.cli.ListJobsCommandTest.j;LJenkinsRule;","L5156","L103","C:\GIT\pris2\SourceMeter\Guille\jenkins-jenkins-2.328\test\src\test\java\hudson\cli\ListJobsCommandTest.java","49","5","49","52","0","0","0","0","0","0","0","0","0","0","0","0","0","0","0","0","0","0","0","0","0","0","0","0"
"L5159","listJobsCommand","hudson.cli.ListJobsCommandTest.listJobsCommand;Lhudson/cli/CLICommand;","L5156","L103","C:\GIT\pris2\SourceMeter\Guille\jenkins-jenkins-2.328\test\src\test\java\hudson\cli\ListJobsCommandTest.java","50","5","50","40","0","0","0","0","0","0","0","0","0","0","0","0","0","0","0","0","0","0","0","0","0","0","0","0"
"L5160","command","hudson.cli.ListJobsCommandTest.command;LCLICommandInvoker;","L5156","L103","C:\GIT\pris2\SourceMeter\Guille\jenkins-jenkins-2.328\test\src\test\java\hudson\cli\ListJobsCommandTest.java","51","5","51","39","0","0","0","0","0","0","0","0","0","0","0","0","0","0","0","0","0","0","0","0","0","0","0","0"
"L5179","j","hudson.cli.ListPluginsCommandTest.j;LJenkinsRule;","L5177","L103","C:\GIT\pris2\SourceMeter\Guille\jenkins-jenkins-2.328\test\src\test\java\hudson\cli\ListPluginsCommandTest.java","41","5","42","46","0","0","0","0","0","0","0","0","0","0","0","0","0","0","0","0","0","0","0","0","0","0","0","0"
"L5191","command","hudson.cli.OfflineNodeCommandTest.command;LCLICommandInvoker;","L5188","L103","C:\GIT\pris2\SourceMeter\Guille\jenkins-jenkins-2.328\test\src\test\java\hudson\cli\OfflineNodeCommandTest.java","55","5","55","39","0","0","0","0","0","0","0","0","0","0","0","0","0","0","0","0","0","0","0","0","0","0","0","0"
"L5192","j","hudson.cli.OfflineNodeCommandTest.j;LJenkinsRule;","L5188","L103","C:\GIT\pris2\SourceMeter\Guille\jenkins-jenkins-2.328\test\src\test\java\hudson\cli\OfflineNodeCommandTest.java","57","5","58","52","0","0","0","0","0","0","0","0","0","0","0","0","0","0","0","0","0","0","0","0","0","0","0","0"
"L5219","command","hudson.cli.OnlineNodeCommandTest.command;LCLICommandInvoker;","L5216","L103","C:\GIT\pris2\SourceMeter\Guille\jenkins-jenkins-2.328\test\src\test\java\hudson\cli\OnlineNodeCommandTest.java","62","5","62","39","0","0","0","0","0","0","0","0","0","0","0","0","0","0","0","0","0","0","0","0","0","0","0","0"
"L5220","j","hudson.cli.OnlineNodeCommandTest.j;LJenkinsRule;","L5216","L103","C:\GIT\pris2\SourceMeter\Guille\jenkins-jenkins-2.328\test\src\test\java\hudson\cli\OnlineNodeCommandTest.java","64","5","64","58","0","0","0","0","0","0","0","0","0","0","0","0","0","0","0","0","0","0","0","0","0","0","0","0"
"L5284","command","hudson.cli.QuietDownCommandTest.command;LCLICommandInvoker;","L5281","L103","C:\GIT\pris2\SourceMeter\Guille\jenkins-jenkins-2.328\test\src\test\java\hudson\cli\QuietDownCommandTest.java","61","5","61","39","0","0","0","0","0","0","0","0","0","0","0","0","0","0","0","0","0","0","0","0","0","0","0","0"
"L5285","task","hudson.cli.QuietDownCommandTest.task;LQueueTest/TestFlyweightTask;","L5281","L103","C:\GIT\pris2\SourceMeter\Guille\jenkins-jenkins-2.328\test\src\test\java\hudson\cli\QuietDownCommandTest.java","62","5","63","74","0","0","0","0","0","0","0","0","0","0","0","0","0","0","0","0","0","0","0","0","0","0","0","0"
"L5292","TEST_REASON","hudson.cli.QuietDownCommandTest.TEST_REASON;Ljava/lang/String;","L5281","L103","C:\GIT\pris2\SourceMeter\Guille\jenkins-jenkins-2.328\test\src\test\java\hudson\cli\QuietDownCommandTest.java","64","5","64","61","0","0","0","0","0","0","0","0","0","0","0","0","0","0","0","0","0","0","0","0","0","0","0","0"
"L5293","j","hudson.cli.QuietDownCommandTest.j;LJenkinsRule;","L5281","L103","C:\GIT\pris2\SourceMeter\Guille\jenkins-jenkins-2.328\test\src\test\java\hudson\cli\QuietDownCommandTest.java","66","5","67","52","0","0","0","0","0","0","0","0","0","0","0","0","0","0","0","0","0","0","0","0","0","0","0","0"
"L5424","command","hudson.cli.ReloadConfigurationCommandTest.command;LCLICommandInvoker;","L5421","L103","C:\GIT\pris2\SourceMeter\Guille\jenkins-jenkins-2.328\test\src\test\java\hudson\cli\ReloadConfigurationCommandTest.java","56","5","56","39","0","0","0","0","0","0","0","0","0","0","0","0","0","0","0","0","0","0","0","0","0","0","0","0"
"L5425","j","hudson.cli.ReloadConfigurationCommandTest.j;LJenkinsRule;","L5421","L103","C:\GIT\pris2\SourceMeter\Guille\jenkins-jenkins-2.328\test\src\test\java\hudson\cli\ReloadConfigurationCommandTest.java","58","5","58","58","0","0","0","0","0","0","0","0","0","0","0","0","0","0","0","0","0","0","0","0","0","0","0","0"
"L5487","command","hudson.cli.ReloadJobCommandTest.command;LCLICommandInvoker;","L5484","L103","C:\GIT\pris2\SourceMeter\Guille\jenkins-jenkins-2.328\test\src\test\java\hudson\cli\ReloadJobCommandTest.java","52","5","52","39","0","0","0","0","0","0","0","0","0","0","0","0","0","0","0","0","0","0","0","0","0","0","0","0"
"L5488","j","hudson.cli.ReloadJobCommandTest.j;LJenkinsRule;","L5484","L103","C:\GIT\pris2\SourceMeter\Guille\jenkins-jenkins-2.328\test\src\test\java\hudson\cli\ReloadJobCommandTest.java","54","5","54","58","0","0","0","0","0","0","0","0","0","0","0","0","0","0","0","0","0","0","0","0","0","0","0","0"
"L5532","command","hudson.cli.RunRangeCommand2Test.command;LCLICommandInvoker;","L5529","L103","C:\GIT\pris2\SourceMeter\Guille\jenkins-jenkins-2.328\test\src\test\java\hudson\cli\RunRangeCommand2Test.java","53","5","53","39","0","0","0","0","0","0","0","0","0","0","0","0","0","0","0","0","0","0","0","0","0","0","0","0"
"L5533","j","hudson.cli.RunRangeCommand2Test.j;LJenkinsRule;","L5529","L103","C:\GIT\pris2\SourceMeter\Guille\jenkins-jenkins-2.328\test\src\test\java\hudson\cli\RunRangeCommand2Test.java","55","5","55","58","0","0","0","0","0","0","0","0","0","0","0","0","0","0","0","0","0","0","0","0","0","0","0","0"
"L5555","command","hudson.cli.RunRangeCommandTest.command;LCLICommandInvoker;","L5542","L103","C:\GIT\pris2\SourceMeter\Guille\jenkins-jenkins-2.328\test\src\test\java\hudson\cli\RunRangeCommandTest.java","50","5","50","53","0","0","0","0","0","0","0","0","0","0","0","0","0","0","0","0","0","0","0","0","0","0","0","0"
"L5556","project","hudson.cli.RunRangeCommandTest.project;Lhudson/model/FreeStyleProject;","L5542","L103","C:\GIT\pris2\SourceMeter\Guille\jenkins-jenkins-2.328\test\src\test\java\hudson\cli\RunRangeCommandTest.java","51","5","51","52","0","0","0","0","0","0","0","0","0","0","0","0","0","0","0","0","0","0","0","0","0","0","0","0"
"L5557","PROJECT_NAME","hudson.cli.RunRangeCommandTest.PROJECT_NAME;Ljava/lang/String;","L5542","L103","C:\GIT\pris2\SourceMeter\Guille\jenkins-jenkins-2.328\test\src\test\java\hudson\cli\RunRangeCommandTest.java","53","5","53","59","0","0","0","0","0","0","0","0","0","0","0","0","0","0","0","0","0","0","0","0","0","0","0","0"
"L5558","BUILDS","hudson.cli.RunRangeCommandTest.BUILDS;I","L5542","L103","C:\GIT\pris2\SourceMeter\Guille\jenkins-jenkins-2.328\test\src\test\java\hudson\cli\RunRangeCommandTest.java","54","5","54","42","0","0","0","0","0","0","0","0","0","0","0","0","0","0","0","0","0","0","0","0","0","0","0","0"
"L5559","deleted","hudson.cli.RunRangeCommandTest.deleted;[I","L5542","L103","C:\GIT\pris2\SourceMeter\Guille\jenkins-jenkins-2.328\test\src\test\java\hudson\cli\RunRangeCommandTest.java","56","5","56","52","0","0","0","0","0","0","0","0","0","0","0","0","0","0","0","0","0","0","0","0","0","0","0","0"
"L5561","j","hudson.cli.RunRangeCommandTest.j;LJenkinsRule;","L5542","L103","C:\GIT\pris2\SourceMeter\Guille\jenkins-jenkins-2.328\test\src\test\java\hudson\cli\RunRangeCommandTest.java","58","5","58","70","0","0","0","0","0","0","0","0","0","0","0","0","0","0","0","0","0","0","0","0","0","0","0","0"
"L5615","command","hudson.cli.SetBuildDescriptionCommandTest.command;LCLICommandInvoker;","L5612","L103","C:\GIT\pris2\SourceMeter\Guille\jenkins-jenkins-2.328\test\src\test\java\hudson\cli\SetBuildDescriptionCommandTest.java","53","5","53","39","0","0","0","0","0","0","0","0","0","0","0","0","0","0","0","0","0","0","0","0","0","0","0","0"
"L5616","j","hudson.cli.SetBuildDescriptionCommandTest.j;LJenkinsRule;","L5612","L103","C:\GIT\pris2\SourceMeter\Guille\jenkins-jenkins-2.328\test\src\test\java\hudson\cli\SetBuildDescriptionCommandTest.java","55","5","55","58","0","0","0","0","0","0","0","0","0","0","0","0","0","0","0","0","0","0","0","0","0","0","0","0"
"L5635","command","hudson.cli.SetBuildDisplayNameCommandTest.command;LCLICommandInvoker;","L5633","L103","C:\GIT\pris2\SourceMeter\Guille\jenkins-jenkins-2.328\test\src\test\java\hudson\cli\SetBuildDisplayNameCommandTest.java","43","5","43","39","0","0","0","0","0","0","0","0","0","0","0","0","0","0","0","0","0","0","0","0","0","0","0","0"
"L5636","j","hudson.cli.SetBuildDisplayNameCommandTest.j;LJenkinsRule;","L5633","L103","C:\GIT\pris2\SourceMeter\Guille\jenkins-jenkins-2.328\test\src\test\java\hudson\cli\SetBuildDisplayNameCommandTest.java","45","5","45","58","0","0","0","0","0","0","0","0","0","0","0","0","0","0","0","0","0","0","0","0","0","0","0","0"
"L5649","command","hudson.cli.UpdateNodeCommandTest.command;LCLICommandInvoker;","L5647","L103","C:\GIT\pris2\SourceMeter\Guille\jenkins-jenkins-2.328\test\src\test\java\hudson\cli\UpdateNodeCommandTest.java","49","5","49","39","0","0","0","0","0","0","0","0","0","0","0","0","0","0","0","0","0","0","0","0","0","0","0","0"
"L5650","j","hudson.cli.UpdateNodeCommandTest.j;LJenkinsRule;","L5647","L103","C:\GIT\pris2\SourceMeter\Guille\jenkins-jenkins-2.328\test\src\test\java\hudson\cli\UpdateNodeCommandTest.java","51","5","51","58","0","0","0","0","0","0","0","0","0","0","0","0","0","0","0","0","0","0","0","0","0","0","0","0"
"L5672","command","hudson.cli.UpdateViewCommandTest.command;LCLICommandInvoker;","L5670","L103","C:\GIT\pris2\SourceMeter\Guille\jenkins-jenkins-2.328\test\src\test\java\hudson\cli\UpdateViewCommandTest.java","47","5","47","39","0","0","0","0","0","0","0","0","0","0","0","0","0","0","0","0","0","0","0","0","0","0","0","0"
"L5673","j","hudson.cli.UpdateViewCommandTest.j;LJenkinsRule;","L5670","L103","C:\GIT\pris2\SourceMeter\Guille\jenkins-jenkins-2.328\test\src\test\java\hudson\cli\UpdateViewCommandTest.java","49","5","49","58","0","0","0","0","0","0","0","0","0","0","0","0","0","0","0","0","0","0","0","0","0","0","0","0"
"L4155","command","hudson.cli.ViewManipulationTestBase.command;LCLICommandInvoker;","L4137","L103","C:\GIT\pris2\SourceMeter\Guille\jenkins-jenkins-2.328\test\src\test\java\hudson\cli\ViewManipulationTestBase.java","50","5","50","41","0","0","0","0","0","0","0","0","0","0","0","0","0","0","0","0","0","0","0","0","0","0","0","0"
"L4144","j","hudson.cli.ViewManipulationTestBase.j;LJenkinsRule;","L4137","L103","C:\GIT\pris2\SourceMeter\Guille\jenkins-jenkins-2.328\test\src\test\java\hudson\cli\ViewManipulationTestBase.java","54","5","54","58","0","0","0","0","0","0","0","0","0","0","0","0","0","0","0","0","0","0","0","0","0","0","0","0"
"L5710","command","hudson.cli.WaitNodeOfflineCommandTest.command;LCLICommandInvoker;","L5707","L103","C:\GIT\pris2\SourceMeter\Guille\jenkins-jenkins-2.328\test\src\test\java\hudson\cli\WaitNodeOfflineCommandTest.java","51","5","51","39","0","0","0","0","0","0","0","0","0","0","0","0","0","0","0","0","0","0","0","0","0","0","0","0"
"L5711","j","hudson.cli.WaitNodeOfflineCommandTest.j;LJenkinsRule;","L5707","L103","C:\GIT\pris2\SourceMeter\Guille\jenkins-jenkins-2.328\test\src\test\java\hudson\cli\WaitNodeOfflineCommandTest.java","53","5","54","52","0","0","0","0","0","0","0","0","0","0","0","0","0","0","0","0","0","0","0","0","0","0","0","0"
"L5728","command","hudson.cli.WaitNodeOnlineCommandTest.command;LCLICommandInvoker;","L5725","L103","C:\GIT\pris2\SourceMeter\Guille\jenkins-jenkins-2.328\test\src\test\java\hudson\cli\WaitNodeOnlineCommandTest.java","50","5","50","39","0","0","0","0","0","0","0","0","0","0","0","0","0","0","0","0","0","0","0","0","0","0","0","0"
"L5729","j","hudson.cli.WaitNodeOnlineCommandTest.j;LJenkinsRule;","L5725","L103","C:\GIT\pris2\SourceMeter\Guille\jenkins-jenkins-2.328\test\src\test\java\hudson\cli\WaitNodeOnlineCommandTest.java","52","5","53","52","0","0","0","0","0","0","0","0","0","0","0","0","0","0","0","0","0","0","0","0","0","0","0","0"
"L5918","__delim","hudson.util.QuotedStringTokenizer.__delim;Ljava/lang/String;","L5915","L103","C:\GIT\pris2\SourceMeter\Guille\jenkins-jenkins-2.328\cli\src\main\java\hudson\util\QuotedStringTokenizer.java","59","5","59","53","0","0","0","0","0","0","0","0","0","0","0","0","0","0","0","0","0","0","0","0","0","0","0","0"
"L5919","_string","hudson.util.QuotedStringTokenizer._string;Ljava/lang/String;","L5915","L103","C:\GIT\pris2\SourceMeter\Guille\jenkins-jenkins-2.328\cli\src\main\java\hudson\util\QuotedStringTokenizer.java","60","5","60","28","0","0","0","0","0","0","0","0","0","0","0","0","0","0","0","0","0","0","0","0","0","0","0","0"
"L5920","_delim","hudson.util.QuotedStringTokenizer._delim;Ljava/lang/String;","L5915","L103","C:\GIT\pris2\SourceMeter\Guille\jenkins-jenkins-2.328\cli\src\main\java\hudson\util\QuotedStringTokenizer.java","61","5","61","37","0","0","0","0","0","0","0","0","0","0","0","0","0","0","0","0","0","0","0","0","0","0","0","0"
"L5922","_returnQuotes","hudson.util.QuotedStringTokenizer._returnQuotes;Z","L5915","L103","C:\GIT\pris2\SourceMeter\Guille\jenkins-jenkins-2.328\cli\src\main\java\hudson\util\QuotedStringTokenizer.java","62","5","62","43","0","0","0","0","0","0","0","0","0","0","0","0","0","0","0","0","0","0","0","0","0","0","0","0"
"L5923","_returnDelimiters","hudson.util.QuotedStringTokenizer._returnDelimiters;Z","L5915","L103","C:\GIT\pris2\SourceMeter\Guille\jenkins-jenkins-2.328\cli\src\main\java\hudson\util\QuotedStringTokenizer.java","63","5","63","47","0","0","0","0","0","0","0","0","0","0","0","0","0","0","0","0","0","0","0","0","0","0","0","0"
"L5924","_token","hudson.util.QuotedStringTokenizer._token;Ljava/lang/StringBuilder;","L5915","L103","C:\GIT\pris2\SourceMeter\Guille\jenkins-jenkins-2.328\cli\src\main\java\hudson\util\QuotedStringTokenizer.java","64","5","64","34","0","0","0","0","0","0","0","0","0","0","0","0","0","0","0","0","0","0","0","0","0","0","0","0"
"L5925","_hasToken","hudson.util.QuotedStringTokenizer._hasToken;Z","L5915","L103","C:\GIT\pris2\SourceMeter\Guille\jenkins-jenkins-2.328\cli\src\main\java\hudson\util\QuotedStringTokenizer.java","65","5","65","39","0","0","0","0","0","0","0","0","0","0","0","0","0","0","0","0","0","0","0","0","0","0","0","0"
"L5926","_i","hudson.util.QuotedStringTokenizer._i;I","L5915","L103","C:\GIT\pris2\SourceMeter\Guille\jenkins-jenkins-2.328\cli\src\main\java\hudson\util\QuotedStringTokenizer.java","66","5","66","24","0","0","0","0","0","0","0","0","0","0","0","0","0","0","0","0","0","0","0","0","0","0","0","0"
"L5927","_lastStart","hudson.util.QuotedStringTokenizer._lastStart;I","L5915","L103","C:\GIT\pris2\SourceMeter\Guille\jenkins-jenkins-2.328\cli\src\main\java\hudson\util\QuotedStringTokenizer.java","67","5","67","32","0","0","0","0","0","0","0","0","0","0","0","0","0","0","0","0","0","0","0","0","0","0","0","0"
"L5928","_double","hudson.util.QuotedStringTokenizer._double;Z","L5915","L103","C:\GIT\pris2\SourceMeter\Guille\jenkins-jenkins-2.328\cli\src\main\java\hudson\util\QuotedStringTokenizer.java","68","5","68","36","0","0","0","0","0","0","0","0","0","0","0","0","0","0","0","0","0","0","0","0","0","0","0","0"
"L5929","_single","hudson.util.QuotedStringTokenizer._single;Z","L5915","L103","C:\GIT\pris2\SourceMeter\Guille\jenkins-jenkins-2.328\cli\src\main\java\hudson\util\QuotedStringTokenizer.java","69","5","69","36","0","0","0","0","0","0","0","0","0","0","0","0","0","0","0","0","0","0","0","0","0","0","0","0"
"L5982","ESCAPABLE_CHARS","hudson.util.QuotedStringTokenizer.ESCAPABLE_CHARS;Ljava/lang/String;","L5915","L103","C:\GIT\pris2\SourceMeter\Guille\jenkins-jenkins-2.328\cli\src\main\java\hudson\util\QuotedStringTokenizer.java","552","5","552","60","0","0","0","0","0","0","0","0","0","0","0","0","0","0","0","0","0","0","0","0","0","0","0","0"
"L6077","serialVersionUID","hudson.util.AbstractTaskListener.serialVersionUID;J","L6071","L103","C:\GIT\pris2\SourceMeter\Guille\jenkins-jenkins-2.328\core\src\main\java\hudson\util\AbstractTaskListener.java","16","5","16","71","0","0","0","0","0","0","0","0","0","0","0","0","0","0","0","0","0","0","0","0","0","0","0","0"
"L6087","core","hudson.util.AdaptedIterator.core;Ljava/util/Iterator;","L6078","L103","C:\GIT\pris2\SourceMeter\Guille\jenkins-jenkins-2.328\core\src\main\java\hudson\util\AdaptedIterator.java","40","5","40","46","0","0","0","0","0","0","0","0","0","0","0","0","0","0","0","0","0","0","0","0","0","0","0","0"
"L6120","message","hudson.util.AdministrativeError.message;Ljava/lang/String;","L6115","L103","C:\GIT\pris2\SourceMeter\Guille\jenkins-jenkins-2.328\core\src\main\java\hudson\util\AdministrativeError.java","16","5","16","33","0","0","0","0","0","0","0","0","0","0","0","0","0","0","0","0","0","0","0","0","0","0","0","0"
"L6121","title","hudson.util.AdministrativeError.title;Ljava/lang/String;","L6115","L103","C:\GIT\pris2\SourceMeter\Guille\jenkins-jenkins-2.328\core\src\main\java\hudson\util\AdministrativeError.java","17","5","17","31","0","0","0","0","0","0","0","0","0","0","0","0","0","0","0","0","0","0","0","0","0","0","0","0"
"L6122","details","hudson.util.AdministrativeError.details;Ljava/lang/Throwable;","L6115","L103","C:\GIT\pris2\SourceMeter\Guille\jenkins-jenkins-2.328\core\src\main\java\hudson\util\AdministrativeError.java","18","5","18","36","0","0","0","0","0","0","0","0","0","0","0","0","0","0","0","0","0","0","0","0","0","0","0","0"
"L6190","width","hudson.util.Area.width;I","L6188","L103","C:\GIT\pris2\SourceMeter\Guille\jenkins-jenkins-2.328\core\src\main\java\hudson\util\Area.java","37","5","37","28","0","0","0","0","0","0","0","0","0","0","0","0","0","0","0","0","0","0","0","0","0","0","0","0"
"L6191","height","hudson.util.Area.height;I","L6188","L103","C:\GIT\pris2\SourceMeter\Guille\jenkins-jenkins-2.328\core\src\main\java\hudson\util\Area.java","38","5","38","29","0","0","0","0","0","0","0","0","0","0","0","0","0","0","0","0","0","0","0","0","0","0","0","0"
"L6207","PATTERN","hudson.util.Area.PATTERN;Ljava/util/regex/Pattern;","L6188","L103","C:\GIT\pris2\SourceMeter\Guille\jenkins-jenkins-2.328\core\src\main\java\hudson\util\Area.java","64","5","64","77","0","0","0","0","0","0","0","0","0","0","0","0","0","0","0","0","0","0","0","0","0","0","0","0"
"L6223","args","hudson.util.ArgumentListBuilder.args;Ljava/util/List;","L6221","L103","C:\GIT\pris2\SourceMeter\Guille\jenkins-jenkins-2.328\core\src\main\java\hudson\util\ArgumentListBuilder.java","49","5","49","51","0","0","0","0","0","0","0","0","0","0","0","0","0","0","0","0","0","0","0","0","0","0","0","0"
"L6224","mask","hudson.util.ArgumentListBuilder.mask;Ljava/util/BitSet;","L6221","L103","C:\GIT\pris2\SourceMeter\Guille\jenkins-jenkins-2.328\core\src\main\java\hudson\util\ArgumentListBuilder.java","53","5","53","40","0","0","0","0","0","0","0","0","0","0","0","0","0","0","0","0","0","0","0","0","0","0","0","0"
"L6390","serialVersionUID","hudson.util.ArgumentListBuilder.serialVersionUID;J","L6221","L103","C:\GIT\pris2\SourceMeter\Guille\jenkins-jenkins-2.328\core\src\main\java\hudson\util\ArgumentListBuilder.java","450","5","450","53","0","0","0","0","0","0","0","0","0","0","0","0","0","0","0","0","0","0","0","0","0","0","0","0"
"L6396","LOGGER","hudson.util.AtomicFileWriter.LOGGER;Ljava/util/logging/Logger;","L6391","L103","C:\GIT\pris2\SourceMeter\Guille\jenkins-jenkins-2.328\core\src\main\java\hudson\util\AtomicFileWriter.java","56","5","56","93","0","0","0","0","0","0","0","0","0","0","0","0","0","0","0","0","0","0","0","0","0","0","0","0"
"L6399","DISABLE_FORCED_FLUSH","hudson.util.AtomicFileWriter.DISABLE_FORCED_FLUSH;Z","L6391","L103","C:\GIT\pris2\SourceMeter\Guille\jenkins-jenkins-2.328\core\src\main\java\hudson\util\AtomicFileWriter.java","58","5","59","73","0","0","0","0","0","0","0","0","0","0","0","0","0","0","0","0","0","0","0","0","0","0","0","0"
"L6407","core","hudson.util.AtomicFileWriter.core;Ljava/io/Writer;","L6391","L103","C:\GIT\pris2\SourceMeter\Guille\jenkins-jenkins-2.328\core\src\main\java\hudson\util\AtomicFileWriter.java","67","5","67","31","0","0","0","0","0","0","0","0","0","0","0","0","0","0","0","0","0","0","0","0","0","0","0","0"
"L6408","tmpPath","hudson.util.AtomicFileWriter.tmpPath;Ljava/nio/file/Path;","L6391","L103","C:\GIT\pris2\SourceMeter\Guille\jenkins-jenkins-2.328\core\src\main\java\hudson\util\AtomicFileWriter.java","68","5","68","32","0","0","0","0","0","0","0","0","0","0","0","0","0","0","0","0","0","0","0","0","0","0","0","0"
"L6412","destPath","hudson.util.AtomicFileWriter.destPath;Ljava/nio/file/Path;","L6391","L103","C:\GIT\pris2\SourceMeter\Guille\jenkins-jenkins-2.328\core\src\main\java\hudson\util\AtomicFileWriter.java","69","5","69","33","0","0","0","0","0","0","0","0","0","0","0","0","0","0","0","0","0","0","0","0","0","0","0","0"
"L6513","cause","hudson.util.AWTProblem.cause;Ljava/lang/Throwable;","L6508","L103","C:\GIT\pris2\SourceMeter\Guille\jenkins-jenkins-2.328\core\src\main\java\hudson\util\AWTProblem.java","34","5","35","34","0","0","0","0","0","0","0","0","0","0","0","0","0","0","0","0","0","0","0","0","0","0","0","0"
"L6536","LOGGER","hudson.util.BootFailure.LOGGER;Ljava/util/logging/Logger;","L6510","L103","C:\GIT\pris2\SourceMeter\Guille\jenkins-jenkins-2.328\core\src\main\java\hudson\util\BootFailure.java","84","5","84","88","0","0","0","0","0","0","0","0","0","0","0","0","0","0","0","0","0","0","0","0","0","0","0","0"
"L6597","INSTANCE","hudson.util.CaseInsensitiveComparator.INSTANCE;Ljava/util/Comparator;","L6591","L103","C:\GIT\pris2\SourceMeter\Guille\jenkins-jenkins-2.328\core\src\main\java\hudson\util\CaseInsensitiveComparator.java","38","5","38","87","0","0","0","0","0","0","0","0","0","0","0","0","0","0","0","0","0","0","0","0","0","0","0","0"
"L6611","serialVersionUID","hudson.util.CaseInsensitiveComparator.serialVersionUID;J","L6591","L103","C:\GIT\pris2\SourceMeter\Guille\jenkins-jenkins-2.328\core\src\main\java\hudson\util\CaseInsensitiveComparator.java","54","5","54","53","0","0","0","0","0","0","0","0","0","0","0","0","0","0","0","0","0","0","0","0","0","0","0","0"
"L6618","ENCODING","hudson.util.CharacterEncodingFilter.ENCODING;Ljava/lang/String;","L6612","L103","C:\GIT\pris2\SourceMeter\Guille\jenkins-jenkins-2.328\core\src\main\java\hudson\util\CharacterEncodingFilter.java","50","5","50","52","0","0","0","0","0","0","0","0","0","0","0","0","0","0","0","0","0","0","0","0","0","0","0","0"
"L6620","DISABLE_FILTER","hudson.util.CharacterEncodingFilter.DISABLE_FILTER;Ljava/lang/Boolean;","L6612","L103","C:\GIT\pris2\SourceMeter\Guille\jenkins-jenkins-2.328\core\src\main\java\hudson\util\CharacterEncodingFilter.java","52","5","53","103","0","0","0","0","0","0","0","0","0","0","0","0","0","0","0","0","0","0","0","0","0","0","0","0"
"L6626","FORCE_ENCODING","hudson.util.CharacterEncodingFilter.FORCE_ENCODING;Ljava/lang/Boolean;","L6612","L103","C:\GIT\pris2\SourceMeter\Guille\jenkins-jenkins-2.328\core\src\main\java\hudson\util\CharacterEncodingFilter.java","58","5","59","103","0","0","0","0","0","0","0","0","0","0","0","0","0","0","0","0","0","0","0","0","0","0","0","0"
"L6633","LOGGER","hudson.util.CharacterEncodingFilter.LOGGER;Ljava/util/logging/Logger;","L6612","L103","C:\GIT\pris2\SourceMeter\Guille\jenkins-jenkins-2.328\core\src\main\java\hudson\util\CharacterEncodingFilter.java","110","5","110","100","0","0","0","0","0","0","0","0","0","0","0","0","0","0","0","0","0","0","0","0","0","0","0","0"
"L6694","awtProblem","hudson.util.ChartUtil.awtProblem;Z","L6662","L103","C:\GIT\pris2\SourceMeter\Guille\jenkins-jenkins-2.328\core\src\main\java\hudson\util\ChartUtil.java","108","5","109","46","0","0","0","0","0","0","0","0","0","0","0","0","0","0","0","0","0","0","0","0","0","0","0","0"
"L6696","awtProblemCause","hudson.util.ChartUtil.awtProblemCause;Ljava/lang/Throwable;","L6662","L103","C:\GIT\pris2\SourceMeter\Guille\jenkins-jenkins-2.328\core\src\main\java\hudson\util\ChartUtil.java","115","5","118","52","0","0","0","0","0","0","0","0","0","0","0","0","0","0","0","0","0","0","0","0","0","0","0","0"
"L6759","CHEBYSHEV_N","hudson.util.ChartUtil.CHEBYSHEV_N;D","L6662","L103","C:\GIT\pris2\SourceMeter\Guille\jenkins-jenkins-2.328\core\src\main\java\hudson\util\ChartUtil.java","264","5","266","48","0","0","0","0","0","0","0","0","0","0","0","0","0","0","0","0","0","0","0","0","0","0","0","0"
"L6779","in","hudson.util.ChunkedInputStream.in;Ljava/io/InputStream;","L6777","L103","C:\GIT\pris2\SourceMeter\Guille\jenkins-jenkins-2.328\core\src\main\java\hudson\util\ChunkedInputStream.java","62","5","62","28","0","0","0","0","0","0","0","0","0","0","0","0","0","0","0","0","0","0","0","0","0","0","0","0"
"L6781","chunkSize","hudson.util.ChunkedInputStream.chunkSize;I","L6777","L103","C:\GIT\pris2\SourceMeter\Guille\jenkins-jenkins-2.328\core\src\main\java\hudson\util\ChunkedInputStream.java","65","5","65","27","0","0","0","0","0","0","0","0","0","0","0","0","0","0","0","0","0","0","0","0","0","0","0","0"
"L6783","pos","hudson.util.ChunkedInputStream.pos;I","L6777","L103","C:\GIT\pris2\SourceMeter\Guille\jenkins-jenkins-2.328\core\src\main\java\hudson\util\ChunkedInputStream.java","68","5","68","21","0","0","0","0","0","0","0","0","0","0","0","0","0","0","0","0","0","0","0","0","0","0","0","0"
"L6785","bof","hudson.util.ChunkedInputStream.bof;Z","L6777","L103","C:\GIT\pris2\SourceMeter\Guille\jenkins-jenkins-2.328\core\src\main\java\hudson\util\ChunkedInputStream.java","71","5","71","32","0","0","0","0","0","0","0","0","0","0","0","0","0","0","0","0","0","0","0","0","0","0","0","0"
"L6787","eof","hudson.util.ChunkedInputStream.eof;Z","L6777","L103","C:\GIT\pris2\SourceMeter\Guille\jenkins-jenkins-2.328\core\src\main\java\hudson\util\ChunkedInputStream.java","74","5","74","33","0","0","0","0","0","0","0","0","0","0","0","0","0","0","0","0","0","0","0","0","0","0","0","0"
"L6789","closed","hudson.util.ChunkedInputStream.closed;Z","L6777","L103","C:\GIT\pris2\SourceMeter\Guille\jenkins-jenkins-2.328\core\src\main\java\hudson\util\ChunkedInputStream.java","77","5","77","36","0","0","0","0","0","0","0","0","0","0","0","0","0","0","0","0","0","0","0","0","0","0","0","0"
"L6791","LOGGER","hudson.util.ChunkedInputStream.LOGGER;Ljava/util/logging/Logger;","L6777","L103","C:\GIT\pris2\SourceMeter\Guille\jenkins-jenkins-2.328\core\src\main\java\hudson\util\ChunkedInputStream.java","80","5","80","95","0","0","0","0","0","0","0","0","0","0","0","0","0","0","0","0","0","0","0","0","0","0","0","0"
"L6842","CRLF","hudson.util.ChunkedOutputStream.CRLF;[B","L6840","L103","C:\GIT\pris2\SourceMeter\Guille\jenkins-jenkins-2.328\core\src\main\java\hudson\util\ChunkedOutputStream.java","46","5","46","73","0","0","0","0","0","0","0","0","0","0","0","0","0","0","0","0","0","0","0","0","0","0","0","0"
"L6844","ENDCHUNK","hudson.util.ChunkedOutputStream.ENDCHUNK;[B","L6840","L103","C:\GIT\pris2\SourceMeter\Guille\jenkins-jenkins-2.328\core\src\main\java\hudson\util\ChunkedOutputStream.java","51","5","51","49","0","0","0","0","0","0","0","0","0","0","0","0","0","0","0","0","0","0","0","0","0","0","0","0"
"L6847","ZERO","hudson.util.ChunkedOutputStream.ZERO;[B","L6840","L103","C:\GIT\pris2\SourceMeter\Guille\jenkins-jenkins-2.328\core\src\main\java\hudson\util\ChunkedOutputStream.java","56","5","56","63","0","0","0","0","0","0","0","0","0","0","0","0","0","0","0","0","0","0","0","0","0","0","0","0"
"L6849","stream","hudson.util.ChunkedOutputStream.stream;Ljava/io/OutputStream;","L6840","L103","C:\GIT\pris2\SourceMeter\Guille\jenkins-jenkins-2.328\core\src\main\java\hudson\util\ChunkedOutputStream.java","59","5","59","33","0","0","0","0","0","0","0","0","0","0","0","0","0","0","0","0","0","0","0","0","0","0","0","0"
"L6851","cache","hudson.util.ChunkedOutputStream.cache;[B","L6840","L103","C:\GIT\pris2\SourceMeter\Guille\jenkins-jenkins-2.328\core\src\main\java\hudson\util\ChunkedOutputStream.java","61","5","61","26","0","0","0","0","0","0","0","0","0","0","0","0","0","0","0","0","0","0","0","0","0","0","0","0"
"L6852","cachePosition","hudson.util.ChunkedOutputStream.cachePosition;I","L6840","L103","C:\GIT\pris2\SourceMeter\Guille\jenkins-jenkins-2.328\core\src\main\java\hudson\util\ChunkedOutputStream.java","63","5","63","35","0","0","0","0","0","0","0","0","0","0","0","0","0","0","0","0","0","0","0","0","0","0","0","0"
"L6853","wroteLastChunk","hudson.util.ChunkedOutputStream.wroteLastChunk;Z","L6840","L103","C:\GIT\pris2\SourceMeter\Guille\jenkins-jenkins-2.328\core\src\main\java\hudson\util\ChunkedOutputStream.java","65","5","65","44","0","0","0","0","0","0","0","0","0","0","0","0","0","0","0","0","0","0","0","0","0","0","0","0"
"L6910","delegate","hudson.util.ClassLoaderSanityThreadFactory.delegate;Ljava/util/concurrent/ThreadFactory;","L6905","L103","C:\GIT\pris2\SourceMeter\Guille\jenkins-jenkins-2.328\core\src\main\java\hudson\util\ClassLoaderSanityThreadFactory.java","16","5","16","42","0","0","0","0","0","0","0","0","0","0","0","0","0","0","0","0","0","0","0","0","0","0","0","0"
"L6925","args","hudson.util.ClasspathBuilder.args;Ljava/util/List;","L6922","L103","C:\GIT\pris2\SourceMeter\Guille\jenkins-jenkins-2.328\core\src\main\java\hudson\util\ClasspathBuilder.java","18","5","18","57","0","0","0","0","0","0","0","0","0","0","0","0","0","0","0","0","0","0","0","0","0","0","0","0"
"L6959","diff","hudson.util.ClockDifference.diff;J","L6957","L103","C:\GIT\pris2\SourceMeter\Guille\jenkins-jenkins-2.328\core\src\main\java\hudson\util\ClockDifference.java","46","5","47","28","0","0","0","0","0","0","0","0","0","0","0","0","0","0","0","0","0","0","0","0","0","0","0","0"
"L6991","ZERO","hudson.util.ClockDifference.ZERO;Lhudson/util/ClockDifference;","L6957","L103","C:\GIT\pris2\SourceMeter\Guille\jenkins-jenkins-2.328\core\src\main\java\hudson\util\ClockDifference.java","111","5","111","71","0","0","0","0","0","0","0","0","0","0","0","0","0","0","0","0","0","0","0","0","0","0","0","0"
"L6981","FAILED_HTML","hudson.util.ClockDifference.FAILED_HTML;Ljava/lang/String;","L6957","L103","C:\GIT\pris2\SourceMeter\Guille\jenkins-jenkins-2.328\core\src\main\java\hudson\util\ClockDifference.java","113","5","114","84","0","0","0","0","0","0","0","0","0","0","0","0","0","0","0","0","0","0","0","0","0","0","0","0"
"L6995","RED","hudson.util.ColorPalette.RED;Ljava/awt/Color;","L6992","L103","C:\GIT\pris2\SourceMeter\Guille\jenkins-jenkins-2.328\core\src\main\java\hudson\util\ColorPalette.java","40","5","40","65","0","0","0","0","0","0","0","0","0","0","0","0","0","0","0","0","0","0","0","0","0","0","0","0"
"L6999","YELLOW","hudson.util.ColorPalette.YELLOW;Ljava/awt/Color;","L6992","L103","C:\GIT\pris2\SourceMeter\Guille\jenkins-jenkins-2.328\core\src\main\java\hudson\util\ColorPalette.java","41","5","41","68","0","0","0","0","0","0","0","0","0","0","0","0","0","0","0","0","0","0","0","0","0","0","0","0"
"L7000","BLUE","hudson.util.ColorPalette.BLUE;Ljava/awt/Color;","L6992","L103","C:\GIT\pris2\SourceMeter\Guille\jenkins-jenkins-2.328\core\src\main\java\hudson\util\ColorPalette.java","42","5","42","66","0","0","0","0","0","0","0","0","0","0","0","0","0","0","0","0","0","0","0","0","0","0","0","0"
"L7001","GREY","hudson.util.ColorPalette.GREY;Ljava/awt/Color;","L6992","L103","C:\GIT\pris2\SourceMeter\Guille\jenkins-jenkins-2.328\core\src\main\java\hudson\util\ColorPalette.java","43","5","43","66","0","0","0","0","0","0","0","0","0","0","0","0","0","0","0","0","0","0","0","0","0","0","0","0"
"L7002","DARK_GREY","hudson.util.ColorPalette.DARK_GREY;Ljava/awt/Color;","L6992","L103","C:\GIT\pris2\SourceMeter\Guille\jenkins-jenkins-2.328\core\src\main\java\hudson\util\ColorPalette.java","44","5","44","71","0","0","0","0","0","0","0","0","0","0","0","0","0","0","0","0","0","0","0","0","0","0","0","0"
"L7003","LIGHT_GREY","hudson.util.ColorPalette.LIGHT_GREY;Ljava/awt/Color;","L6992","L103","C:\GIT\pris2\SourceMeter\Guille\jenkins-jenkins-2.328\core\src\main\java\hudson\util\ColorPalette.java","45","5","45","72","0","0","0","0","0","0","0","0","0","0","0","0","0","0","0","0","0","0","0","0","0","0","0","0"
"L7004","LINE_GRAPH","hudson.util.ColorPalette.LINE_GRAPH;Ljava/util/List;","L6992","L103","C:\GIT\pris2\SourceMeter\Guille\jenkins-jenkins-2.328\core\src\main\java\hudson\util\ColorPalette.java","50","5","56","8","0","0","0","0","0","0","0","0","0","0","0","0","0","0","0","0","0","0","0","0","0","0","0","0"
"L7039","base","hudson.util.CompoundEnumeration.base;Ljava/util/Iterator;","L7030","L103","C:\GIT\pris2\SourceMeter\Guille\jenkins-jenkins-2.328\core\src\main\java\hudson\util\CompoundEnumeration.java","15","5","15","59","0","0","0","0","0","0","0","0","0","0","0","0","0","0","0","0","0","0","0","0","0","0","0","0"
"L7048","cur","hudson.util.CompoundEnumeration.cur;Ljava/util/Enumeration;","L7030","L103","C:\GIT\pris2\SourceMeter\Guille\jenkins-jenkins-2.328\core\src\main\java\hudson\util\CompoundEnumeration.java","17","5","17","42","0","0","0","0","0","0","0","0","0","0","0","0","0","0","0","0","0","0","0","0","0","0","0","0"
"L7070","file","hudson.util.CompressedFile.file;Ljava/io/File;","L7068","L103","C:\GIT\pris2\SourceMeter\Guille\jenkins-jenkins-2.328\core\src\main\java\hudson\util\CompressedFile.java","67","5","67","29","0","0","0","0","0","0","0","0","0","0","0","0","0","0","0","0","0","0","0","0","0","0","0","0"
"L7072","gz","hudson.util.CompressedFile.gz;Ljava/io/File;","L7068","L103","C:\GIT\pris2\SourceMeter\Guille\jenkins-jenkins-2.328\core\src\main\java\hudson\util\CompressedFile.java","72","5","72","27","0","0","0","0","0","0","0","0","0","0","0","0","0","0","0","0","0","0","0","0","0","0","0","0"
"L7104","compressionThread","hudson.util.CompressedFile.compressionThread;Ljava/util/concurrent/ExecutorService;","L7068","L103","C:\GIT\pris2\SourceMeter\Guille\jenkins-jenkins-2.328\core\src\main\java\hudson\util\CompressedFile.java","176","5","178","115","0","0","0","0","0","0","0","0","0","0","0","0","0","0","0","0","0","0","0","0","0","0","0","0"
"L7110","LOGGER","hudson.util.CompressedFile.LOGGER;Ljava/util/logging/Logger;","L7068","L103","C:\GIT\pris2\SourceMeter\Guille\jenkins-jenkins-2.328\core\src\main\java\hudson\util\CompressedFile.java","180","5","180","91","0","0","0","0","0","0","0","0","0","0","0","0","0","0","0","0","0","0","0","0","0","0","0","0"
"L7135","items","hudson.util.ConsistentHash.items;Ljava/util/Map;","L7133","L103","C:\GIT\pris2\SourceMeter\Guille\jenkins-jenkins-2.328\core\src\main\java\hudson\util\ConsistentHash.java","68","5","68","59","0","0","0","0","0","0","0","0","0","0","0","0","0","0","0","0","0","0","0","0","0","0","0","0"
"L7150","numPoints","hudson.util.ConsistentHash.numPoints;I","L7133","L103","C:\GIT\pris2\SourceMeter\Guille\jenkins-jenkins-2.328\core\src\main\java\hudson\util\ConsistentHash.java","69","5","69","27","0","0","0","0","0","0","0","0","0","0","0","0","0","0","0","0","0","0","0","0","0","0","0","0"
"L7151","defaultReplication","hudson.util.ConsistentHash.defaultReplication;I","L7133","L103","C:\GIT\pris2\SourceMeter\Guille\jenkins-jenkins-2.328\core\src\main\java\hudson\util\ConsistentHash.java","71","5","71","42","0","0","0","0","0","0","0","0","0","0","0","0","0","0","0","0","0","0","0","0","0","0","0","0"
"L7152","hash","hudson.util.ConsistentHash.hash;Lhudson/util/ConsistentHash$Hash;","L7133","L103","C:\GIT\pris2\SourceMeter\Guille\jenkins-jenkins-2.328\core\src\main\java\hudson\util\ConsistentHash.java","72","5","72","32","0","0","0","0","0","0","0","0","0","0","0","0","0","0","0","0","0","0","0","0","0","0","0","0"
"L7174","table","hudson.util.ConsistentHash.table;Lhudson/util/ConsistentHash$Table;","L7133","L103","C:\GIT\pris2\SourceMeter\Guille\jenkins-jenkins-2.328\core\src\main\java\hudson\util\ConsistentHash.java","95","5","95","34","0","0","0","0","0","0","0","0","0","0","0","0","0","0","0","0","0","0","0","0","0","0","0","0"
"L7224","DEFAULT_HASH","hudson.util.ConsistentHash.DEFAULT_HASH;Lhudson/util/ConsistentHash$Hash;","L7133","L103","C:\GIT\pris2\SourceMeter\Guille\jenkins-jenkins-2.328\core\src\main\java\hudson\util\ConsistentHash.java","210","5","210","73","0","0","0","0","0","0","0","0","0","0","0","0","0","0","0","0","0","0","0","0","0","0","0","0"
"L7333","core","hudson.util.CopyOnWriteList.core;Ljava/util/List;","L7331","L103","C:\GIT\pris2\SourceMeter\Guille\jenkins-jenkins-2.328\core\src\main\java\hudson\util\CopyOnWriteList.java","53","5","53","45","0","0","0","0","0","0","0","0","0","0","0","0","0","0","0","0","0","0","0","0","0","0","0","0"
"L7445","core","hudson.util.CopyOnWriteMap.core;Ljava/util/Map;","L7434","L103","C:\GIT\pris2\SourceMeter\Guille\jenkins-jenkins-2.328\core\src\main\java\hudson\util\CopyOnWriteMap.java","53","5","53","39","0","0","0","0","0","0","0","0","0","0","0","0","0","0","0","0","0","0","0","0","0","0","0","0"
"L7446","view","hudson.util.CopyOnWriteMap.view;Ljava/util/Map;","L7434","L103","C:\GIT\pris2\SourceMeter\Guille\jenkins-jenkins-2.328\core\src\main\java\hudson\util\CopyOnWriteMap.java","57","5","57","37","0","0","0","0","0","0","0","0","0","0","0","0","0","0","0","0","0","0","0","0","0","0","0","0"
"L7608","visited","hudson.util.CyclicGraphDetector.visited;Ljava/util/Set;","L7605","L103","C:\GIT\pris2\SourceMeter\Guille\jenkins-jenkins-2.328\core\src\main\java\hudson\util\CyclicGraphDetector.java","16","5","16","52","0","0","0","0","0","0","0","0","0","0","0","0","0","0","0","0","0","0","0","0","0","0","0","0"
"L7615","visiting","hudson.util.CyclicGraphDetector.visiting;Ljava/util/Set;","L7605","L103","C:\GIT\pris2\SourceMeter\Guille\jenkins-jenkins-2.328\core\src\main\java\hudson\util\CyclicGraphDetector.java","17","5","17","53","0","0","0","0","0","0","0","0","0","0","0","0","0","0","0","0","0","0","0","0","0","0","0","0"
"L7616","path","hudson.util.CyclicGraphDetector.path;Ljava/util/Stack;","L7605","L103","C:\GIT\pris2\SourceMeter\Guille\jenkins-jenkins-2.328\core\src\main\java\hudson\util\CyclicGraphDetector.java","18","5","18","49","0","0","0","0","0","0","0","0","0","0","0","0","0","0","0","0","0","0","0","0","0","0","0","0"
"L7620","topologicalOrder","hudson.util.CyclicGraphDetector.topologicalOrder;Ljava/util/List;","L7605","L103","C:\GIT\pris2\SourceMeter\Guille\jenkins-jenkins-2.328\core\src\main\java\hudson\util\CyclicGraphDetector.java","20","5","20","64","0","0","0","0","0","0","0","0","0","0","0","0","0","0","0","0","0","0","0","0","0","0","0","0"
"L7673","core","hudson.util.DaemonThreadFactory.core;Ljava/util/concurrent/ThreadFactory;","L7128","L103","C:\GIT\pris2\SourceMeter\Guille\jenkins-jenkins-2.328\core\src\main\java\hudson\util\DaemonThreadFactory.java","36","5","36","38","0","0","0","0","0","0","0","0","0","0","0","0","0","0","0","0","0","0","0","0","0","0","0","0"
"L7688","values","hudson.util.DataSetBuilder.values;Ljava/util/List;","L7685","L103","C:\GIT\pris2\SourceMeter\Guille\jenkins-jenkins-2.328\core\src\main\java\hudson\util\DataSetBuilder.java","47","5","47","53","0","0","0","0","0","0","0","0","0","0","0","0","0","0","0","0","0","0","0","0","0","0","0","0"
"L7698","rows","hudson.util.DataSetBuilder.rows;Ljava/util/List;","L7685","L103","C:\GIT\pris2\SourceMeter\Guille\jenkins-jenkins-2.328\core\src\main\java\hudson\util\DataSetBuilder.java","48","5","48","48","0","0","0","0","0","0","0","0","0","0","0","0","0","0","0","0","0","0","0","0","0","0","0","0"
"L7708","columns","hudson.util.DataSetBuilder.columns;Ljava/util/List;","L7685","L103","C:\GIT\pris2\SourceMeter\Guille\jenkins-jenkins-2.328\core\src\main\java\hudson\util\DataSetBuilder.java","49","5","49","54","0","0","0","0","0","0","0","0","0","0","0","0","0","0","0","0","0","0","0","0","0","0","0","0"
"L7736","last","hudson.util.DecodingStream.last;I","L7731","L103","C:\GIT\pris2\SourceMeter\Guille\jenkins-jenkins-2.328\core\src\main\java\hudson\util\DecodingStream.java","38","5","38","27","0","0","0","0","0","0","0","0","0","0","0","0","0","0","0","0","0","0","0","0","0","0","0","0"
"L7752","out","hudson.util.DelegatingOutputStream.out;Ljava/io/OutputStream;","L7750","L103","C:\GIT\pris2\SourceMeter\Guille\jenkins-jenkins-2.328\core\src\main\java\hudson\util\DelegatingOutputStream.java","37","5","37","32","0","0","0","0","0","0","0","0","0","0","0","0","0","0","0","0","0","0","0","0","0","0","0","0"
"L7901","LOGGER","hudson.util.DescribableList.LOGGER;Ljava/util/logging/Logger;","L7766","L103","C:\GIT\pris2\SourceMeter\Guille\jenkins-jenkins-2.328\core\src\main\java\hudson\util\DescribableList.java","313","5","313","92","0","0","0","0","0","0","0","0","0","0","0","0","0","0","0","0","0","0","0","0","0","0","0","0"
"L7978","type","hudson.util.DescriptorList.type;Ljava/lang/Class;","L7972","L103","C:\GIT\pris2\SourceMeter\Guille\jenkins-jenkins-2.328\core\src\main\java\hudson\util\DescriptorList.java","72","5","72","33","0","0","0","0","0","0","0","0","0","0","0","0","0","0","0","0","0","0","0","0","0","0","0","0"
"L7982","legacy","hudson.util.DescriptorList.legacy;Ljava/util/concurrent/CopyOnWriteArrayList;","L7972","L103","C:\GIT\pris2\SourceMeter\Guille\jenkins-jenkins-2.328\core\src\main\java\hudson\util\DescriptorList.java","74","5","74","62","0","0","0","0","0","0","0","0","0","0","0","0","0","0","0","0","0","0","0","0","0","0","0","0"
"L8171","serialVersionUID","hudson.util.DirScanner.serialVersionUID;J","L8056","L103","C:\GIT\pris2\SourceMeter\Guille\jenkins-jenkins-2.328\core\src\main\java\hudson\util\DirScanner.java","201","5","201","53","0","0","0","0","0","0","0","0","0","0","0","0","0","0","0","0","0","0","0","0","0","0","0","0"
"L8209","lastWriteTime","hudson.util.DoubleLaunchChecker.lastWriteTime;J","L8207","L103","C:\GIT\pris2\SourceMeter\Guille\jenkins-jenkins-2.328\core\src\main\java\hudson\util\DoubleLaunchChecker.java","78","5","78","37","0","0","0","0","0","0","0","0","0","0","0","0","0","0","0","0","0","0","0","0","0","0","0","0"
"L8211","ignore","hudson.util.DoubleLaunchChecker.ignore;Z","L8207","L103","C:\GIT\pris2\SourceMeter\Guille\jenkins-jenkins-2.328\core\src\main\java\hudson\util\DoubleLaunchChecker.java","84","5","84","36","0","0","0","0","0","0","0","0","0","0","0","0","0","0","0","0","0","0","0","0","0","0","0","0"
"L8213","random","hudson.util.DoubleLaunchChecker.random;Ljava/util/Random;","L8207","L103","C:\GIT\pris2\SourceMeter\Guille\jenkins-jenkins-2.328\core\src\main\java\hudson\util\DoubleLaunchChecker.java","86","5","86","48","0","0","0","0","0","0","0","0","0","0","0","0","0","0","0","0","0","0","0","0","0","0","0","0"
"L8217","home","hudson.util.DoubleLaunchChecker.home;Ljava/io/File;","L8207","L103","C:\GIT\pris2\SourceMeter\Guille\jenkins-jenkins-2.328\core\src\main\java\hudson\util\DoubleLaunchChecker.java","88","5","88","28","0","0","0","0","0","0","0","0","0","0","0","0","0","0","0","0","0","0","0","0","0","0","0","0"
"L8218","collidingId","hudson.util.DoubleLaunchChecker.collidingId;Ljava/lang/String;","L8207","L103","C:\GIT\pris2\SourceMeter\Guille\jenkins-jenkins-2.328\core\src\main\java\hudson\util\DoubleLaunchChecker.java","94","5","94","32","0","0","0","0","0","0","0","0","0","0","0","0","0","0","0","0","0","0","0","0","0","0","0","0"
"L8230","LOGGER","hudson.util.DoubleLaunchChecker.LOGGER;Ljava/util/logging/Logger;","L8207","L103","C:\GIT\pris2\SourceMeter\Guille\jenkins-jenkins-2.328\core\src\main\java\hudson\util\DoubleLaunchChecker.java","191","5","191","96","0","0","0","0","0","0","0","0","0","0","0","0","0","0","0","0","0","0","0","0","0","0","0","0"
"L8283","lhs","hudson.util.DualOutputStream.lhs;Ljava/io/OutputStream;","L8281","L103","C:\GIT\pris2\SourceMeter\Guille\jenkins-jenkins-2.328\core\src\main\java\hudson\util\DualOutputStream.java","34","5","34","36","0","0","0","0","0","0","0","0","0","0","0","0","0","0","0","0","0","0","0","0","0","0","0","0"
"L8284","rhs","hudson.util.DualOutputStream.rhs;Ljava/io/OutputStream;","L8281","L103","C:\GIT\pris2\SourceMeter\Guille\jenkins-jenkins-2.328\core\src\main\java\hudson\util\DualOutputStream.java","34","5","34","41","0","0","0","0","0","0","0","0","0","0","0","0","0","0","0","0","0","0","0","0","0","0","0","0"
"L8324","cost","hudson.util.EditDistance.cost;[I","L8300","L103","C:\GIT\pris2\SourceMeter\Guille\jenkins-jenkins-2.328\core\src\main\java\hudson\util\EditDistance.java","73","5","73","24","0","0","0","0","0","0","0","0","0","0","0","0","0","0","0","0","0","0","0","0","0","0","0","0"
"L8326","back","hudson.util.EditDistance.back;[I","L8300","L103","C:\GIT\pris2\SourceMeter\Guille\jenkins-jenkins-2.328\core\src\main\java\hudson\util\EditDistance.java","75","5","75","24","0","0","0","0","0","0","0","0","0","0","0","0","0","0","0","0","0","0","0","0","0","0","0","0"
"L8328","a","hudson.util.EditDistance.a;Ljava/lang/String;","L8300","L103","C:\GIT\pris2\SourceMeter\Guille\jenkins-jenkins-2.328\core\src\main\java\hudson\util\EditDistance.java","78","5","78","28","0","0","0","0","0","0","0","0","0","0","0","0","0","0","0","0","0","0","0","0","0","0","0","0"
"L8330","b","hudson.util.EditDistance.b;Ljava/lang/String;","L8300","L103","C:\GIT\pris2\SourceMeter\Guille\jenkins-jenkins-2.328\core\src\main\java\hudson\util\EditDistance.java","78","5","78","31","0","0","0","0","0","0","0","0","0","0","0","0","0","0","0","0","0","0","0","0","0","0","0","0"
"L8351","chars","hudson.util.EncodingStream.chars;Ljava/lang/String;","L8345","L103","C:\GIT\pris2\SourceMeter\Guille\jenkins-jenkins-2.328\core\src\main\java\hudson\util\EncodingStream.java","50","5","50","60","0","0","0","0","0","0","0","0","0","0","0","0","0","0","0","0","0","0","0","0","0","0","0","0"
"L8379","core","hudson.util.ExceptionCatchingThreadFactory.core;Ljava/util/concurrent/ThreadFactory;","L7122","L103","C:\GIT\pris2\SourceMeter\Guille\jenkins-jenkins-2.328\core\src\main\java\hudson\util\ExceptionCatchingThreadFactory.java","40","5","40","38","0","0","0","0","0","0","0","0","0","0","0","0","0","0","0","0","0","0","0","0","0","0","0","0"
"L8392","LOGGER","hudson.util.ExceptionCatchingThreadFactory.LOGGER;Ljava/util/logging/Logger;","L7122","L103","C:\GIT\pris2\SourceMeter\Guille\jenkins-jenkins-2.328\core\src\main\java\hudson\util\ExceptionCatchingThreadFactory.java","62","5","62","107","0","0","0","0","0","0","0","0","0","0","0","0","0","0","0","0","0","0","0","0","0","0","0","0"
"L8397","LOGGER","hudson.util.FileChannelWriter.LOGGER;Ljava/util/logging/Logger;","L6457","L103","C:\GIT\pris2\SourceMeter\Guille\jenkins-jenkins-2.328\core\src\main\java\hudson\util\FileChannelWriter.java","31","5","31","94","0","0","0","0","0","0","0","0","0","0","0","0","0","0","0","0","0","0","0","0","0","0","0","0"
"L8398","charset","hudson.util.FileChannelWriter.charset;Ljava/nio/charset/Charset;","L6457","L103","C:\GIT\pris2\SourceMeter\Guille\jenkins-jenkins-2.328\core\src\main\java\hudson\util\FileChannelWriter.java","33","5","33","35","0","0","0","0","0","0","0","0","0","0","0","0","0","0","0","0","0","0","0","0","0","0","0","0"
"L8399","channel","hudson.util.FileChannelWriter.channel;Ljava/nio/channels/FileChannel;","L6457","L103","C:\GIT\pris2\SourceMeter\Guille\jenkins-jenkins-2.328\core\src\main\java\hudson\util\FileChannelWriter.java","34","5","34","39","0","0","0","0","0","0","0","0","0","0","0","0","0","0","0","0","0","0","0","0","0","0","0","0"
"L8403","forceOnFlush","hudson.util.FileChannelWriter.forceOnFlush;Z","L6457","L103","C:\GIT\pris2\SourceMeter\Guille\jenkins-jenkins-2.328\core\src\main\java\hudson\util\FileChannelWriter.java","47","5","47","40","0","0","0","0","0","0","0","0","0","0","0","0","0","0","0","0","0","0","0","0","0","0","0","0"
"L8405","forceOnClose","hudson.util.FileChannelWriter.forceOnClose;Z","L6457","L103","C:\GIT\pris2\SourceMeter\Guille\jenkins-jenkins-2.328\core\src\main\java\hudson\util\FileChannelWriter.java","52","5","52","40","0","0","0","0","0","0","0","0","0","0","0","0","0","0","0","0","0","0","0","0","0","0","0","0"
"L8492","lhs","hudson.util.ForkOutputStream.lhs;Ljava/io/OutputStream;","L8490","L103","C:\GIT\pris2\SourceMeter\Guille\jenkins-jenkins-2.328\core\src\main\java\hudson\util\ForkOutputStream.java","34","5","34","36","0","0","0","0","0","0","0","0","0","0","0","0","0","0","0","0","0","0","0","0","0","0","0","0"
"L8493","rhs","hudson.util.ForkOutputStream.rhs;Ljava/io/OutputStream;","L8490","L103","C:\GIT\pris2\SourceMeter\Guille\jenkins-jenkins-2.328\core\src\main\java\hudson\util\ForkOutputStream.java","35","5","35","36","0","0","0","0","0","0","0","0","0","0","0","0","0","0","0","0","0","0","0","0","0","0","0","0"
"L8537","CHECK","hudson.util.FormFieldValidator.CHECK;Lhudson/security/Permission;","L8535","L103","C:\GIT\pris2\SourceMeter\Guille\jenkins-jenkins-2.328\core\src\main\java\hudson\util\FormFieldValidator.java","66","5","66","63","0","0","0","0","0","0","0","0","0","0","0","0","0","0","0","0","0","0","0","0","0","0","0","0"
"L8538","request","hudson.util.FormFieldValidator.request;LStaplerRequest;","L8535","L103","C:\GIT\pris2\SourceMeter\Guille\jenkins-jenkins-2.328\core\src\main\java\hudson\util\FormFieldValidator.java","68","5","68","44","0","0","0","0","0","0","0","0","0","0","0","0","0","0","0","0","0","0","0","0","0","0","0","0"
"L8539","response","hudson.util.FormFieldValidator.response;LStaplerResponse;","L8535","L103","C:\GIT\pris2\SourceMeter\Guille\jenkins-jenkins-2.328\core\src\main\java\hudson\util\FormFieldValidator.java","69","5","69","46","0","0","0","0","0","0","0","0","0","0","0","0","0","0","0","0","0","0","0","0","0","0","0","0"
"L8540","permission","hudson.util.FormFieldValidator.permission;Lhudson/security/Permission;","L8535","L103","C:\GIT\pris2\SourceMeter\Guille\jenkins-jenkins-2.328\core\src\main\java\hudson\util\FormFieldValidator.java","73","5","73","43","0","0","0","0","0","0","0","0","0","0","0","0","0","0","0","0","0","0","0","0","0","0","0","0"
"L8542","subject","hudson.util.FormFieldValidator.subject;Lhudson/security/AccessControlled;","L8535","L103","C:\GIT\pris2\SourceMeter\Guille\jenkins-jenkins-2.328\core\src\main\java\hudson\util\FormFieldValidator.java","79","5","79","46","0","0","0","0","0","0","0","0","0","0","0","0","0","0","0","0","0","0","0","0","0","0","0","0"
"L8874","kind","hudson.util.FormFillFailure.kind;Lhudson/util/FormValidation$Kind;","L8788","L103","C:\GIT\pris2\SourceMeter\Guille\jenkins-jenkins-2.328\core\src\main\java\hudson\util\FormFillFailure.java","170","5","170","44","0","0","0","0","0","0","0","0","0","0","0","0","0","0","0","0","0","0","0","0","0","0","0","0"
"L8875","selectionCleared","hudson.util.FormFillFailure.selectionCleared;Z","L8788","L103","C:\GIT\pris2\SourceMeter\Guille\jenkins-jenkins-2.328\core\src\main\java\hudson\util\FormFillFailure.java","171","5","171","38","0","0","0","0","0","0","0","0","0","0","0","0","0","0","0","0","0","0","0","0","0","0","0","0"
"L8628","APPLY_CONTENT_SECURITY_POLICY_HEADERS","hudson.util.FormValidation.APPLY_CONTENT_SECURITY_POLICY_HEADERS;Z","L8827","L103","C:\GIT\pris2\SourceMeter\Guille\jenkins-jenkins-2.328\core\src\main\java\hudson\util\FormValidation.java","116","19","116","206","0","0","0","0","0","0","0","0","0","0","0","0","0","0","0","0","0","0","0","0","0","0","0","0"
"L8923","OK","hudson.util.FormValidation.OK;Lhudson/util/FormValidation;","L8827","L103","C:\GIT\pris2\SourceMeter\Guille\jenkins-jenkins-2.328\core\src\main\java\hudson\util\FormValidation.java","159","5","159","73","0","0","0","0","0","0","0","0","0","0","0","0","0","0","0","0","0","0","0","0","0","0","0","0"
"L8984","kind","hudson.util.FormValidation.kind;Lhudson/util/FormValidation$Kind;","L8827","L103","C:\GIT\pris2\SourceMeter\Guille\jenkins-jenkins-2.328\core\src\main\java\hudson\util\FormValidation.java","534","5","534","28","0","0","0","0","0","0","0","0","0","0","0","0","0","0","0","0","0","0","0","0","0","0","0","0"
"L9181","MAX_AREA","hudson.util.Graph.MAX_AREA;I","L6715","L103","C:\GIT\pris2\SourceMeter\Guille\jenkins-jenkins-2.328\core\src\main\java\hudson\util\Graph.java","65","5","66","161","0","0","0","0","0","0","0","0","0","0","0","0","0","0","0","0","0","0","0","0","0","0","0","0"
"L9184","timestamp","hudson.util.Graph.timestamp;J","L6715","L103","C:\GIT\pris2\SourceMeter\Guille\jenkins-jenkins-2.328\core\src\main\java\hudson\util\Graph.java","68","5","68","34","0","0","0","0","0","0","0","0","0","0","0","0","0","0","0","0","0","0","0","0","0","0","0","0"
"L9185","defaultWidth","hudson.util.Graph.defaultWidth;I","L6715","L103","C:\GIT\pris2\SourceMeter\Guille\jenkins-jenkins-2.328\core\src\main\java\hudson\util\Graph.java","69","5","69","36","0","0","0","0","0","0","0","0","0","0","0","0","0","0","0","0","0","0","0","0","0","0","0","0"
"L9186","defaultHeight","hudson.util.Graph.defaultHeight;I","L6715","L103","C:\GIT\pris2\SourceMeter\Guille\jenkins-jenkins-2.328\core\src\main\java\hudson\util\Graph.java","70","5","70","37","0","0","0","0","0","0","0","0","0","0","0","0","0","0","0","0","0","0","0","0","0","0","0","0"
"L9187","defaultScale","hudson.util.Graph.defaultScale;I","L6715","L103","C:\GIT\pris2\SourceMeter\Guille\jenkins-jenkins-2.328\core\src\main\java\hudson\util\Graph.java","71","5","71","40","0","0","0","0","0","0","0","0","0","0","0","0","0","0","0","0","0","0","0","0","0","0","0","0"
"L9188","graph","hudson.util.Graph.graph;LJFreeChart;","L6715","L103","C:\GIT\pris2\SourceMeter\Guille\jenkins-jenkins-2.328\core\src\main\java\hudson\util\Graph.java","72","5","72","39","0","0","0","0","0","0","0","0","0","0","0","0","0","0","0","0","0","0","0","0","0","0","0","0"
"L9259","side","hudson.util.HeadBufferingStream.side;LByteArrayOutputStream;","L9254","L103","C:\GIT\pris2\SourceMeter\Guille\jenkins-jenkins-2.328\core\src\main\java\hudson\util\HeadBufferingStream.java","42","5","42","46","0","0","0","0","0","0","0","0","0","0","0","0","0","0","0","0","0","0","0","0","0","0","0","0"
"L9260","sideBufferSize","hudson.util.HeadBufferingStream.sideBufferSize;I","L9254","L103","C:\GIT\pris2\SourceMeter\Guille\jenkins-jenkins-2.328\core\src\main\java\hudson\util\HeadBufferingStream.java","43","5","43","38","0","0","0","0","0","0","0","0","0","0","0","0","0","0","0","0","0","0","0","0","0","0","0","0"
"L9334","MAGIC","hudson.util.HistoricalSecrets.MAGIC;Ljava/lang/String;","L9309","L103","C:\GIT\pris2\SourceMeter\Guille\jenkins-jenkins-2.328\core\src\main\java\hudson\util\HistoricalSecrets.java","95","5","95","49","0","0","0","0","0","0","0","0","0","0","0","0","0","0","0","0","0","0","0","0","0","0","0","0"
"L9417","exception","hudson.util.HudsonFailedToLoad.exception;Ljava/lang/Throwable;","L9415","L103","C:\GIT\pris2\SourceMeter\Guille\jenkins-jenkins-2.328\core\src\main\java\hudson\util\HudsonFailedToLoad.java","39","5","40","38","0","0","0","0","0","0","0","0","0","0","0","0","0","0","0","0","0","0","0","0","0","0","0","0"
"L9434","antClass","hudson.util.IncompatibleAntVersionDetected.antClass;Ljava/lang/Class;","L9432","L103","C:\GIT\pris2\SourceMeter\Guille\jenkins-jenkins-2.328\core\src\main\java\hudson\util\IncompatibleAntVersionDetected.java","41","5","41","34","0","0","0","0","0","0","0","0","0","0","0","0","0","0","0","0","0","0","0","0","0","0","0","0"
"L9444","servletClass","hudson.util.IncompatibleServletVersionDetected.servletClass;Ljava/lang/Class;","L9442","L103","C:\GIT\pris2\SourceMeter\Guille\jenkins-jenkins-2.328\core\src\main\java\hudson\util\IncompatibleServletVersionDetected.java","41","5","41","38","0","0","0","0","0","0","0","0","0","0","0","0","0","0","0","0","0","0","0","0","0","0","0","0"
"L9457","exception","hudson.util.InsufficientPermissionDetected.exception;Ljava/lang/SecurityException;","L9455","L103","C:\GIT\pris2\SourceMeter\Guille\jenkins-jenkins-2.328\core\src\main\java\hudson\util\InsufficientPermissionDetected.java","40","5","41","46","0","0","0","0","0","0","0","0","0","0","0","0","0","0","0","0","0","0","0","0","0","0","0","0"
"L9954","DIR_SEPARATOR_UNIX","hudson.util.IOUtils.DIR_SEPARATOR_UNIX;C","L9911","L103","C:\GIT\pris2\SourceMeter\Guille\jenkins-jenkins-2.328\core\src\main\java\hudson\util\IOUtils.java","161","5","162","106","0","0","0","0","0","0","0","0","0","0","0","0","0","0","0","0","0","0","0","0","0","0","0","0"
"L9956","DIR_SEPARATOR_WINDOWS","hudson.util.IOUtils.DIR_SEPARATOR_WINDOWS;C","L9911","L103","C:\GIT\pris2\SourceMeter\Guille\jenkins-jenkins-2.328\core\src\main\java\hudson\util\IOUtils.java","167","5","168","109","0","0","0","0","0","0","0","0","0","0","0","0","0","0","0","0","0","0","0","0","0","0","0","0"
"L9958","DIR_SEPARATOR","hudson.util.IOUtils.DIR_SEPARATOR;C","L9911","L103","C:\GIT\pris2\SourceMeter\Guille\jenkins-jenkins-2.328\core\src\main\java\hudson\util\IOUtils.java","173","5","174","101","0","0","0","0","0","0","0","0","0","0","0","0","0","0","0","0","0","0","0","0","0","0","0","0"
"L9960","LINE_SEPARATOR_UNIX","hudson.util.IOUtils.LINE_SEPARATOR_UNIX;Ljava/lang/String;","L9911","L103","C:\GIT\pris2\SourceMeter\Guille\jenkins-jenkins-2.328\core\src\main\java\hudson\util\IOUtils.java","179","5","180","107","0","0","0","0","0","0","0","0","0","0","0","0","0","0","0","0","0","0","0","0","0","0","0","0"
"L9962","LINE_SEPARATOR_WINDOWS","hudson.util.IOUtils.LINE_SEPARATOR_WINDOWS;Ljava/lang/String;","L9911","L103","C:\GIT\pris2\SourceMeter\Guille\jenkins-jenkins-2.328\core\src\main\java\hudson\util\IOUtils.java","185","5","186","110","0","0","0","0","0","0","0","0","0","0","0","0","0","0","0","0","0","0","0","0","0","0","0","0"
"L9964","LINE_SEPARATOR","hudson.util.IOUtils.LINE_SEPARATOR;Ljava/lang/String;","L9911","L103","C:\GIT\pris2\SourceMeter\Guille\jenkins-jenkins-2.328\core\src\main\java\hudson\util\IOUtils.java","191","5","192","47","0","0","0","0","0","0","0","0","0","0","0","0","0","0","0","0","0","0","0","0","0","0","0","0"
"L9930","SKIP_BUFFER","hudson.util.IOUtils.SKIP_BUFFER;[B","L9911","L103","C:\GIT\pris2\SourceMeter\Guille\jenkins-jenkins-2.328\core\src\main\java\hudson\util\IOUtils.java","586","5","586","62","0","0","0","0","0","0","0","0","0","0","0","0","0","0","0","0","0","0","0","0","0","0","0","0"
"L3937","cause","hudson.util.JenkinsReloadFailed.cause;Ljava/lang/Throwable;","L3934","L103","C:\GIT\pris2\SourceMeter\Guille\jenkins-jenkins-2.328\core\src\main\java\hudson\util\JenkinsReloadFailed.java","12","5","13","34","0","0","0","0","0","0","0","0","0","0","0","0","0","0","0","0","0","0","0","0","0","0","0","0"
"L11343","classpath","hudson.util.JVMBuilder.classpath;Lhudson/util/ClasspathBuilder;","L11340","L103","C:\GIT\pris2\SourceMeter\Guille\jenkins-jenkins-2.328\core\src\main\java\hudson\util\JVMBuilder.java","42","5","42","71","0","0","0","0","0","0","0","0","0","0","0","0","0","0","0","0","0","0","0","0","0","0","0","0"
"L11344","systemProperties","hudson.util.JVMBuilder.systemProperties;Ljava/util/Map;","L11340","L103","C:\GIT\pris2\SourceMeter\Guille\jenkins-jenkins-2.328\core\src\main\java\hudson\util\JVMBuilder.java","43","5","43","74","0","0","0","0","0","0","0","0","0","0","0","0","0","0","0","0","0","0","0","0","0","0","0","0"
"L11348","args","hudson.util.JVMBuilder.args;Lhudson/util/ArgumentListBuilder;","L11340","L103","C:\GIT\pris2\SourceMeter\Guille\jenkins-jenkins-2.328\core\src\main\java\hudson\util\JVMBuilder.java","44","5","44","72","0","0","0","0","0","0","0","0","0","0","0","0","0","0","0","0","0","0","0","0","0","0","0","0"
"L11349","vmopts","hudson.util.JVMBuilder.vmopts;Lhudson/util/ArgumentListBuilder;","L11340","L103","C:\GIT\pris2\SourceMeter\Guille\jenkins-jenkins-2.328\core\src\main\java\hudson\util\JVMBuilder.java","45","5","45","74","0","0","0","0","0","0","0","0","0","0","0","0","0","0","0","0","0","0","0","0","0","0","0","0"
"L11350","pwd","hudson.util.JVMBuilder.pwd;Lhudson/FilePath;","L11340","L103","C:\GIT\pris2\SourceMeter\Guille\jenkins-jenkins-2.328\core\src\main\java\hudson\util\JVMBuilder.java","46","5","46","26","0","0","0","0","0","0","0","0","0","0","0","0","0","0","0","0","0","0","0","0","0","0","0","0"
"L11351","mainClass","hudson.util.JVMBuilder.mainClass;Ljava/lang/String;","L11340","L103","C:\GIT\pris2\SourceMeter\Guille\jenkins-jenkins-2.328\core\src\main\java\hudson\util\JVMBuilder.java","48","5","48","30","0","0","0","0","0","0","0","0","0","0","0","0","0","0","0","0","0","0","0","0","0","0","0","0"
"L11401","serialVersionUID","hudson.util.JVMBuilder.serialVersionUID;J","L11340","L103","C:\GIT\pris2\SourceMeter\Guille\jenkins-jenkins-2.328\core\src\main\java\hudson\util\JVMBuilder.java","137","5","137","53","0","0","0","0","0","0","0","0","0","0","0","0","0","0","0","0","0","0","0","0","0","0","0","0"
"L11405","core","hudson.util.KeyedDataStorage.core;Ljava/util/concurrent/ConcurrentHashMap;","L11402","L103","C:\GIT\pris2\SourceMeter\Guille\jenkins-jenkins-2.328\core\src\main\java\hudson\util\KeyedDataStorage.java","66","5","66","86","0","0","0","0","0","0","0","0","0","0","0","0","0","0","0","0","0","0","0","0","0","0","0","0"
"L11448","totalQuery","hudson.util.KeyedDataStorage.totalQuery;Ljava/util/concurrent/atomic/AtomicInteger;","L11402","L103","C:\GIT\pris2\SourceMeter\Guille\jenkins-jenkins-2.328\core\src\main\java\hudson\util\KeyedDataStorage.java","248","5","248","65","0","0","0","0","0","0","0","0","0","0","0","0","0","0","0","0","0","0","0","0","0","0","0","0"
"L11461","cacheHit","hudson.util.KeyedDataStorage.cacheHit;Ljava/util/concurrent/atomic/AtomicInteger;","L11402","L103","C:\GIT\pris2\SourceMeter\Guille\jenkins-jenkins-2.328\core\src\main\java\hudson\util\KeyedDataStorage.java","252","5","252","63","0","0","0","0","0","0","0","0","0","0","0","0","0","0","0","0","0","0","0","0","0","0","0","0"
"L11463","weakRefLost","hudson.util.KeyedDataStorage.weakRefLost;Ljava/util/concurrent/atomic/AtomicInteger;","L11402","L103","C:\GIT\pris2\SourceMeter\Guille\jenkins-jenkins-2.328\core\src\main\java\hudson\util\KeyedDataStorage.java","259","5","259","66","0","0","0","0","0","0","0","0","0","0","0","0","0","0","0","0","0","0","0","0","0","0","0","0"
"L11480","loadFailure","hudson.util.KeyedDataStorage.loadFailure;Ljava/util/concurrent/atomic/AtomicInteger;","L11402","L103","C:\GIT\pris2\SourceMeter\Guille\jenkins-jenkins-2.328\core\src\main\java\hudson\util\KeyedDataStorage.java","263","5","263","66","0","0","0","0","0","0","0","0","0","0","0","0","0","0","0","0","0","0","0","0","0","0","0","0"
"L11617","delegate","hudson.util.LogTaskListener.delegate;Lhudson/model/TaskListener;","L11611","L103","C:\GIT\pris2\SourceMeter\Guille\jenkins-jenkins-2.328\core\src\main\java\hudson\util\LogTaskListener.java","49","5","49","41","0","0","0","0","0","0","0","0","0","0","0","0","0","0","0","0","0","0","0","0","0","0","0","0"
"L11683","serialVersionUID","hudson.util.LogTaskListener.serialVersionUID;J","L11611","L103","C:\GIT\pris2\SourceMeter\Guille\jenkins-jenkins-2.328\core\src\main\java\hudson\util\LogTaskListener.java","112","5","112","53","0","0","0","0","0","0","0","0","0","0","0","0","0","0","0","0","0","0","0","0","0","0","0","0"
"L11685","cache","hudson.util.LRUStringConverter.cache;Ljava/util/Map;","L11684","L103","C:\GIT\pris2\SourceMeter\Guille\jenkins-jenkins-2.328\core\src\main\java\hudson\util\LRUStringConverter.java","14","5","14","45","0","0","0","0","0","0","0","0","0","0","0","0","0","0","0","0","0","0","0","0","0","0","0","0"
"L11700","masksClasses","hudson.util.MaskingClassLoader.masksClasses;Ljava/util/List;","L11698","L103","C:\GIT\pris2\SourceMeter\Guille\jenkins-jenkins-2.328\core\src\main\java\hudson\util\MaskingClassLoader.java","49","5","49","76","0","0","0","0","0","0","0","0","0","0","0","0","0","0","0","0","0","0","0","0","0","0","0","0"
"L11705","masksResources","hudson.util.MaskingClassLoader.masksResources;Ljava/util/List;","L11698","L103","C:\GIT\pris2\SourceMeter\Guille\jenkins-jenkins-2.328\core\src\main\java\hudson\util\MaskingClassLoader.java","51","5","51","78","0","0","0","0","0","0","0","0","0","0","0","0","0","0","0","0","0","0","0","0","0","0","0","0"
"L11745","upload","hudson.util.MultipartFormDataParser.upload;LServletFileUpload;","L11743","L103","C:\GIT\pris2\SourceMeter\Guille\jenkins-jenkins-2.328\core\src\main\java\hudson\util\MultipartFormDataParser.java","45","5","45","95","0","0","0","0","0","0","0","0","0","0","0","0","0","0","0","0","0","0","0","0","0","0","0","0"
"L11746","byName","hudson.util.MultipartFormDataParser.byName;Ljava/util/Map;","L11743","L103","C:\GIT\pris2\SourceMeter\Guille\jenkins-jenkins-2.328\core\src\main\java\hudson\util\MultipartFormDataParser.java","46","5","46","66","0","0","0","0","0","0","0","0","0","0","0","0","0","0","0","0","0","0","0","0","0","0","0","0"
"L11769","threadNum","hudson.util.NamingThreadFactory.threadNum;Ljava/util/concurrent/atomic/AtomicInteger;","L7125","L103","C:\GIT\pris2\SourceMeter\Guille\jenkins-jenkins-2.328\core\src\main\java\hudson\util\NamingThreadFactory.java","37","5","37","65","0","0","0","0","0","0","0","0","0","0","0","0","0","0","0","0","0","0","0","0","0","0","0","0"
"L11770","delegate","hudson.util.NamingThreadFactory.delegate;Ljava/util/concurrent/ThreadFactory;","L7125","L103","C:\GIT\pris2\SourceMeter\Guille\jenkins-jenkins-2.328\core\src\main\java\hudson\util\NamingThreadFactory.java","38","5","38","42","0","0","0","0","0","0","0","0","0","0","0","0","0","0","0","0","0","0","0","0","0","0","0","0"
"L11771","name","hudson.util.NamingThreadFactory.name;Ljava/lang/String;","L7125","L103","C:\GIT\pris2\SourceMeter\Guille\jenkins-jenkins-2.328\core\src\main\java\hudson\util\NamingThreadFactory.java","39","5","39","31","0","0","0","0","0","0","0","0","0","0","0","0","0","0","0","0","0","0","0","0","0","0","0","0"
"L11826","factory","hudson.util.NoClientBindSSLProtocolSocketFactory.factory;Lhudson/util/NoClientBindSSLProtocolSocketFactory;","L11824","L103","C:\GIT\pris2\SourceMeter\Guille\jenkins-jenkins-2.328\core\src\main\java\hudson\util\NoClientBindSSLProtocolSocketFactory.java","49","5","49","116","0","0","0","0","0","0","0","0","0","0","0","0","0","0","0","0","0","0","0","0","0","0","0","0"
"L11875","home","hudson.util.NoHomeDir.home;Ljava/io/File;","L11873","L103","C:\GIT\pris2\SourceMeter\Guille\jenkins-jenkins-2.328\core\src\main\java\hudson\util\NoHomeDir.java","39","5","39","28","0","0","0","0","0","0","0","0","0","0","0","0","0","0","0","0","0","0","0","0","0","0","0","0"
"L11940","exception","hudson.util.NoTempDir.exception;Ljava/io/IOException;","L11938","L103","C:\GIT\pris2\SourceMeter\Guille\jenkins-jenkins-2.328\core\src\main\java\hudson\util\NoTempDir.java","41","5","42","40","0","0","0","0","0","0","0","0","0","0","0","0","0","0","0","0","0","0","0","0","0","0","0","0"
"L11955","signaled","hudson.util.OneShotEvent.signaled;Z","L4168","L103","C:\GIT\pris2\SourceMeter\Guille\jenkins-jenkins-2.328\core\src\main\java\hudson\util\OneShotEvent.java","42","5","42","30","0","0","0","0","0","0","0","0","0","0","0","0","0","0","0","0","0","0","0","0","0","0","0","0"
"L11956","lock","hudson.util.OneShotEvent.lock;Ljava/lang/Object;","L4168","L103","C:\GIT\pris2\SourceMeter\Guille\jenkins-jenkins-2.328\core\src\main\java\hudson\util\OneShotEvent.java","43","5","43","31","0","0","0","0","0","0","0","0","0","0","0","0","0","0","0","0","0","0","0","0","0","0","0","0"
"L11981","kvpairs","hudson.util.PackedMap.kvpairs;[Ljava/lang/Object;","L11969","L103","C:\GIT\pris2\SourceMeter\Guille\jenkins-jenkins-2.328\core\src\main\java\hudson\util\PackedMap.java","59","5","59","30","0","0","0","0","0","0","0","0","0","0","0","0","0","0","0","0","0","0","0","0","0","0","0","0"
"L12005","entrySet","hudson.util.PackedMap.entrySet;Ljava/util/Set;","L11969","L103","C:\GIT\pris2\SourceMeter\Guille\jenkins-jenkins-2.328\core\src\main\java\hudson\util\PackedMap.java","79","5","123","7","0","0","0","0","0","0","0","0","0","0","0","0","0","0","0","0","0","0","0","0","0","0","0","0"
"L12074","LOGGER","hudson.util.PersistedList.LOGGER;Ljava/util/logging/Logger;","L7769","L103","C:\GIT\pris2\SourceMeter\Guille\jenkins-jenkins-2.328\core\src\main\java\hudson\util\PersistedList.java","61","5","61","90","0","0","0","0","0","0","0","0","0","0","0","0","0","0","0","0","0","0","0","0","0","0","0","0"
"L7811","data","hudson.util.PersistedList.data;Lhudson/util/CopyOnWriteList;","L7769","L103","C:\GIT\pris2\SourceMeter\Guille\jenkins-jenkins-2.328\core\src\main\java\hudson\util\PersistedList.java","63","5","63","71","0","0","0","0","0","0","0","0","0","0","0","0","0","0","0","0","0","0","0","0","0","0","0","0"
"L7803","owner","hudson.util.PersistedList.owner;Lhudson/model/Saveable;","L7769","L103","C:\GIT\pris2\SourceMeter\Guille\jenkins-jenkins-2.328\core\src\main\java\hudson\util\PersistedList.java","64","5","64","46","0","0","0","0","0","0","0","0","0","0","0","0","0","0","0","0","0","0","0","0","0","0","0","0"
"L12147","IGNORED_CLASSES","hudson.util.PersistedList.IGNORED_CLASSES;Ljava/util/Set;","L7769","L103","C:\GIT\pris2\SourceMeter\Guille\jenkins-jenkins-2.328\core\src\main\java\hudson\util\PersistedList.java","205","5","205","189","0","0","0","0","0","0","0","0","0","0","0","0","0","0","0","0","0","0","0","0","0","0","0","0"
"L12191","list","hudson.util.PluginServletFilter.list;Ljava/util/List;","L12188","L103","C:\GIT\pris2\SourceMeter\Guille\jenkins-jenkins-2.328\core\src\main\java\hudson\util\PluginServletFilter.java","63","5","63","68","0","0","0","0","0","0","0","0","0","0","0","0","0","0","0","0","0","0","0","0","0","0","0","0"
"L12198","config","hudson.util.PluginServletFilter.config;Ljavax/servlet/FilterConfig;","L12188","L103","C:\GIT\pris2\SourceMeter\Guille\jenkins-jenkins-2.328\core\src\main\java\hudson\util\PluginServletFilter.java","65","5","65","50","0","0","0","0","0","0","0","0","0","0","0","0","0","0","0","0","0","0","0","0","0","0","0","0"
"L12199","LEGACY","hudson.util.PluginServletFilter.LEGACY;Ljava/util/List;","L12188","L103","C:\GIT\pris2\SourceMeter\Guille\jenkins-jenkins-2.328\core\src\main\java\hudson\util\PluginServletFilter.java","72","5","72","63","0","0","0","0","0","0","0","0","0","0","0","0","0","0","0","0","0","0","0","0","0","0","0","0"
"L12207","KEY","hudson.util.PluginServletFilter.KEY;Ljava/lang/String;","L12188","L103","C:\GIT\pris2\SourceMeter\Guille\jenkins-jenkins-2.328\core\src\main\java\hudson\util\PluginServletFilter.java","74","5","74","75","0","0","0","0","0","0","0","0","0","0","0","0","0","0","0","0","0","0","0","0","0","0","0","0"
"L12228","LOGGER","hudson.util.PluginServletFilter.LOGGER;Ljava/util/logging/Logger;","L12188","L103","C:\GIT\pris2\SourceMeter\Guille\jenkins-jenkins-2.328\core\src\main\java\hudson\util\PluginServletFilter.java","203","5","203","96","0","0","0","0","0","0","0","0","0","0","0","0","0","0","0","0","0","0","0","0","0","0","0","0"
"L12273","serialVersionUID","hudson.util.ProcessKiller.serialVersionUID;J","L12260","L103","C:\GIT\pris2\SourceMeter\Guille\jenkins-jenkins-2.328\core\src\main\java\hudson\util\ProcessKiller.java","82","5","82","53","0","0","0","0","0","0","0","0","0","0","0","0","0","0","0","0","0","0","0","0","0","0","0","0"
"L12313","processes","hudson.util.ProcessTree.processes;Ljava/util/Map;","L4474","L103","C:\GIT\pris2\SourceMeter\Guille\jenkins-jenkins-2.328\core\src\main\java\hudson\util\ProcessTree.java","107","5","107","80","0","0","0","0","0","0","0","0","0","0","0","0","0","0","0","0","0","0","0","0","0","0","0","0"
"L12321","killers","hudson.util.ProcessTree.killers;Ljava/util/List;","L4474","L103","C:\GIT\pris2\SourceMeter\Guille\jenkins-jenkins-2.328\core\src\main\java\hudson\util\ProcessTree.java","112","5","112","60","0","0","0","0","0","0","0","0","0","0","0","0","0","0","0","0","0","0","0","0","0","0","0","0"
"L12326","skipVetoes","hudson.util.ProcessTree.skipVetoes;Z","L4474","L103","C:\GIT\pris2\SourceMeter\Guille\jenkins-jenkins-2.328\core\src\main\java\hudson\util\ProcessTree.java","117","5","117","32","0","0","0","0","0","0","0","0","0","0","0","0","0","0","0","0","0","0","0","0","0","0","0","0"
"L12347","softKillWaitSeconds","hudson.util.ProcessTree.softKillWaitSeconds;J","L4474","L103","C:\GIT\pris2\SourceMeter\Guille\jenkins-jenkins-2.328\core\src\main\java\hudson\util\ProcessTree.java","174","5","174","91","0","0","0","0","0","0","0","0","0","0","0","0","0","0","0","0","0","0","0","0","0","0","0","0"
"L12473","vetoersExist","hudson.util.ProcessTree.vetoersExist;Ljava/lang/Boolean;","L4474","L103","C:\GIT\pris2\SourceMeter\Guille\jenkins-jenkins-2.328\core\src\main\java\hudson\util\ProcessTree.java","434","19","434","56","0","0","0","0","0","0","0","0","0","0","0","0","0","0","0","0","0","0","0","0","0","0","0","0"
"L12478","DEFAULT","hudson.util.ProcessTree.DEFAULT;Lhudson/util/ProcessTree;","L4474","L103","C:\GIT\pris2\SourceMeter\Guille\jenkins-jenkins-2.328\core\src\main\java\hudson\util\ProcessTree.java","507","17","549","7","0","0","0","0","0","0","0","0","0","0","0","0","0","0","0","0","0","0","0","0","0","0","0","0"
"L12782","IS_LITTLE_ENDIAN","hudson.util.ProcessTree.IS_LITTLE_ENDIAN;Z","L4474","L103","C:\GIT\pris2\SourceMeter\Guille\jenkins-jenkins-2.328\core\src\main\java\hudson\util\ProcessTree.java","2260","5","2260","107","0","0","0","0","0","0","0","0","0","0","0","0","0","0","0","0","0","0","0","0","0","0","0","0"
"L12353","LOGGER","hudson.util.ProcessTree.LOGGER;Ljava/util/logging/Logger;","L4474","L103","C:\GIT\pris2\SourceMeter\Guille\jenkins-jenkins-2.328\core\src\main\java\hudson\util\ProcessTree.java","2261","5","2261","88","0","0","0","0","0","0","0","0","0","0","0","0","0","0","0","0","0","0","0","0","0","0","0","0"
"L12476","enabled","hudson.util.ProcessTree.enabled;Z","L4474","L103","C:\GIT\pris2\SourceMeter\Guille\jenkins-jenkins-2.328\core\src\main\java\hudson\util\ProcessTree.java","2271","5","2272","87","0","0","0","0","0","0","0","0","0","0","0","0","0","0","0","0","0","0","0","0","0","0","0","0"
"L13075","ALGORITHM_MODE","hudson.util.Protector.ALGORITHM_MODE;Ljava/lang/String;","L13072","L103","C:\GIT\pris2\SourceMeter\Guille\jenkins-jenkins-2.328\core\src\main\java\hudson\util\Protector.java","53","5","53","73","0","0","0","0","0","0","0","0","0","0","0","0","0","0","0","0","0","0","0","0","0","0","0","0"
"L13076","ALGORITHM","hudson.util.Protector.ALGORITHM;Ljava/lang/String;","L13072","L103","C:\GIT\pris2\SourceMeter\Guille\jenkins-jenkins-2.328\core\src\main\java\hudson\util\Protector.java","54","5","54","51","0","0","0","0","0","0","0","0","0","0","0","0","0","0","0","0","0","0","0","0","0","0","0","0"
"L13077","MAGIC","hudson.util.Protector.MAGIC;Ljava/lang/String;","L13072","L103","C:\GIT\pris2\SourceMeter\Guille\jenkins-jenkins-2.328\core\src\main\java\hudson\util\Protector.java","55","5","55","52","0","0","0","0","0","0","0","0","0","0","0","0","0","0","0","0","0","0","0","0","0","0","0","0"
"L13078","IV_BYTES","hudson.util.Protector.IV_BYTES;I","L13072","L103","C:\GIT\pris2\SourceMeter\Guille\jenkins-jenkins-2.328\core\src\main\java\hudson\util\Protector.java","56","5","56","44","0","0","0","0","0","0","0","0","0","0","0","0","0","0","0","0","0","0","0","0","0","0","0","0"
"L13087","KEY","hudson.util.Protector.KEY;Ljavax/crypto/SecretKey;","L13072","L103","C:\GIT\pris2\SourceMeter\Guille\jenkins-jenkins-2.328\core\src\main\java\hudson\util\Protector.java","95","5","95","40","0","0","0","0","0","0","0","0","0","0","0","0","0","0","0","0","0","0","0","0","0","0","0","0"
"L13084","SR","hudson.util.Protector.SR;Ljava/security/SecureRandom;","L13072","L103","C:\GIT\pris2\SourceMeter\Guille\jenkins-jenkins-2.328\core\src\main\java\hudson\util\Protector.java","97","5","97","63","0","0","0","0","0","0","0","0","0","0","0","0","0","0","0","0","0","0","0","0","0","0","0","0"
"L13108","store","hudson.util.QueryParameterMap.store;Ljava/util/Map;","L13106","L103","C:\GIT\pris2\SourceMeter\Guille\jenkins-jenkins-2.328\core\src\main\java\hudson\util\QueryParameterMap.java","52","5","52","69","0","0","0","0","0","0","0","0","0","0","0","0","0","0","0","0","0","0","0","0","0","0","0","0"
"L13227","defaultPrimitiveValue","hudson.util.ReflectionUtils.defaultPrimitiveValue;Ljava/util/Map;","L13131","L103","C:\GIT\pris2\SourceMeter\Guille\jenkins-jenkins-2.328\core\src\main\java\hudson\util\ReflectionUtils.java","216","5","216","88","0","0","0","0","0","0","0","0","0","0","0","0","0","0","0","0","0","0","0","0","0","0","0","0"
"L13380","LOGGER","hudson.util.Retrier.LOGGER;Ljava/util/logging/Logger;","L13377","L103","C:\GIT\pris2\SourceMeter\Guille\jenkins-jenkins-2.328\core\src\main\java\hudson\util\Retrier.java","26","5","26","84","0","0","0","0","0","0","0","0","0","0","0","0","0","0","0","0","0","0","0","0","0","0","0","0"
"L13383","attempts","hudson.util.Retrier.attempts;I","L13377","L103","C:\GIT\pris2\SourceMeter\Guille\jenkins-jenkins-2.328\core\src\main\java\hudson\util\Retrier.java","28","5","28","26","0","0","0","0","0","0","0","0","0","0","0","0","0","0","0","0","0","0","0","0","0","0","0","0"
"L13384","delay","hudson.util.Retrier.delay;J","L13377","L103","C:\GIT\pris2\SourceMeter\Guille\jenkins-jenkins-2.328\core\src\main\java\hudson\util\Retrier.java","29","5","29","24","0","0","0","0","0","0","0","0","0","0","0","0","0","0","0","0","0","0","0","0","0","0","0","0"
"L13385","callable","hudson.util.Retrier.callable;Ljava/util/concurrent/Callable;","L13377","L103","C:\GIT\pris2\SourceMeter\Guille\jenkins-jenkins-2.328\core\src\main\java\hudson\util\Retrier.java","30","5","30","34","0","0","0","0","0","0","0","0","0","0","0","0","0","0","0","0","0","0","0","0","0","0","0","0"
"L13392","checkResult","hudson.util.Retrier.checkResult;Ljava/util/function/BiPredicate;","L13377","L103","C:\GIT\pris2\SourceMeter\Guille\jenkins-jenkins-2.328\core\src\main\java\hudson\util\Retrier.java","31","5","31","49","0","0","0","0","0","0","0","0","0","0","0","0","0","0","0","0","0","0","0","0","0","0","0","0"
"L13396","action","hudson.util.Retrier.action;Ljava/lang/String;","L13377","L103","C:\GIT\pris2\SourceMeter\Guille\jenkins-jenkins-2.328\core\src\main\java\hudson\util\Retrier.java","32","5","32","27","0","0","0","0","0","0","0","0","0","0","0","0","0","0","0","0","0","0","0","0","0","0","0","0"
"L13397","duringActionExceptionListener","hudson.util.Retrier.duringActionExceptionListener;Ljava/util/function/BiFunction;","L13377","L103","C:\GIT\pris2\SourceMeter\Guille\jenkins-jenkins-2.328\core\src\main\java\hudson\util\Retrier.java","33","5","33","77","0","0","0","0","0","0","0","0","0","0","0","0","0","0","0","0","0","0","0","0","0","0","0","0"
"L13404","duringActionExceptions","hudson.util.Retrier.duringActionExceptions;[Ljava/lang/Class;","L13377","L103","C:\GIT\pris2\SourceMeter\Guille\jenkins-jenkins-2.328\core\src\main\java\hudson\util\Retrier.java","34","5","34","47","0","0","0","0","0","0","0","0","0","0","0","0","0","0","0","0","0","0","0","0","0","0","0","0"
"L13478","DEFAULT_RING_BUFFER_SIZE","hudson.util.RingBufferLogHandler.DEFAULT_RING_BUFFER_SIZE;I","L13476","L103","C:\GIT\pris2\SourceMeter\Guille\jenkins-jenkins-2.328\core\src\main\java\hudson\util\RingBufferLogHandler.java","41","5","41","136","0","0","0","0","0","0","0","0","0","0","0","0","0","0","0","0","0","0","0","0","0","0","0","0"
"L13487","start","hudson.util.RingBufferLogHandler.start;I","L13476","L103","C:\GIT\pris2\SourceMeter\Guille\jenkins-jenkins-2.328\core\src\main\java\hudson\util\RingBufferLogHandler.java","49","5","49","27","0","0","0","0","0","0","0","0","0","0","0","0","0","0","0","0","0","0","0","0","0","0","0","0"
"L13488","records","hudson.util.RingBufferLogHandler.records;[Lhudson/util/RingBufferLogHandler$LogRecordRef;","L13476","L103","C:\GIT\pris2\SourceMeter\Guille\jenkins-jenkins-2.328\core\src\main\java\hudson\util\RingBufferLogHandler.java","50","5","50","42","0","0","0","0","0","0","0","0","0","0","0","0","0","0","0","0","0","0","0","0","0","0","0","0"
"L13492","size","hudson.util.RingBufferLogHandler.size;I","L13476","L103","C:\GIT\pris2\SourceMeter\Guille\jenkins-jenkins-2.328\core\src\main\java\hudson\util\RingBufferLogHandler.java","51","5","51","22","0","0","0","0","0","0","0","0","0","0","0","0","0","0","0","0","0","0","0","0","0","0","0","0"
"L13531","sc","hudson.util.RobustCollectionConverter.sc;LSerializableConverter;","L13529","L103","C:\GIT\pris2\SourceMeter\Guille\jenkins-jenkins-2.328\core\src\main\java\hudson\util\RobustCollectionConverter.java","52","5","52","44","0","0","0","0","0","0","0","0","0","0","0","0","0","0","0","0","0","0","0","0","0","0","0","0"
"L13555","ERROR","hudson.util.RobustMapConverter.ERROR;Ljava/lang/Object;","L13553","L103","C:\GIT\pris2\SourceMeter\Guille\jenkins-jenkins-2.328\core\src\main\java\hudson\util\RobustMapConverter.java","41","5","41","54","0","0","0","0","0","0","0","0","0","0","0","0","0","0","0","0","0","0","0","0","0","0","0","0"
"L13571","RECORD_FAILURES_FOR_ALL_AUTHENTICATIONS","hudson.util.RobustReflectionConverter.RECORD_FAILURES_FOR_ALL_AUTHENTICATIONS;Z","L13569","L103","C:\GIT\pris2\SourceMeter\Guille\jenkins-jenkins-2.328\core\src\main\java\hudson\util\RobustReflectionConverter.java","82","5","82","216","0","0","0","0","0","0","0","0","0","0","0","0","0","0","0","0","0","0","0","0","0","0","0","0"
"L13574","RECORD_FAILURES_FOR_ADMINS","hudson.util.RobustReflectionConverter.RECORD_FAILURES_FOR_ADMINS;Z","L13569","L103","C:\GIT\pris2\SourceMeter\Guille\jenkins-jenkins-2.328\core\src\main\java\hudson\util\RobustReflectionConverter.java","83","5","83","191","0","0","0","0","0","0","0","0","0","0","0","0","0","0","0","0","0","0","0","0","0","0","0","0"
"L13575","reflectionProvider","hudson.util.RobustReflectionConverter.reflectionProvider;LReflectionProvider;","L13569","L103","C:\GIT\pris2\SourceMeter\Guille\jenkins-jenkins-2.328\core\src\main\java\hudson\util\RobustReflectionConverter.java","85","5","85","59","0","0","0","0","0","0","0","0","0","0","0","0","0","0","0","0","0","0","0","0","0","0","0","0"
"L13576","mapper","hudson.util.RobustReflectionConverter.mapper;LMapper;","L13569","L103","C:\GIT\pris2\SourceMeter\Guille\jenkins-jenkins-2.328\core\src\main\java\hudson\util\RobustReflectionConverter.java","86","5","86","35","0","0","0","0","0","0","0","0","0","0","0","0","0","0","0","0","0","0","0","0","0","0","0","0"
"L13577","serializationMethodInvoker","hudson.util.RobustReflectionConverter.serializationMethodInvoker;LSerializationMembers;","L13569","L103","C:\GIT\pris2\SourceMeter\Guille\jenkins-jenkins-2.328\core\src\main\java\hudson\util\RobustReflectionConverter.java","87","5","87","73","0","0","0","0","0","0","0","0","0","0","0","0","0","0","0","0","0","0","0","0","0","0","0","0"
"L13578","pureJavaReflectionProvider","hudson.util.RobustReflectionConverter.pureJavaReflectionProvider;LReflectionProvider;","L13569","L103","C:\GIT\pris2\SourceMeter\Guille\jenkins-jenkins-2.328\core\src\main\java\hudson\util\RobustReflectionConverter.java","88","5","88","69","0","0","0","0","0","0","0","0","0","0","0","0","0","0","0","0","0","0","0","0","0","0","0","0"
"L13579","classOwnership","hudson.util.RobustReflectionConverter.classOwnership;Lhudson/util/XStream2$ClassOwnership;","L13569","L103","C:\GIT\pris2\SourceMeter\Guille\jenkins-jenkins-2.328\core\src\main\java\hudson\util\RobustReflectionConverter.java","89","5","89","67","0","0","0","0","0","0","0","0","0","0","0","0","0","0","0","0","0","0","0","0","0","0","0","0"
"L13586","criticalFieldsLock","hudson.util.RobustReflectionConverter.criticalFieldsLock;Ljava/util/concurrent/locks/ReadWriteLock;","L13569","L103","C:\GIT\pris2\SourceMeter\Guille\jenkins-jenkins-2.328\core\src\main\java\hudson\util\RobustReflectionConverter.java","95","5","95","83","0","0","0","0","0","0","0","0","0","0","0","0","0","0","0","0","0","0","0","0","0","0","0","0"
"L13594","criticalFields","hudson.util.RobustReflectionConverter.criticalFields;Ljava/util/Map;","L13569","L103","C:\GIT\pris2\SourceMeter\Guille\jenkins-jenkins-2.328\core\src\main\java\hudson\util\RobustReflectionConverter.java","96","5","97","77","0","0","0","0","0","0","0","0","0","0","0","0","0","0","0","0","0","0","0","0","0","0","0","0"
"L13732","LOGGER","hudson.util.RobustReflectionConverter.LOGGER;Ljava/util/logging/Logger;","L13569","L103","C:\GIT\pris2\SourceMeter\Guille\jenkins-jenkins-2.328\core\src\main\java\hudson\util\RobustReflectionConverter.java","546","5","546","102","0","0","0","0","0","0","0","0","0","0","0","0","0","0","0","0","0","0","0","0","0","0","0","0"
"L13796","base","hudson.util.RunList.base;Ljava/lang/Iterable;","L13788","L103","C:\GIT\pris2\SourceMeter\Guille\jenkins-jenkins-2.328\core\src\main\java\hudson\util\RunList.java","59","5","59","30","0","0","0","0","0","0","0","0","0","0","0","0","0","0","0","0","0","0","0","0","0","0","0","0"
"L13800","first","hudson.util.RunList.first;Lhudson/model/Run;","L13788","L103","C:\GIT\pris2\SourceMeter\Guille\jenkins-jenkins-2.328\core\src\main\java\hudson\util\RunList.java","61","5","61","21","0","0","0","0","0","0","0","0","0","0","0","0","0","0","0","0","0","0","0","0","0","0","0","0"
"L13801","size","hudson.util.RunList.size;Ljava/lang/Integer;","L13788","L103","C:\GIT\pris2\SourceMeter\Guille\jenkins-jenkins-2.328\core\src\main\java\hudson\util\RunList.java","62","5","62","26","0","0","0","0","0","0","0","0","0","0","0","0","0","0","0","0","0","0","0","0","0","0","0","0"
"L14041","LOGGER","hudson.util.Scrambler.LOGGER;Ljava/util/logging/Logger;","L14038","L103","C:\GIT\pris2\SourceMeter\Guille\jenkins-jenkins-2.328\core\src\main\java\hudson\util\Scrambler.java","40","5","40","86","0","0","0","0","0","0","0","0","0","0","0","0","0","0","0","0","0","0","0","0","0","0","0","0"
"L14050","LOGGER","hudson.util.Secret.LOGGER;Ljava/util/logging/Logger;","L6383","L103","C:\GIT\pris2\SourceMeter\Guille\jenkins-jenkins-2.328\core\src\main\java\hudson\util\Secret.java","68","5","68","83","0","0","0","0","0","0","0","0","0","0","0","0","0","0","0","0","0","0","0","0","0","0","0","0"
"L14051","PAYLOAD_V1","hudson.util.Secret.PAYLOAD_V1;B","L6383","L103","C:\GIT\pris2\SourceMeter\Guille\jenkins-jenkins-2.328\core\src\main\java\hudson\util\Secret.java","70","5","70","46","0","0","0","0","0","0","0","0","0","0","0","0","0","0","0","0","0","0","0","0","0","0","0","0"
"L14052","value","hudson.util.Secret.value;Ljava/lang/String;","L6383","L103","C:\GIT\pris2\SourceMeter\Guille\jenkins-jenkins-2.328\core\src\main\java\hudson\util\Secret.java","74","5","75","32","0","0","0","0","0","0","0","0","0","0","0","0","0","0","0","0","0","0","0","0","0","0","0","0"
"L14054","iv","hudson.util.Secret.iv;[B","L6383","L103","C:\GIT\pris2\SourceMeter\Guille\jenkins-jenkins-2.328\core\src\main\java\hudson\util\Secret.java","76","5","76","23","0","0","0","0","0","0","0","0","0","0","0","0","0","0","0","0","0","0","0","0","0","0","0","0"
"L14084","ENCRYPTED_VALUE_PATTERN","hudson.util.Secret.ENCRYPTED_VALUE_PATTERN;Ljava/util/regex/Pattern;","L6383","L103","C:\GIT\pris2\SourceMeter\Guille\jenkins-jenkins-2.328\core\src\main\java\hudson\util\Secret.java","164","5","165","105","0","0","0","0","0","0","0","0","0","0","0","0","0","0","0","0","0","0","0","0","0","0","0","0"
"L14098","PROVIDER","hudson.util.Secret.PROVIDER;Ljava/lang/String;","L6383","L103","C:\GIT\pris2\SourceMeter\Guille\jenkins-jenkins-2.328\core\src\main\java\hudson\util\Secret.java","292","5","292","109","0","0","0","0","0","0","0","0","0","0","0","0","0","0","0","0","0","0","0","0","0","0","0","0"
"L9339","SECRET","hudson.util.Secret.SECRET;Ljava/lang/String;","L6383","L103","C:\GIT\pris2\SourceMeter\Guille\jenkins-jenkins-2.328\core\src\main\java\hudson\util\Secret.java","298","5","299","45","0","0","0","0","0","0","0","0","0","0","0","0","0","0","0","0","0","0","0","0","0","0","0","0"
"L14079","KEY","hudson.util.Secret.KEY;Ljenkins/security/CryptoConfidentialKey;","L6383","L103","C:\GIT\pris2\SourceMeter\Guille\jenkins-jenkins-2.328\core\src\main\java\hudson\util\Secret.java","304","5","304","104","0","0","0","0","0","0","0","0","0","0","0","0","0","0","0","0","0","0","0","0","0","0","0","0"
"L14126","serialVersionUID","hudson.util.Secret.serialVersionUID;J","L6383","L103","C:\GIT\pris2\SourceMeter\Guille\jenkins-jenkins-2.328\core\src\main\java\hudson\util\Secret.java","306","5","306","53","0","0","0","0","0","0","0","0","0","0","0","0","0","0","0","0","0","0","0","0","0","0","0","0"
"L14127","AUTO_ENCRYPT_PASSWORD_CONTROL","hudson.util.Secret.AUTO_ENCRYPT_PASSWORD_CONTROL;Z","L6383","L103","C:\GIT\pris2\SourceMeter\Guille\jenkins-jenkins-2.328\core\src\main\java\hudson\util\Secret.java","308","5","309","158","0","0","0","0","0","0","0","0","0","0","0","0","0","0","0","0","0","0","0","0","0","0","0","0"
"L14128","BLANK_NONSECRET_PASSWORD_FIELDS_WITHOUT_ITEM_CONFIGURE","hudson.util.Secret.BLANK_NONSECRET_PASSWORD_FIELDS_WITHOUT_ITEM_CONFIGURE;Z","L6383","L103","C:\GIT\pris2\SourceMeter\Guille\jenkins-jenkins-2.328\core\src\main\java\hudson\util\Secret.java","311","5","313","218","0","0","0","0","0","0","0","0","0","0","0","0","0","0","0","0","0","0","0","0","0","0","0","0"
"L14142","cipher","hudson.util.SecretRewriter.cipher;Ljavax/crypto/Cipher;","L14140","L103","C:\GIT\pris2\SourceMeter\Guille\jenkins-jenkins-2.328\core\src\main\java\hudson\util\SecretRewriter.java","31","5","31","33","0","0","0","0","0","0","0","0","0","0","0","0","0","0","0","0","0","0","0","0","0","0","0","0"
"L14143","key","hudson.util.SecretRewriter.key;Ljavax/crypto/SecretKey;","L14140","L103","C:\GIT\pris2\SourceMeter\Guille\jenkins-jenkins-2.328\core\src\main\java\hudson\util\SecretRewriter.java","32","5","32","33","0","0","0","0","0","0","0","0","0","0","0","0","0","0","0","0","0","0","0","0","0","0","0","0"
"L14144","count","hudson.util.SecretRewriter.count;I","L14140","L103","C:\GIT\pris2\SourceMeter\Guille\jenkins-jenkins-2.328\core\src\main\java\hudson\util\SecretRewriter.java","37","5","37","23","0","0","0","0","0","0","0","0","0","0","0","0","0","0","0","0","0","0","0","0","0","0","0","0"
"L14146","callstack","hudson.util.SecretRewriter.callstack;Ljava/util/Set;","L14140","L103","C:\GIT\pris2\SourceMeter\Guille\jenkins-jenkins-2.328\core\src\main\java\hudson\util\SecretRewriter.java","43","5","43","53","0","0","0","0","0","0","0","0","0","0","0","0","0","0","0","0","0","0","0","0","0","0","0","0"
"L14202","IS_BASE64","hudson.util.SecretRewriter.IS_BASE64;[Z","L14140","L103","C:\GIT\pris2\SourceMeter\Guille\jenkins-jenkins-2.328\core\src\main\java\hudson\util\SecretRewriter.java","206","5","206","65","0","0","0","0","0","0","0","0","0","0","0","0","0","0","0","0","0","0","0","0","0","0","0","0"
"L14212","entries","hudson.util.SequentialExecutionQueue.entries;Ljava/util/Map;","L14207","L103","C:\GIT\pris2\SourceMeter\Guille\jenkins-jenkins-2.328\core\src\main\java\hudson\util\SequentialExecutionQueue.java","28","5","28","71","0","0","0","0","0","0","0","0","0","0","0","0","0","0","0","0","0","0","0","0","0","0","0","0"
"L14223","executors","hudson.util.SequentialExecutionQueue.executors;Ljava/util/concurrent/ExecutorService;","L14207","L103","C:\GIT\pris2\SourceMeter\Guille\jenkins-jenkins-2.328\core\src\main\java\hudson\util\SequentialExecutionQueue.java","29","5","29","39","0","0","0","0","0","0","0","0","0","0","0","0","0","0","0","0","0","0","0","0","0","0","0","0"
"L14224","inProgress","hudson.util.SequentialExecutionQueue.inProgress;Ljava/util/Set;","L14207","L103","C:\GIT\pris2\SourceMeter\Guille\jenkins-jenkins-2.328\core\src\main\java\hudson\util\SequentialExecutionQueue.java","34","5","34","64","0","0","0","0","0","0","0","0","0","0","0","0","0","0","0","0","0","0","0","0","0","0","0","0"
"L14285","LOGGER","hudson.util.Service.LOGGER;Ljava/util/logging/Logger;","L14272","L103","C:\GIT\pris2\SourceMeter\Guille\jenkins-jenkins-2.328\core\src\main\java\hudson\util\Service.java","110","5","110","84","0","0","0","0","0","0","0","0","0","0","0","0","0","0","0","0","0","0","0","0","0","0","0","0"
"L14377","in","hudson.util.StreamCopyThread.in;Ljava/io/InputStream;","L14375","L103","C:\GIT\pris2\SourceMeter\Guille\jenkins-jenkins-2.328\core\src\main\java\hudson\util\StreamCopyThread.java","37","5","37","34","0","0","0","0","0","0","0","0","0","0","0","0","0","0","0","0","0","0","0","0","0","0","0","0"
"L14378","out","hudson.util.StreamCopyThread.out;Ljava/io/OutputStream;","L14375","L103","C:\GIT\pris2\SourceMeter\Guille\jenkins-jenkins-2.328\core\src\main\java\hudson\util\StreamCopyThread.java","38","5","38","36","0","0","0","0","0","0","0","0","0","0","0","0","0","0","0","0","0","0","0","0","0","0","0","0"
"L14379","closeOut","hudson.util.StreamCopyThread.closeOut;Z","L14375","L103","C:\GIT\pris2\SourceMeter\Guille\jenkins-jenkins-2.328\core\src\main\java\hudson\util\StreamCopyThread.java","39","5","39","36","0","0","0","0","0","0","0","0","0","0","0","0","0","0","0","0","0","0","0","0","0","0","0","0"
"L14398","in","hudson.util.StreamResource.in;Ljava/io/InputStream;","L14396","L103","C:\GIT\pris2\SourceMeter\Guille\jenkins-jenkins-2.328\core\src\main\java\hudson\util\StreamResource.java","38","5","38","34","0","0","0","0","0","0","0","0","0","0","0","0","0","0","0","0","0","0","0","0","0","0","0","0"
"L14415","out","hudson.util.StreamTaskListener.out;Ljava/io/PrintStream;","L1806","L103","C:\GIT\pris2\SourceMeter\Guille\jenkins-jenkins-2.328\core\src\main\java\hudson\util\StreamTaskListener.java","63","5","64","29","0","0","0","0","0","0","0","0","0","0","0","0","0","0","0","0","0","0","0","0","0","0","0","0"
"L14416","charset","hudson.util.StreamTaskListener.charset;Ljava/nio/charset/Charset;","L1806","L103","C:\GIT\pris2\SourceMeter\Guille\jenkins-jenkins-2.328\core\src\main\java\hudson\util\StreamTaskListener.java","65","5","66","29","0","0","0","0","0","0","0","0","0","0","0","0","0","0","0","0","0","0","0","0","0","0","0","0"
"L14461","KEY_AUTO_FLUSH","hudson.util.StreamTaskListener.KEY_AUTO_FLUSH;Ljava/lang/String;","L1806","L103","C:\GIT\pris2\SourceMeter\Guille\jenkins-jenkins-2.328\core\src\main\java\hudson\util\StreamTaskListener.java","175","5","175","101","0","0","0","0","0","0","0","0","0","0","0","0","0","0","0","0","0","0","0","0","0","0","0","0"
"L14459","AUTO_FLUSH","hudson.util.StreamTaskListener.AUTO_FLUSH;Z","L1806","L103","C:\GIT\pris2\SourceMeter\Guille\jenkins-jenkins-2.328\core\src\main\java\hudson\util\StreamTaskListener.java","187","5","187","101","0","0","0","0","0","0","0","0","0","0","0","0","0","0","0","0","0","0","0","0","0","0","0","0"
"L14473","serialVersionUID","hudson.util.StreamTaskListener.serialVersionUID;J","L1806","L103","C:\GIT\pris2\SourceMeter\Guille\jenkins-jenkins-2.328\core\src\main\java\hudson\util\StreamTaskListener.java","216","5","216","53","0","0","0","0","0","0","0","0","0","0","0","0","0","0","0","0","0","0","0","0","0","0","0","0"
"L14455","LOGGER","hudson.util.StreamTaskListener.LOGGER;Ljava/util/logging/Logger;","L1806","L103","C:\GIT\pris2\SourceMeter\Guille\jenkins-jenkins-2.328\core\src\main\java\hudson\util\StreamTaskListener.java","218","5","218","95","0","0","0","0","0","0","0","0","0","0","0","0","0","0","0","0","0","0","0","0","0","0","0","0"
"L14479","elements","hudson.util.TableNestChecker.elements;Ljava/util/Stack;","L14474","L103","C:\GIT\pris2\SourceMeter\Guille\jenkins-jenkins-2.328\core\src\main\java\hudson\util\TableNestChecker.java","57","5","57","59","0","0","0","0","0","0","0","0","0","0","0","0","0","0","0","0","0","0","0","0","0","0","0","0"
"L14486","tagNames","hudson.util.TableNestChecker.tagNames;Ljava/util/Stack;","L14474","L103","C:\GIT\pris2\SourceMeter\Guille\jenkins-jenkins-2.328\core\src\main\java\hudson\util\TableNestChecker.java","58","5","58","58","0","0","0","0","0","0","0","0","0","0","0","0","0","0","0","0","0","0","0","0","0","0","0","0"
"L14500","ALL_ALLOWED","hudson.util.TableNestChecker.ALL_ALLOWED;Lhudson/util/TableNestChecker$Checker;","L14474","L103","C:\GIT\pris2\SourceMeter\Guille\jenkins-jenkins-2.328\core\src\main\java\hudson\util\TableNestChecker.java","101","5","101","65","0","0","0","0","0","0","0","0","0","0","0","0","0","0","0","0","0","0","0","0","0","0","0","0"
"L14523","CHECKERS","hudson.util.TableNestChecker.CHECKERS;Ljava/util/Map;","L14474","L103","C:\GIT\pris2\SourceMeter\Guille\jenkins-jenkins-2.328\core\src\main\java\hudson\util\TableNestChecker.java","116","5","116","74","0","0","0","0","0","0","0","0","0","0","0","0","0","0","0","0","0","0","0","0","0","0","0","0"
"L14582","entries","hudson.util.TagCloud.entries;Ljava/util/List;","L14553","L103","C:\GIT\pris2\SourceMeter\Guille\jenkins-jenkins-2.328\core\src\main\java\hudson\util\TagCloud.java","63","5","63","59","0","0","0","0","0","0","0","0","0","0","0","0","0","0","0","0","0","0","0","0","0","0","0","0"
"L14572","max","hudson.util.TagCloud.max;F","L14553","L103","C:\GIT\pris2\SourceMeter\Guille\jenkins-jenkins-2.328\core\src\main\java\hudson\util\TagCloud.java","64","5","64","27","0","0","0","0","0","0","0","0","0","0","0","0","0","0","0","0","0","0","0","0","0","0","0","0"
"L14615","file","hudson.util.TextFile.file;Ljava/io/File;","L14613","L103","C:\GIT\pris2\SourceMeter\Guille\jenkins-jenkins-2.328\core\src\main\java\hudson\util\TextFile.java","51","5","51","37","0","0","0","0","0","0","0","0","0","0","0","0","0","0","0","0","0","0","0","0","0","0","0","0"
"L14675","NANOSECONDS","hudson.util.TimeUnit2.NANOSECONDS;Lhudson/util/TimeUnit2;","L14667","L103","C:\GIT\pris2\SourceMeter\Guille\jenkins-jenkins-2.328\core\src\main\java\hudson\util\TimeUnit2.java","75","5","96","6","0","0","0","0","0","0","0","0","0","0","0","0","0","0","0","0","0","0","0","0","0","0","0","0"
"L14718","MICROSECONDS","hudson.util.TimeUnit2.MICROSECONDS;Lhudson/util/TimeUnit2;","L14667","L103","C:\GIT\pris2\SourceMeter\Guille\jenkins-jenkins-2.328\core\src\main\java\hudson\util\TimeUnit2.java","97","5","118","6","0","0","0","0","0","0","0","0","0","0","0","0","0","0","0","0","0","0","0","0","0","0","0","0"
"L14752","MILLISECONDS","hudson.util.TimeUnit2.MILLISECONDS;Lhudson/util/TimeUnit2;","L14667","L103","C:\GIT\pris2\SourceMeter\Guille\jenkins-jenkins-2.328\core\src\main\java\hudson\util\TimeUnit2.java","119","5","140","6","0","0","0","0","0","0","0","0","0","0","0","0","0","0","0","0","0","0","0","0","0","0","0","0"
"L14782","SECONDS","hudson.util.TimeUnit2.SECONDS;Lhudson/util/TimeUnit2;","L14667","L103","C:\GIT\pris2\SourceMeter\Guille\jenkins-jenkins-2.328\core\src\main\java\hudson\util\TimeUnit2.java","141","5","162","6","0","0","0","0","0","0","0","0","0","0","0","0","0","0","0","0","0","0","0","0","0","0","0","0"
"L14812","MINUTES","hudson.util.TimeUnit2.MINUTES;Lhudson/util/TimeUnit2;","L14667","L103","C:\GIT\pris2\SourceMeter\Guille\jenkins-jenkins-2.328\core\src\main\java\hudson\util\TimeUnit2.java","163","5","184","6","0","0","0","0","0","0","0","0","0","0","0","0","0","0","0","0","0","0","0","0","0","0","0","0"
"L14841","HOURS","hudson.util.TimeUnit2.HOURS;Lhudson/util/TimeUnit2;","L14667","L103","C:\GIT\pris2\SourceMeter\Guille\jenkins-jenkins-2.328\core\src\main\java\hudson\util\TimeUnit2.java","185","5","206","6","0","0","0","0","0","0","0","0","0","0","0","0","0","0","0","0","0","0","0","0","0","0","0","0"
"L14869","DAYS","hudson.util.TimeUnit2.DAYS;Lhudson/util/TimeUnit2;","L14667","L103","C:\GIT\pris2\SourceMeter\Guille\jenkins-jenkins-2.328\core\src\main\java\hudson\util\TimeUnit2.java","207","5","228","6","0","0","0","0","0","0","0","0","0","0","0","0","0","0","0","0","0","0","0","0","0","0","0","0"
"L14685","C0","hudson.util.TimeUnit2.C0;J","L14667","L103","C:\GIT\pris2\SourceMeter\Guille\jenkins-jenkins-2.328\core\src\main\java\hudson\util\TimeUnit2.java","231","5","231","31","0","0","0","0","0","0","0","0","0","0","0","0","0","0","0","0","0","0","0","0","0","0","0","0"
"L14683","C1","hudson.util.TimeUnit2.C1;J","L14667","L103","C:\GIT\pris2\SourceMeter\Guille\jenkins-jenkins-2.328\core\src\main\java\hudson\util\TimeUnit2.java","232","5","232","39","0","0","0","0","0","0","0","0","0","0","0","0","0","0","0","0","0","0","0","0","0","0","0","0"
"L14689","C2","hudson.util.TimeUnit2.C2;J","L14667","L103","C:\GIT\pris2\SourceMeter\Guille\jenkins-jenkins-2.328\core\src\main\java\hudson\util\TimeUnit2.java","233","5","233","39","0","0","0","0","0","0","0","0","0","0","0","0","0","0","0","0","0","0","0","0","0","0","0","0"
"L14693","C3","hudson.util.TimeUnit2.C3;J","L14667","L103","C:\GIT\pris2\SourceMeter\Guille\jenkins-jenkins-2.328\core\src\main\java\hudson\util\TimeUnit2.java","234","5","234","39","0","0","0","0","0","0","0","0","0","0","0","0","0","0","0","0","0","0","0","0","0","0","0","0"
"L14697","C4","hudson.util.TimeUnit2.C4;J","L14667","L103","C:\GIT\pris2\SourceMeter\Guille\jenkins-jenkins-2.328\core\src\main\java\hudson\util\TimeUnit2.java","235","5","235","37","0","0","0","0","0","0","0","0","0","0","0","0","0","0","0","0","0","0","0","0","0","0","0","0"
"L14701","C5","hudson.util.TimeUnit2.C5;J","L14667","L103","C:\GIT\pris2\SourceMeter\Guille\jenkins-jenkins-2.328\core\src\main\java\hudson\util\TimeUnit2.java","236","5","236","37","0","0","0","0","0","0","0","0","0","0","0","0","0","0","0","0","0","0","0","0","0","0","0","0"
"L14705","C6","hudson.util.TimeUnit2.C6;J","L14667","L103","C:\GIT\pris2\SourceMeter\Guille\jenkins-jenkins-2.328\core\src\main\java\hudson\util\TimeUnit2.java","237","5","237","37","0","0","0","0","0","0","0","0","0","0","0","0","0","0","0","0","0","0","0","0","0","0","0","0"
"L14725","MAX","hudson.util.TimeUnit2.MAX;J","L14667","L103","C:\GIT\pris2\SourceMeter\Guille\jenkins-jenkins-2.328\core\src\main\java\hudson\util\TimeUnit2.java","239","5","239","44","0","0","0","0","0","0","0","0","0","0","0","0","0","0","0","0","0","0","0","0","0","0","0","0"
"L14963","encoded","hudson.util.UnbufferedBase64InputStream.encoded;[B","L14961","L103","C:\GIT\pris2\SourceMeter\Guille\jenkins-jenkins-2.328\core\src\main\java\hudson\util\UnbufferedBase64InputStream.java","22","5","22","42","0","0","0","0","0","0","0","0","0","0","0","0","0","0","0","0","0","0","0","0","0","0","0","0"
"L14964","decoded","hudson.util.UnbufferedBase64InputStream.decoded;[B","L14961","L103","C:\GIT\pris2\SourceMeter\Guille\jenkins-jenkins-2.328\core\src\main\java\hudson\util\UnbufferedBase64InputStream.java","23","5","23","28","0","0","0","0","0","0","0","0","0","0","0","0","0","0","0","0","0","0","0","0","0","0","0","0"
"L14965","pos","hudson.util.UnbufferedBase64InputStream.pos;I","L14961","L103","C:\GIT\pris2\SourceMeter\Guille\jenkins-jenkins-2.328\core\src\main\java\hudson\util\UnbufferedBase64InputStream.java","24","5","24","21","0","0","0","0","0","0","0","0","0","0","0","0","0","0","0","0","0","0","0","0","0","0","0","0"
"L14966","din","hudson.util.UnbufferedBase64InputStream.din;Ljava/io/DataInputStream;","L14961","L103","C:\GIT\pris2\SourceMeter\Guille\jenkins-jenkins-2.328\core\src\main\java\hudson\util\UnbufferedBase64InputStream.java","25","5","25","39","0","0","0","0","0","0","0","0","0","0","0","0","0","0","0","0","0","0","0","0","0","0","0","0"
"L14967","decoder","hudson.util.UnbufferedBase64InputStream.decoder;Ljava/util/Base64$Decoder;","L14961","L103","C:\GIT\pris2\SourceMeter\Guille\jenkins-jenkins-2.328\core\src\main\java\hudson\util\UnbufferedBase64InputStream.java","26","5","26","71","0","0","0","0","0","0","0","0","0","0","0","0","0","0","0","0","0","0","0","0","0","0","0","0"
"L14995","NONE","hudson.util.VariableResolver.NONE;Lhudson/util/VariableResolver;","L6307","L103","C:\GIT\pris2\SourceMeter\Guille\jenkins-jenkins-2.328\core\src\main\java\hudson\util\VariableResolver.java","59","5","59","42","0","0","0","0","0","0","0","0","0","0","0","0","0","0","0","0","0","0","0","0","0","0","0","0"
"L15039","LOGGER","hudson.util.XStream2.LOGGER;Ljava/util/logging/Logger;","L13583","L103","C:\GIT\pris2\SourceMeter\Guille\jenkins-jenkins-2.328\core\src\main\java\hudson\util\XStream2.java","94","5","94","85","0","0","0","0","0","0","0","0","0","0","0","0","0","0","0","0","0","0","0","0","0","0","0","0"
"L15040","reflectionConverter","hudson.util.XStream2.reflectionConverter;Lhudson/util/RobustReflectionConverter;","L13583","L103","C:\GIT\pris2\SourceMeter\Guille\jenkins-jenkins-2.328\core\src\main\java\hudson\util\XStream2.java","96","5","96","59","0","0","0","0","0","0","0","0","0","0","0","0","0","0","0","0","0","0","0","0","0","0","0","0"
"L15041","oldData","hudson.util.XStream2.oldData;Ljava/lang/ThreadLocal;","L13583","L103","C:\GIT\pris2\SourceMeter\Guille\jenkins-jenkins-2.328\core\src\main\java\hudson\util\XStream2.java","97","5","97","70","0","0","0","0","0","0","0","0","0","0","0","0","0","0","0","0","0","0","0","0","0","0","0","0"
"L15045","classOwnership","hudson.util.XStream2.classOwnership;Lhudson/util/XStream2$ClassOwnership;","L13583","L103","C:\GIT\pris2\SourceMeter\Guille\jenkins-jenkins-2.328\core\src\main\java\hudson\util\XStream2.java","98","5","98","63","0","0","0","0","0","0","0","0","0","0","0","0","0","0","0","0","0","0","0","0","0","0","0","0"
"L15046","compatibilityAliases","hudson.util.XStream2.compatibilityAliases;Ljava/util/Map;","L13583","L103","C:\GIT\pris2\SourceMeter\Guille\jenkins-jenkins-2.328\core\src\main\java\hudson\util\XStream2.java","99","5","99","90","0","0","0","0","0","0","0","0","0","0","0","0","0","0","0","0","0","0","0","0","0","0","0","0"
"L15053","mapperInjectionPoint","hudson.util.XStream2.mapperInjectionPoint;Lhudson/util/XStream2$MapperInjectionPoint;","L13583","L103","C:\GIT\pris2\SourceMeter\Guille\jenkins-jenkins-2.328\core\src\main\java\hudson\util\XStream2.java","104","5","104","55","0","0","0","0","0","0","0","0","0","0","0","0","0","0","0","0","0","0","0","0","0","0","0","0"
"L15451","KEY_VALUES","hudson.util.ArgumentListBuilderTest.KEY_VALUES;Ljava/util/Map;","L15434","L103","C:\GIT\pris2\SourceMeter\Guille\jenkins-jenkins-2.328\core\src\test\java\hudson\util\ArgumentListBuilderTest.java","194","5","194","81","0","0","0","0","0","0","0","0","0","0","0","0","0","0","0","0","0","0","0","0","0","0","0","0"
"L15454","MASKS","hudson.util.ArgumentListBuilderTest.MASKS;Ljava/util/Set;","L15434","L103","C:\GIT\pris2\SourceMeter\Guille\jenkins-jenkins-2.328\core\src\test\java\hudson\util\ArgumentListBuilderTest.java","202","5","202","76","0","0","0","0","0","0","0","0","0","0","0","0","0","0","0","0","0","0","0","0","0","0","0","0"
"L15472","PREVIOUS","hudson.util.AtomicFileWriterTest.PREVIOUS;Ljava/lang/String;","L15470","L103","C:\GIT\pris2\SourceMeter\Guille\jenkins-jenkins-2.328\core\src\test\java\hudson\util\AtomicFileWriterTest.java","34","5","34","69","0","0","0","0","0","0","0","0","0","0","0","0","0","0","0","0","0","0","0","0","0","0","0","0"
"L15473","DEFAULT_GIVEN_PERMISSIONS","hudson.util.AtomicFileWriterTest.DEFAULT_GIVEN_PERMISSIONS;Ljava/util/Set;","L15470","L103","C:\GIT\pris2\SourceMeter\Guille\jenkins-jenkins-2.328\core\src\test\java\hudson\util\AtomicFileWriterTest.java","39","5","40","71","0","0","0","0","0","0","0","0","0","0","0","0","0","0","0","0","0","0","0","0","0","0","0","0"
"L15481","tmp","hudson.util.AtomicFileWriterTest.tmp;LTemporaryFolder;","L15470","L103","C:\GIT\pris2\SourceMeter\Guille\jenkins-jenkins-2.328\core\src\test\java\hudson\util\AtomicFileWriterTest.java","41","5","42","63","0","0","0","0","0","0","0","0","0","0","0","0","0","0","0","0","0","0","0","0","0","0","0","0"
"L15482","af","hudson.util.AtomicFileWriterTest.af;Ljava/io/File;","L15470","L103","C:\GIT\pris2\SourceMeter\Guille\jenkins-jenkins-2.328\core\src\test\java\hudson\util\AtomicFileWriterTest.java","43","5","43","13","0","0","0","0","0","0","0","0","0","0","0","0","0","0","0","0","0","0","0","0","0","0","0","0"
"L15483","afw","hudson.util.AtomicFileWriterTest.afw;Lhudson/util/AtomicFileWriter;","L15470","L103","C:\GIT\pris2\SourceMeter\Guille\jenkins-jenkins-2.328\core\src\test\java\hudson\util\AtomicFileWriterTest.java","44","5","44","26","0","0","0","0","0","0","0","0","0","0","0","0","0","0","0","0","0","0","0","0","0","0","0","0"
"L15484","expectedContent","hudson.util.AtomicFileWriterTest.expectedContent;Ljava/lang/String;","L15470","L103","C:\GIT\pris2\SourceMeter\Guille\jenkins-jenkins-2.328\core\src\test\java\hudson\util\AtomicFileWriterTest.java","45","5","45","44","0","0","0","0","0","0","0","0","0","0","0","0","0","0","0","0","0","0","0","0","0","0","0","0"
"L15787","tmpRule","hudson.util.DirScannerTest.tmpRule;LTemporaryFolder;","L15784","L103","C:\GIT\pris2\SourceMeter\Guille\jenkins-jenkins-2.328\core\src\test\java\hudson\util\DirScannerTest.java","41","5","41","66","0","0","0","0","0","0","0","0","0","0","0","0","0","0","0","0","0","0","0","0","0","0","0","0"
"L15811","temporaryFolder","hudson.util.FileChannelWriterTest.temporaryFolder;LTemporaryFolder;","L15809","L103","C:\GIT\pris2\SourceMeter\Guille\jenkins-jenkins-2.328\core\src\test\java\hudson\util\FileChannelWriterTest.java","19","5","20","68","0","0","0","0","0","0","0","0","0","0","0","0","0","0","0","0","0","0","0","0","0","0","0","0"
"L15812","file","hudson.util.FileChannelWriterTest.file;Ljava/io/File;","L15809","L103","C:\GIT\pris2\SourceMeter\Guille\jenkins-jenkins-2.328\core\src\test\java\hudson\util\FileChannelWriterTest.java","22","5","22","15","0","0","0","0","0","0","0","0","0","0","0","0","0","0","0","0","0","0","0","0","0","0","0","0"
"L15813","writer","hudson.util.FileChannelWriterTest.writer;Lhudson/util/FileChannelWriter;","L15809","L103","C:\GIT\pris2\SourceMeter\Guille\jenkins-jenkins-2.328\core\src\test\java\hudson\util\FileChannelWriterTest.java","23","5","23","30","0","0","0","0","0","0","0","0","0","0","0","0","0","0","0","0","0","0","0","0","0","0","0","0"
"L15850","DEFAULT_W","hudson.util.GraphTest.DEFAULT_W;I","L15848","L103","C:\GIT\pris2\SourceMeter\Guille\jenkins-jenkins-2.328\core\src\test\java\hudson\util\GraphTest.java","33","5","33","45","0","0","0","0","0","0","0","0","0","0","0","0","0","0","0","0","0","0","0","0","0","0","0","0"
"L15851","DEFAULT_H","hudson.util.GraphTest.DEFAULT_H;I","L15848","L103","C:\GIT\pris2\SourceMeter\Guille\jenkins-jenkins-2.328\core\src\test\java\hudson\util\GraphTest.java","34","5","34","45","0","0","0","0","0","0","0","0","0","0","0","0","0","0","0","0","0","0","0","0","0","0","0","0"
"L15858","errors","hudson.util.IsOverriddenTest.errors;LErrorCollector;","L15855","L103","C:\GIT\pris2\SourceMeter\Guille\jenkins-jenkins-2.328\core\src\test\java\hudson\util\IsOverriddenTest.java","44","5","45","57","0","0","0","0","0","0","0","0","0","0","0","0","0","0","0","0","0","0","0","0","0","0","0","0"
"L15999","EVEN","hudson.util.IteratorsTest.EVEN;Lhudson/util/Iterators$CountingPredicate;","L15983","L103","C:\GIT\pris2\SourceMeter\Guille\jenkins-jenkins-2.328\core\src\test\java\hudson\util\IteratorsTest.java","82","5","82","92","0","0","0","0","0","0","0","0","0","0","0","0","0","0","0","0","0","0","0","0","0","0","0","0"
"L16026","xs","hudson.util.PackedMapTest.xs;Lhudson/util/XStream2;","L16020","L103","C:\GIT\pris2\SourceMeter\Guille\jenkins-jenkins-2.328\core\src\test\java\hudson\util\PackedMapTest.java","18","5","18","42","0","0","0","0","0","0","0","0","0","0","0","0","0","0","0","0","0","0","0","0","0","0","0","0"
"L16041","x","hudson.util.Point.x;I","L16038","L103","C:\GIT\pris2\SourceMeter\Guille\jenkins-jenkins-2.328\core\src\test\java\hudson\util\Point.java","31","5","31","11","0","0","0","0","0","0","0","0","0","0","0","0","0","0","0","0","0","0","0","0","0","0","0","0"
"L16042","y","hudson.util.Point.y;I","L16038","L103","C:\GIT\pris2\SourceMeter\Guille\jenkins-jenkins-2.328\core\src\test\java\hudson\util\Point.java","31","5","31","14","0","0","0","0","0","0","0","0","0","0","0","0","0","0","0","0","0","0","0","0","0","0","0","0"
"L16046","channels","hudson.util.ProcessTreeTest.channels;Lhudson/ChannelRule;","L16043","L103","C:\GIT\pris2\SourceMeter\Guille\jenkins-jenkins-2.328\core\src\test\java\hudson\util\ProcessTreeTest.java","23","5","23","59","0","0","0","0","0","0","0","0","0","0","0","0","0","0","0","0","0","0","0","0","0","0","0","0"
"L16092","LOG","hudson.util.RetrierTest.LOG;Ljava/util/logging/Logger;","L16090","L103","C:\GIT\pris2\SourceMeter\Guille\jenkins-jenkins-2.328\core\src\test\java\hudson\util\RetrierTest.java","16","5","16","85","0","0","0","0","0","0","0","0","0","0","0","0","0","0","0","0","0","0","0","0","0","0","0","0"
"L16311","rlist","hudson.util.RunListTest.rlist;Lhudson/util/RunList;","L16308","L103","C:\GIT\pris2\SourceMeter\Guille\jenkins-jenkins-2.328\core\src\test\java\hudson\util\RunListTest.java","42","5","42","27","0","0","0","0","0","0","0","0","0","0","0","0","0","0","0","0","0","0","0","0","0","0","0","0"
"L16333","confidentialStoreRule","hudson.util.SecretRewriterTest.confidentialStoreRule;Ljenkins/security/ConfidentialStoreRule;","L16331","L103","C:\GIT\pris2\SourceMeter\Guille\jenkins-jenkins-2.328\core\src\test\java\hudson\util\SecretRewriterTest.java","26","5","27","86","0","0","0","0","0","0","0","0","0","0","0","0","0","0","0","0","0","0","0","0","0","0","0","0"
"L16337","tmp","hudson.util.SecretRewriterTest.tmp;LTemporaryFolder;","L16331","L103","C:\GIT\pris2\SourceMeter\Guille\jenkins-jenkins-2.328\core\src\test\java\hudson\util\SecretRewriterTest.java","29","5","30","56","0","0","0","0","0","0","0","0","0","0","0","0","0","0","0","0","0","0","0","0","0","0","0","0"
"L16338","FOO_PATTERN","hudson.util.SecretRewriterTest.FOO_PATTERN;Ljava/util/regex/Pattern;","L16331","L103","C:\GIT\pris2\SourceMeter\Guille\jenkins-jenkins-2.328\core\src\test\java\hudson\util\SecretRewriterTest.java","32","5","32","105","0","0","0","0","0","0","0","0","0","0","0","0","0","0","0","0","0","0","0","0","0","0","0","0"
"L16339","MSG_PATTERN","hudson.util.SecretRewriterTest.MSG_PATTERN;Ljava/util/regex/Pattern;","L16331","L103","C:\GIT\pris2\SourceMeter\Guille\jenkins-jenkins-2.328\core\src\test\java\hudson\util\SecretRewriterTest.java","33","5","33","105","0","0","0","0","0","0","0","0","0","0","0","0","0","0","0","0","0","0","0","0","0","0","0","0"
"L16340","FOO_PATTERN2","hudson.util.SecretRewriterTest.FOO_PATTERN2;Ljava/util/regex/Pattern;","L16331","L103","C:\GIT\pris2\SourceMeter\Guille\jenkins-jenkins-2.328\core\src\test\java\hudson\util\SecretRewriterTest.java","34","5","34","111","0","0","0","0","0","0","0","0","0","0","0","0","0","0","0","0","0","0","0","0","0","0","0","0"
"L16341","ABC_FOO_PATTERN","hudson.util.SecretRewriterTest.ABC_FOO_PATTERN;Ljava/util/regex/Pattern;","L16331","L103","C:\GIT\pris2\SourceMeter\Guille\jenkins-jenkins-2.328\core\src\test\java\hudson\util\SecretRewriterTest.java","35","5","35","126","0","0","0","0","0","0","0","0","0","0","0","0","0","0","0","0","0","0","0","0","0","0","0","0"
"L16370","confidentialStore","hudson.util.SecretTest.confidentialStore;Ljenkins/security/ConfidentialStoreRule;","L16368","L103","C:\GIT\pris2\SourceMeter\Guille\jenkins-jenkins-2.328\core\src\test\java\hudson\util\SecretTest.java","49","5","50","82","0","0","0","0","0","0","0","0","0","0","0","0","0","0","0","0","0","0","0","0","0","0","0","0"
"L16371","ENCRYPTED_VALUE_PATTERN","hudson.util.SecretTest.ENCRYPTED_VALUE_PATTERN;Ljava/util/regex/Pattern;","L16368","L103","C:\GIT\pris2\SourceMeter\Guille\jenkins-jenkins-2.328\core\src\test\java\hudson\util\SecretTest.java","52","5","52","106","0","0","0","0","0","0","0","0","0","0","0","0","0","0","0","0","0","0","0","0","0","0","0","0"
"L16402","tmp","hudson.util.TextFileTest.tmp;LTemporaryFolder;","L16400","L103","C:\GIT\pris2\SourceMeter\Guille\jenkins-jenkins-2.328\core\src\test\java\hudson\util\TextFileTest.java","17","5","18","56","0","0","0","0","0","0","0","0","0","0","0","0","0","0","0","0","0","0","0","0","0","0","0","0"
"L16674","j","hudson.util.AlternativeUiTextProviderTest.j;LJenkinsRule;","L16672","L103","C:\GIT\pris2\SourceMeter\Guille\jenkins-jenkins-2.328\test\src\test\java\hudson\util\AlternativeUiTextProviderTest.java","43","5","44","46","0","0","0","0","0","0","0","0","0","0","0","0","0","0","0","0","0","0","0","0","0","0","0","0"
"L16703","j","hudson.util.ArgumentListBuilder2Test.j;LJenkinsRule;","L16700","L103","C:\GIT\pris2\SourceMeter\Guille\jenkins-jenkins-2.328\test\src\test\java\hudson\util\ArgumentListBuilder2Test.java","56","5","57","46","0","0","0","0","0","0","0","0","0","0","0","0","0","0","0","0","0","0","0","0","0","0","0","0"
"L16704","logging","hudson.util.ArgumentListBuilder2Test.logging;LLoggerRule;","L16700","L103","C:\GIT\pris2\SourceMeter\Guille\jenkins-jenkins-2.328\test\src\test\java\hudson\util\ArgumentListBuilder2Test.java","59","5","62","52","0","0","0","0","0","0","0","0","0","0","0","0","0","0","0","0","0","0","0","0","0","0","0","0"
"L16734","rule","hudson.util.AtomicFileWriterPerfTest.rule;LJenkinsRule;","L16732","L103","C:\GIT\pris2\SourceMeter\Guille\jenkins-jenkins-2.328\test\src\test\java\hudson\util\AtomicFileWriterPerfTest.java","11","5","12","62","0","0","0","0","0","0","0","0","0","0","0","0","0","0","0","0","0","0","0","0","0","0","0","0"
"L16741","tmpDir","hudson.util.BootFailureTest.tmpDir;LTemporaryFolder;","L16738","L103","C:\GIT\pris2\SourceMeter\Guille\jenkins-jenkins-2.328\test\src\test\java\hudson\util\BootFailureTest.java","41","5","42","59","0","0","0","0","0","0","0","0","0","0","0","0","0","0","0","0","0","0","0","0","0","0","0","0"
"L16742","makeBootFail","hudson.util.BootFailureTest.makeBootFail;Z","L16738","L103","C:\GIT\pris2\SourceMeter\Guille\jenkins-jenkins-2.328\test\src\test\java\hudson\util\BootFailureTest.java","44","5","44","40","0","0","0","0","0","0","0","0","0","0","0","0","0","0","0","0","0","0","0","0","0","0","0","0"
"L16743","wa","hudson.util.BootFailureTest.wa;Lhudson/WebAppMain;","L16738","L103","C:\GIT\pris2\SourceMeter\Guille\jenkins-jenkins-2.328\test\src\test\java\hudson\util\BootFailureTest.java","45","5","45","26","0","0","0","0","0","0","0","0","0","0","0","0","0","0","0","0","0","0","0","0","0","0","0","0"
"L16774","j","hudson.util.BootFailureTest.j;Lhudson/util/BootFailureTest$CustomRule;","L16738","L103","C:\GIT\pris2\SourceMeter\Guille\jenkins-jenkins-2.328\test\src\test\java\hudson\util\BootFailureTest.java","98","5","99","44","0","0","0","0","0","0","0","0","0","0","0","0","0","0","0","0","0","0","0","0","0","0","0","0"
"L16805","problem","hudson.util.BootFailureTest.problem;Ljava/lang/Exception;","L16738","L103","C:\GIT\pris2\SourceMeter\Guille\jenkins-jenkins-2.328\test\src\test\java\hudson\util\BootFailureTest.java","178","5","178","37","0","0","0","0","0","0","0","0","0","0","0","0","0","0","0","0","0","0","0","0","0","0","0","0"
"L16807","runRecord","hudson.util.BootFailureTest.runRecord;Ljava/util/List;","L16738","L103","C:\GIT\pris2\SourceMeter\Guille\jenkins-jenkins-2.328\test\src\test\java\hudson\util\BootFailureTest.java","179","5","179","62","0","0","0","0","0","0","0","0","0","0","0","0","0","0","0","0","0","0","0","0","0","0","0","0"
"L16823","j","hudson.util.FormFieldValidatorTest.j;LJenkinsRule;","L16820","L103","C:\GIT\pris2\SourceMeter\Guille\jenkins-jenkins-2.328\test\src\test\java\hudson\util\FormFieldValidatorTest.java","44","5","45","46","0","0","0","0","0","0","0","0","0","0","0","0","0","0","0","0","0","0","0","0","0","0","0","0"
"L16867","j","hudson.util.FormValidationSecurity1893Test.j;LJenkinsRule;","L16865","L103","C:\GIT\pris2\SourceMeter\Guille\jenkins-jenkins-2.328\test\src\test\java\hudson\util\FormValidationSecurity1893Test.java","38","5","39","46","0","0","0","0","0","0","0","0","0","0","0","0","0","0","0","0","0","0","0","0","0","0","0","0"
"L16872","j","hudson.util.FormValidationTest.j;LJenkinsRule;","L16870","L103","C:\GIT\pris2\SourceMeter\Guille\jenkins-jenkins-2.328\test\src\test\java\hudson\util\FormValidationTest.java","14","5","15","46","0","0","0","0","0","0","0","0","0","0","0","0","0","0","0","0","0","0","0","0","0","0","0","0"
"L16878","j","hudson.util.HudsonIsLoadingTest.j;LJenkinsRule;","L16876","L103","C:\GIT\pris2\SourceMeter\Guille\jenkins-jenkins-2.328\test\src\test\java\hudson\util\HudsonIsLoadingTest.java","16","5","17","46","0","0","0","0","0","0","0","0","0","0","0","0","0","0","0","0","0","0","0","0","0","0","0","0"
"L16888","j","hudson.util.HudsonIsRestartingTest.j;LJenkinsRule;","L16886","L103","C:\GIT\pris2\SourceMeter\Guille\jenkins-jenkins-2.328\test\src\test\java\hudson\util\HudsonIsRestartingTest.java","17","5","18","46","0","0","0","0","0","0","0","0","0","0","0","0","0","0","0","0","0","0","0","0","0","0","0","0"
"L16901","rule","hudson.util.LineEndingConversionTest.rule;LJenkinsRule;","L16898","L103","C:\GIT\pris2\SourceMeter\Guille\jenkins-jenkins-2.328\test\src\test\java\hudson\util\LineEndingConversionTest.java","15","5","16","49","0","0","0","0","0","0","0","0","0","0","0","0","0","0","0","0","0","0","0","0","0","0","0","0"
"L16908","r","hudson.util.LogTaskListenerTest.r;LJenkinsRule;","L16906","L103","C:\GIT\pris2\SourceMeter\Guille\jenkins-jenkins-2.328\test\src\test\java\hudson\util\LogTaskListenerTest.java","40","5","41","46","0","0","0","0","0","0","0","0","0","0","0","0","0","0","0","0","0","0","0","0","0","0","0","0"
"L16909","logging","hudson.util.LogTaskListenerTest.logging;LLoggerRule;","L16906","L103","C:\GIT\pris2\SourceMeter\Guille\jenkins-jenkins-2.328\test\src\test\java\hudson\util\LogTaskListenerTest.java","43","5","44","104","0","0","0","0","0","0","0","0","0","0","0","0","0","0","0","0","0","0","0","0","0","0","0","0"
"L16930","j","hudson.util.ProcessTreeTest.j;LJenkinsRule;","L16928","L103","C:\GIT\pris2\SourceMeter\Guille\jenkins-jenkins-2.328\test\src\test\java\hudson\util\ProcessTreeTest.java","37","5","38","46","0","0","0","0","0","0","0","0","0","0","0","0","0","0","0","0","0","0","0","0","0","0","0","0"
"L16931","process","hudson.util.ProcessTreeTest.process;Ljava/lang/Process;","L16928","L103","C:\GIT\pris2\SourceMeter\Guille\jenkins-jenkins-2.328\test\src\test\java\hudson\util\ProcessTreeTest.java","39","5","39","29","0","0","0","0","0","0","0","0","0","0","0","0","0","0","0","0","0","0","0","0","0","0","0","0"
"L16998","r","hudson.util.RobustReflectionConverterTest.r;LJenkinsRule;","L16996","L103","C:\GIT\pris2\SourceMeter\Guille\jenkins-jenkins-2.328\test\src\test\java\hudson\util\RobustReflectionConverterTest.java","66","5","66","52","0","0","0","0","0","0","0","0","0","0","0","0","0","0","0","0","0","0","0","0","0","0","0","0"
"L17087","CONFIGURATION_TEMPLATE","hudson.util.RobustReflectionConverterTest.CONFIGURATION_TEMPLATE;Ljava/lang/String;","L16996","L103","C:\GIT\pris2\SourceMeter\Guille\jenkins-jenkins-2.328\test\src\test\java\hudson\util\RobustReflectionConverterTest.java","173","5","186","28","0","0","0","0","0","0","0","0","0","0","0","0","0","0","0","0","0","0","0","0","0","0","0","0"
"L17105","j","hudson.util.SecretCompatTest.j;LJenkinsRule;","L17102","L103","C:\GIT\pris2\SourceMeter\Guille\jenkins-jenkins-2.328\test\src\test\java\hudson\util\SecretCompatTest.java","51","5","52","46","0","0","0","0","0","0","0","0","0","0","0","0","0","0","0","0","0","0","0","0","0","0","0","0"
"L17124","rr","hudson.util.XStream2AnnotationTest.rr;LJenkinsSessionRule;","L17122","L103","C:\GIT\pris2\SourceMeter\Guille\jenkins-jenkins-2.328\test\src\test\java\hudson\util\XStream2AnnotationTest.java","43","5","44","61","0","0","0","0","0","0","0","0","0","0","0","0","0","0","0","0","0","0","0","0","0","0","0","0"
"L17185","j","hudson.util.XStream2Security383Test.j;LJenkinsRule;","L17183","L103","C:\GIT\pris2\SourceMeter\Guille\jenkins-jenkins-2.328\test\src\test\java\hudson\util\XStream2Security383Test.java","33","5","34","46","0","0","0","0","0","0","0","0","0","0","0","0","0","0","0","0","0","0","0","0","0","0","0","0"
"L17186","f","hudson.util.XStream2Security383Test.f;LTemporaryFolder;","L17183","L103","C:\GIT\pris2\SourceMeter\Guille\jenkins-jenkins-2.328\test\src\test\java\hudson\util\XStream2Security383Test.java","36","5","37","54","0","0","0","0","0","0","0","0","0","0","0","0","0","0","0","0","0","0","0","0","0","0","0","0"
"L17187","logging","hudson.util.XStream2Security383Test.logging;LLoggerRule;","L17183","L103","C:\GIT\pris2\SourceMeter\Guille\jenkins-jenkins-2.328\test\src\test\java\hudson\util\XStream2Security383Test.java","39","5","40","92","0","0","0","0","0","0","0","0","0","0","0","0","0","0","0","0","0","0","0","0","0","0","0","0"
"L17191","req","hudson.util.XStream2Security383Test.req;LStaplerRequest;","L17183","L103","C:\GIT\pris2\SourceMeter\Guille\jenkins-jenkins-2.328\test\src\test\java\hudson\util\XStream2Security383Test.java","42","5","43","32","0","0","0","0","0","0","0","0","0","0","0","0","0","0","0","0","0","0","0","0","0","0","0","0"
"L17192","rsp","hudson.util.XStream2Security383Test.rsp;LStaplerResponse;","L17183","L103","C:\GIT\pris2\SourceMeter\Guille\jenkins-jenkins-2.328\test\src\test\java\hudson\util\XStream2Security383Test.java","45","5","46","33","0","0","0","0","0","0","0","0","0","0","0","0","0","0","0","0","0","0","0","0","0","0","0","0"
"L17193","mocks","hudson.util.XStream2Security383Test.mocks;Ljava/lang/AutoCloseable;","L17183","L103","C:\GIT\pris2\SourceMeter\Guille\jenkins-jenkins-2.328\test\src\test\java\hudson\util\XStream2Security383Test.java","48","5","48","33","0","0","0","0","0","0","0","0","0","0","0","0","0","0","0","0","0","0","0","0","0","0","0","0"
"L17621","_for","hudson.ClassicPluginStrategy$DependencyClassLoader._for;Ljava/io/File;","L17450","L103","C:\GIT\pris2\SourceMeter\Guille\jenkins-jenkins-2.328\core\src\main\java\hudson\ClassicPluginStrategy.java","582","9","582","33","0","0","0","0","0","0","0","0","0","0","0","0","0","0","0","0","0","0","0","0","0","0","0","0"
"L17623","dependencies","hudson.ClassicPluginStrategy$DependencyClassLoader.dependencies;Ljava/util/List;","L17450","L103","C:\GIT\pris2\SourceMeter\Guille\jenkins-jenkins-2.328\core\src\main\java\hudson\ClassicPluginStrategy.java","584","9","584","47","0","0","0","0","0","0","0","0","0","0","0","0","0","0","0","0","0","0","0","0","0","0","0","0"
"L17624","pluginManager","hudson.ClassicPluginStrategy$DependencyClassLoader.pluginManager;Lhudson/PluginManager;","L17450","L103","C:\GIT\pris2\SourceMeter\Guille\jenkins-jenkins-2.328\core\src\main\java\hudson\ClassicPluginStrategy.java","586","9","586","51","0","0","0","0","0","0","0","0","0","0","0","0","0","0","0","0","0","0","0","0","0","0","0","0"
"L17625","transitiveDependencies","hudson.ClassicPluginStrategy$DependencyClassLoader.transitiveDependencies;Ljava/util/List;","L17450","L103","C:\GIT\pris2\SourceMeter\Guille\jenkins-jenkins-2.328\core\src\main\java\hudson\ClassicPluginStrategy.java","591","9","591","69","0","0","0","0","0","0","0","0","0","0","0","0","0","0","0","0","0","0","0","0","0","0","0","0"
"L17700","context","hudson.console.AnnotatedLargeText.context;Ljava/lang/Object;","L2716","L103","C:\GIT\pris2\SourceMeter\Guille\jenkins-jenkins-2.328\core\src\main\java\hudson\console\AnnotatedLargeText.java","81","5","81","23","0","0","0","0","0","0","0","0","0","0","0","0","0","0","0","0","0","0","0","0","0","0","0","0"
"L17736","PASSING_ANNOTATOR","hudson.console.AnnotatedLargeText.PASSING_ANNOTATOR;Ljenkins/security/CryptoConfidentialKey;","L2716","L103","C:\GIT\pris2\SourceMeter\Guille\jenkins-jenkins-2.328\core\src\main\java\hudson\console\AnnotatedLargeText.java","197","5","197","140","0","0","0","0","0","0","0","0","0","0","0","0","0","0","0","0","0","0","0","0","0","0","0","0"
"L17831","out","hudson.console.ConsoleAnnotationOutputStream.out;Ljava/io/Writer;","L17762","L103","C:\GIT\pris2\SourceMeter\Guille\jenkins-jenkins-2.328\core\src\main\java\hudson\console\ConsoleAnnotationOutputStream.java","53","5","53","30","0","0","0","0","0","0","0","0","0","0","0","0","0","0","0","0","0","0","0","0","0","0","0","0"
"L17832","context","hudson.console.ConsoleAnnotationOutputStream.context;Ljava/lang/Object;","L17762","L103","C:\GIT\pris2\SourceMeter\Guille\jenkins-jenkins-2.328\core\src\main\java\hudson\console\ConsoleAnnotationOutputStream.java","54","5","54","29","0","0","0","0","0","0","0","0","0","0","0","0","0","0","0","0","0","0","0","0","0","0","0","0"
"L17836","ann","hudson.console.ConsoleAnnotationOutputStream.ann;Lhudson/console/ConsoleAnnotator;","L17762","L103","C:\GIT\pris2\SourceMeter\Guille\jenkins-jenkins-2.328\core\src\main\java\hudson\console\ConsoleAnnotationOutputStream.java","55","5","55","37","0","0","0","0","0","0","0","0","0","0","0","0","0","0","0","0","0","0","0","0","0","0","0","0"
"L17837","line","hudson.console.ConsoleAnnotationOutputStream.line;Lhudson/console/ConsoleAnnotationOutputStream$LineBuffer;","L17762","L103","C:\GIT\pris2\SourceMeter\Guille\jenkins-jenkins-2.328\core\src\main\java\hudson\console\ConsoleAnnotationOutputStream.java","60","5","60","57","0","0","0","0","0","0","0","0","0","0","0","0","0","0","0","0","0","0","0","0","0","0","0","0"
"L17842","lineOut","hudson.console.ConsoleAnnotationOutputStream.lineOut;LWriterOutputStream;","L17762","L103","C:\GIT\pris2\SourceMeter\Guille\jenkins-jenkins-2.328\core\src\main\java\hudson\console\ConsoleAnnotationOutputStream.java","64","5","64","46","0","0","0","0","0","0","0","0","0","0","0","0","0","0","0","0","0","0","0","0","0","0","0","0"
"L17891","LOGGER","hudson.console.ConsoleAnnotationOutputStream.LOGGER;Ljava/util/logging/Logger;","L17762","L103","C:\GIT\pris2\SourceMeter\Guille\jenkins-jenkins-2.328\core\src\main\java\hudson\console\ConsoleAnnotationOutputStream.java","188","5","188","106","0","0","0","0","0","0","0","0","0","0","0","0","0","0","0","0","0","0","0","0","0","0","0","0"
"L17983","serialVersionUID","hudson.console.ConsoleAnnotator.serialVersionUID;J","L17730","L103","C:\GIT\pris2\SourceMeter\Guille\jenkins-jenkins-2.328\core\src\main\java\hudson\console\ConsoleAnnotator.java","158","5","158","53","0","0","0","0","0","0","0","0","0","0","0","0","0","0","0","0","0","0","0","0","0","0","0","0"
"L18043","MAC","hudson.console.ConsoleNote.MAC;Ljenkins/security/HMACConfidentialKey;","L17783","L103","C:\GIT\pris2\SourceMeter\Guille\jenkins-jenkins-2.328\core\src\main\java\hudson\console\ConsoleNote.java","142","5","142","102","0","0","0","0","0","0","0","0","0","0","0","0","0","0","0","0","0","0","0","0","0","0","0","0"
"L18047","INSECURE","hudson.console.ConsoleNote.INSECURE;Z","L17783","L103","C:\GIT\pris2\SourceMeter\Guille\jenkins-jenkins-2.328\core\src\main\java\hudson\console\ConsoleNote.java","148","5","150","151","0","0","0","0","0","0","0","0","0","0","0","0","0","0","0","0","0","0","0","0","0","0","0","0"
"L18096","serialVersionUID","hudson.console.ConsoleNote.serialVersionUID;J","L17783","L103","C:\GIT\pris2\SourceMeter\Guille\jenkins-jenkins-2.328\core\src\main\java\hudson\console\ConsoleNote.java","321","5","321","53","0","0","0","0","0","0","0","0","0","0","0","0","0","0","0","0","0","0","0","0","0","0","0","0"
"L18097","PREAMBLE_STR","hudson.console.ConsoleNote.PREAMBLE_STR;Ljava/lang/String;","L17783","L103","C:\GIT\pris2\SourceMeter\Guille\jenkins-jenkins-2.328\core\src\main\java\hudson\console\ConsoleNote.java","323","5","323","62","0","0","0","0","0","0","0","0","0","0","0","0","0","0","0","0","0","0","0","0","0","0","0","0"
"L18098","POSTAMBLE_STR","hudson.console.ConsoleNote.POSTAMBLE_STR;Ljava/lang/String;","L17783","L103","C:\GIT\pris2\SourceMeter\Guille\jenkins-jenkins-2.328\core\src\main\java\hudson\console\ConsoleNote.java","324","5","324","60","0","0","0","0","0","0","0","0","0","0","0","0","0","0","0","0","0","0","0","0","0","0","0","0"
"L18071","PREAMBLE","hudson.console.ConsoleNote.PREAMBLE;[B","L17783","L103","C:\GIT\pris2\SourceMeter\Guille\jenkins-jenkins-2.328\core\src\main\java\hudson\console\ConsoleNote.java","330","5","331","89","0","0","0","0","0","0","0","0","0","0","0","0","0","0","0","0","0","0","0","0","0","0","0","0"
"L18076","POSTAMBLE","hudson.console.ConsoleNote.POSTAMBLE;[B","L17783","L103","C:\GIT\pris2\SourceMeter\Guille\jenkins-jenkins-2.328\core\src\main\java\hudson\console\ConsoleNote.java","335","5","336","91","0","0","0","0","0","0","0","0","0","0","0","0","0","0","0","0","0","0","0","0","0","0","0","0"
"L18120","caption","hudson.console.ExpandableDetailsNote.caption;Ljava/lang/String;","L18118","L103","C:\GIT\pris2\SourceMeter\Guille\jenkins-jenkins-2.328\core\src\main\java\hudson\console\ExpandableDetailsNote.java","43","5","43","34","0","0","0","0","0","0","0","0","0","0","0","0","0","0","0","0","0","0","0","0","0","0","0","0"
"L18121","html","hudson.console.ExpandableDetailsNote.html;Ljava/lang/String;","L18118","L103","C:\GIT\pris2\SourceMeter\Guille\jenkins-jenkins-2.328\core\src\main\java\hudson\console\ExpandableDetailsNote.java","44","5","44","31","0","0","0","0","0","0","0","0","0","0","0","0","0","0","0","0","0","0","0","0","0","0","0","0"
"L18141","LOGGER","hudson.console.ExpandableDetailsNote.LOGGER;Ljava/util/logging/Logger;","L18118","L103","C:\GIT\pris2\SourceMeter\Guille\jenkins-jenkins-2.328\core\src\main\java\hudson\console\ExpandableDetailsNote.java","76","5","76","98","0","0","0","0","0","0","0","0","0","0","0","0","0","0","0","0","0","0","0","0","0","0","0","0"
"L18148","url","hudson.console.HyperlinkNote.url;Ljava/lang/String;","L16918","L103","C:\GIT\pris2\SourceMeter\Guille\jenkins-jenkins-2.328\core\src\main\java\hudson\console\HyperlinkNote.java","52","5","52","30","0","0","0","0","0","0","0","0","0","0","0","0","0","0","0","0","0","0","0","0","0","0","0","0"
"L18150","length","hudson.console.HyperlinkNote.length;I","L16918","L103","C:\GIT\pris2\SourceMeter\Guille\jenkins-jenkins-2.328\core\src\main\java\hudson\console\HyperlinkNote.java","53","5","53","30","0","0","0","0","0","0","0","0","0","0","0","0","0","0","0","0","0","0","0","0","0","0","0","0"
"L18177","LOGGER","hudson.console.HyperlinkNote.LOGGER;Ljava/util/logging/Logger;","L16918","L103","C:\GIT\pris2\SourceMeter\Guille\jenkins-jenkins-2.328\core\src\main\java\hudson\console\HyperlinkNote.java","111","5","111","90","0","0","0","0","0","0","0","0","0","0","0","0","0","0","0","0","0","0","0","0","0","0","0","0"
"L18182","serialVersionUID","hudson.console.HyperlinkNote.serialVersionUID;J","L16918","L103","C:\GIT\pris2\SourceMeter\Guille\jenkins-jenkins-2.328\core\src\main\java\hudson\console\HyperlinkNote.java","112","5","112","71","0","0","0","0","0","0","0","0","0","0","0","0","0","0","0","0","0","0","0","0","0","0","0","0"
"L18184","buf","hudson.console.LineTransformationOutputStream.buf;Lhudson/util/ByteArrayOutputStream2;","L17828","L103","C:\GIT\pris2\SourceMeter\Guille\jenkins-jenkins-2.328\core\src\main\java\hudson\console\LineTransformationOutputStream.java","41","5","41","71","0","0","0","0","0","0","0","0","0","0","0","0","0","0","0","0","0","0","0","0","0","0","0","0"
"L18194","LF","hudson.console.LineTransformationOutputStream.LF;I","L17828","L103","C:\GIT\pris2\SourceMeter\Guille\jenkins-jenkins-2.328\core\src\main\java\hudson\console\LineTransformationOutputStream.java","113","5","113","40","0","0","0","0","0","0","0","0","0","0","0","0","0","0","0","0","0","0","0","0","0","0","0","0"
"L18270","serialVersionUID","hudson.console.ModelHyperlinkNote.serialVersionUID;J","L18219","L103","C:\GIT\pris2\SourceMeter\Guille\jenkins-jenkins-2.328\core\src\main\java\hudson\console\ModelHyperlinkNote.java","81","5","81","53","0","0","0","0","0","0","0","0","0","0","0","0","0","0","0","0","0","0","0","0","0","0","0","0"
"L18271","LOGGER","hudson.console.ModelHyperlinkNote.LOGGER;Ljava/util/logging/Logger;","L18219","L103","C:\GIT\pris2\SourceMeter\Guille\jenkins-jenkins-2.328\core\src\main\java\hudson\console\ModelHyperlinkNote.java","83","5","83","95","0","0","0","0","0","0","0","0","0","0","0","0","0","0","0","0","0","0","0","0","0","0","0","0"
"L18322","ca","hudson.console.UrlAnnotatorTest.ca;Lhudson/console/ConsoleAnnotator;","L18319","L103","C:\GIT\pris2\SourceMeter\Guille\jenkins-jenkins-2.328\core\src\test\java\hudson\console\UrlAnnotatorTest.java","38","5","38","75","0","0","0","0","0","0","0","0","0","0","0","0","0","0","0","0","0","0","0","0","0","0","0","0"
"L18337","r","hudson.console.AnnotatedLargeTextTest.r;LJenkinsRule;","L18335","L103","C:\GIT\pris2\SourceMeter\Guille\jenkins-jenkins-2.328\test\src\test\java\hudson\console\AnnotatedLargeTextTest.java","51","5","52","53","0","0","0","0","0","0","0","0","0","0","0","0","0","0","0","0","0","0","0","0","0","0","0","0"
"L18338","logging","hudson.console.AnnotatedLargeTextTest.logging;LLoggerRule;","L18335","L103","C:\GIT\pris2\SourceMeter\Guille\jenkins-jenkins-2.328\test\src\test\java\hudson\console\AnnotatedLargeTextTest.java","54","5","55","119","0","0","0","0","0","0","0","0","0","0","0","0","0","0","0","0","0","0","0","0","0","0","0","0"
"L18374","r","hudson.console.ConsoleAnnotatorTest.r;LJenkinsRule;","L18371","L103","C:\GIT\pris2\SourceMeter\Guille\jenkins-jenkins-2.328\test\src\test\java\hudson\console\ConsoleAnnotatorTest.java","52","5","52","52","0","0","0","0","0","0","0","0","0","0","0","0","0","0","0","0","0","0","0","0","0","0","0","0"
"L18438","STATEFUL_ANNOTATOR","hudson.console.ConsoleAnnotatorTest.STATEFUL_ANNOTATOR;Lhudson/console/ConsoleAnnotatorFactory;","L18371","L103","C:\GIT\pris2\SourceMeter\Guille\jenkins-jenkins-2.328\test\src\test\java\hudson\console\ConsoleAnnotatorTest.java","210","5","216","7","0","0","0","0","0","0","0","0","0","0","0","0","0","0","0","0","0","0","0","0","0","0","0","0"
"L18554","r","hudson.console.ConsoleLogFilterTest.r;LJenkinsRule;","L18551","L103","C:\GIT\pris2\SourceMeter\Guille\jenkins-jenkins-2.328\test\src\test\java\hudson\console\ConsoleLogFilterTest.java","20","5","21","46","0","0","0","0","0","0","0","0","0","0","0","0","0","0","0","0","0","0","0","0","0","0","0","0"
"L18582","j","hudson.console.ExceptionAnnotationTest.j;LJenkinsRule;","L18579","L103","C:\GIT\pris2\SourceMeter\Guille\jenkins-jenkins-2.328\test\src\test\java\hudson\console\ExceptionAnnotationTest.java","18","5","19","46","0","0","0","0","0","0","0","0","0","0","0","0","0","0","0","0","0","0","0","0","0","0","0","0"
"L18592","r","hudson.console.HyperlinkNoteTest.r;LJenkinsRule;","L18590","L103","C:\GIT\pris2\SourceMeter\Guille\jenkins-jenkins-2.328\test\src\test\java\hudson\console\HyperlinkNoteTest.java","48","5","49","46","0","0","0","0","0","0","0","0","0","0","0","0","0","0","0","0","0","0","0","0","0","0","0","0"
"L18612","j","hudson.console.UrlAnnotatorTest.j;LJenkinsRule;","L18609","L103","C:\GIT\pris2\SourceMeter\Guille\jenkins-jenkins-2.328\test\src\test\java\hudson\console\UrlAnnotatorTest.java","22","5","23","46","0","0","0","0","0","0","0","0","0","0","0","0","0","0","0","0","0","0","0","0","0","0","0","0"
"L18894","LOGGER","hudson.diagnosis.HudsonHomeDiskUsageChecker.LOGGER;Ljava/util/logging/Logger;","L18878","L103","C:\GIT\pris2\SourceMeter\Guille\jenkins-jenkins-2.328\core\src\main\java\hudson\diagnosis\HudsonHomeDiskUsageChecker.java","68","5","68","103","0","0","0","0","0","0","0","0","0","0","0","0","0","0","0","0","0","0","0","0","0","0","0","0"
"L18902","FREE_SPACE_THRESHOLD","hudson.diagnosis.HudsonHomeDiskUsageChecker.FREE_SPACE_THRESHOLD;J","L18878","L103","C:\GIT\pris2\SourceMeter\Guille\jenkins-jenkins-2.328\core\src\main\java\hudson\diagnosis\HudsonHomeDiskUsageChecker.java","73","5","75","72","0","0","0","0","0","0","0","0","0","0","0","0","0","0","0","0","0","0","0","0","0","0","0","0"
"L18900","activated","hudson.diagnosis.HudsonHomeDiskUsageMonitor.activated;Z","L18909","L103","C:\GIT\pris2\SourceMeter\Guille\jenkins-jenkins-2.328\core\src\main\java\hudson\diagnosis\HudsonHomeDiskUsageMonitor.java","50","17","50","35","0","0","0","0","0","0","0","0","0","0","0","0","0","0","0","0","0","0","0","0","0","0","0","0"
"L19018","heap","hudson.diagnosis.MemoryUsageMonitor.heap;Lhudson/diagnosis/MemoryUsageMonitor$MemoryGroup;","L18958","L103","C:\GIT\pris2\SourceMeter\Guille\jenkins-jenkins-2.328\core\src\main\java\hudson\diagnosis\MemoryUsageMonitor.java","102","5","102","35","0","0","0","0","0","0","0","0","0","0","0","0","0","0","0","0","0","0","0","0","0","0","0","0"
"L19021","nonHeap","hudson.diagnosis.MemoryUsageMonitor.nonHeap;Lhudson/diagnosis/MemoryUsageMonitor$MemoryGroup;","L18958","L103","C:\GIT\pris2\SourceMeter\Guille\jenkins-jenkins-2.328\core\src\main\java\hudson\diagnosis\MemoryUsageMonitor.java","103","5","103","38","0","0","0","0","0","0","0","0","0","0","0","0","0","0","0","0","0","0","0","0","0","0","0","0"
"L19041","problems","hudson.diagnosis.NullIdDescriptorMonitor.problems;Ljava/util/List;","L19035","L103","C:\GIT\pris2\SourceMeter\Guille\jenkins-jenkins-2.328\core\src\main\java\hudson\diagnosis\NullIdDescriptorMonitor.java","58","5","58","65","0","0","0","0","0","0","0","0","0","0","0","0","0","0","0","0","0","0","0","0","0","0","0","0"
"L19054","LOGGER","hudson.diagnosis.NullIdDescriptorMonitor.LOGGER;Ljava/util/logging/Logger;","L19035","L103","C:\GIT\pris2\SourceMeter\Guille\jenkins-jenkins-2.328\core\src\main\java\hudson\diagnosis\NullIdDescriptorMonitor.java","91","5","91","100","0","0","0","0","0","0","0","0","0","0","0","0","0","0","0","0","0","0","0","0","0","0","0","0"
"L19061","LOGGER","hudson.diagnosis.OldDataMonitor.LOGGER;Ljava/util/logging/Logger;","L13745","L103","C:\GIT\pris2\SourceMeter\Guille\jenkins-jenkins-2.328\core\src\main\java\hudson\diagnosis\OldDataMonitor.java","79","5","79","91","0","0","0","0","0","0","0","0","0","0","0","0","0","0","0","0","0","0","0","0","0","0","0","0"
"L19062","data","hudson.diagnosis.OldDataMonitor.data;Ljava/util/concurrent/ConcurrentMap;","L13745","L103","C:\GIT\pris2\SourceMeter\Guille\jenkins-jenkins-2.328\core\src\main\java\hudson\diagnosis\OldDataMonitor.java","81","5","81","93","0","0","0","0","0","0","0","0","0","0","0","0","0","0","0","0","0","0","0","0","0","0","0","0"
"L19096","changeListener","hudson.diagnosis.OldDataMonitor.changeListener;Lhudson/model/listeners/SaveableListener;","L13745","L103","C:\GIT\pris2\SourceMeter\Guille\jenkins-jenkins-2.328\core\src\main\java\hudson\diagnosis\OldDataMonitor.java","135","5","141","7","0","0","0","0","0","0","0","0","0","0","0","0","0","0","0","0","0","0","0","0","0","0","0","0"
"L19112","itemDeleteListener","hudson.diagnosis.OldDataMonitor.itemDeleteListener;Lhudson/model/listeners/ItemListener;","L13745","L103","C:\GIT\pris2\SourceMeter\Guille\jenkins-jenkins-2.328\core\src\main\java\hudson\diagnosis\OldDataMonitor.java","143","5","149","7","0","0","0","0","0","0","0","0","0","0","0","0","0","0","0","0","0","0","0","0","0","0","0","0"
"L19117","runDeleteListener","hudson.diagnosis.OldDataMonitor.runDeleteListener;Lhudson/model/listeners/RunListener;","L13745","L103","C:\GIT\pris2\SourceMeter\Guille\jenkins-jenkins-2.328\core\src\main\java\hudson\diagnosis\OldDataMonitor.java","151","5","157","7","0","0","0","0","0","0","0","0","0","0","0","0","0","0","0","0","0","0","0","0","0","0","0","0"
"L19266","LOGGER","hudson.diagnosis.ReverseProxySetupMonitor.LOGGER;Ljava/util/logging/Logger;","L19263","L103","C:\GIT\pris2\SourceMeter\Guille\jenkins-jenkins-2.328\core\src\main\java\hudson\diagnosis\ReverseProxySetupMonitor.java","61","5","61","101","0","0","0","0","0","0","0","0","0","0","0","0","0","0","0","0","0","0","0","0","0","0","0","0"
"L19296","THRESHOLD","hudson.diagnosis.TooManyJobsButNoView.THRESHOLD;I","L19287","L103","C:\GIT\pris2\SourceMeter\Guille\jenkins-jenkins-2.328\core\src\main\java\hudson\diagnosis\TooManyJobsButNoView.java","82","5","82","44","0","0","0","0","0","0","0","0","0","0","0","0","0","0","0","0","0","0","0","0","0","0","0","0"
"L19306","j","hudson.diagnosis.HudsonHomeDiskUsageMonitorTest.j;LJenkinsRule;","L19303","L103","C:\GIT\pris2\SourceMeter\Guille\jenkins-jenkins-2.328\test\src\test\java\hudson\diagnosis\HudsonHomeDiskUsageMonitorTest.java","34","5","35","46","0","0","0","0","0","0","0","0","0","0","0","0","0","0","0","0","0","0","0","0","0","0","0","0"
"L19324","r","hudson.diagnosis.OldDataMonitorTest.r;LJenkinsRule;","L19319","L103","C:\GIT\pris2\SourceMeter\Guille\jenkins-jenkins-2.328\test\src\test\java\hudson\diagnosis\OldDataMonitorTest.java","62","5","62","52","0","0","0","0","0","0","0","0","0","0","0","0","0","0","0","0","0","0","0","0","0","0","0","0"
"L19409","rr","hudson.diagnosis.ReverseProxySetupMonitorTest.rr;LRestartableJenkinsRule;","L19407","L103","C:\GIT\pris2\SourceMeter\Guille\jenkins-jenkins-2.328\test\src\test\java\hudson\diagnosis\ReverseProxySetupMonitorTest.java","45","5","53","7","0","0","0","0","0","0","0","0","0","0","0","0","0","0","0","0","0","0","0","0","0","0","0","0"
"L19413","desiredContextPath","hudson.diagnosis.ReverseProxySetupMonitorTest.desiredContextPath;Ljava/lang/String;","L19407","L103","C:\GIT\pris2\SourceMeter\Guille\jenkins-jenkins-2.328\test\src\test\java\hudson\diagnosis\ReverseProxySetupMonitorTest.java","55","5","55","39","0","0","0","0","0","0","0","0","0","0","0","0","0","0","0","0","0","0","0","0","0","0","0","0"
"L19475","r","hudson.diagnosis.TooManyJobsButNoViewTest.r;LJenkinsRule;","L19472","L103","C:\GIT\pris2\SourceMeter\Guille\jenkins-jenkins-2.328\test\src\test\java\hudson\diagnosis\TooManyJobsButNoViewTest.java","34","5","34","52","0","0","0","0","0","0","0","0","0","0","0","0","0","0","0","0","0","0","0","0","0","0","0","0"
"L19476","mon","hudson.diagnosis.TooManyJobsButNoViewTest.mon;Lhudson/diagnosis/TooManyJobsButNoView;","L19472","L103","C:\GIT\pris2\SourceMeter\Guille\jenkins-jenkins-2.328\test\src\test\java\hudson\diagnosis\TooManyJobsButNoViewTest.java","35","5","35","38","0","0","0","0","0","0","0","0","0","0","0","0","0","0","0","0","0","0","0","0","0","0","0","0"
"L19564","comparator","hudson.EnvVars$OverrideOrderCalculator.comparator;Ljava/util/Comparator;","L19534","L103","C:\GIT\pris2\SourceMeter\Guille\jenkins-jenkins-2.328\core\src\main\java\hudson\EnvVars.java","233","9","233","61","0","0","0","0","0","0","0","0","0","0","0","0","0","0","0","0","0","0","0","0","0","0","0","0"
"L19565","target","hudson.EnvVars$OverrideOrderCalculator.target;Lhudson/EnvVars;","L19534","L103","C:\GIT\pris2\SourceMeter\Guille\jenkins-jenkins-2.328\core\src\main\java\hudson\EnvVars.java","235","9","236","38","0","0","0","0","0","0","0","0","0","0","0","0","0","0","0","0","0","0","0","0","0","0","0","0"
"L19566","overrides","hudson.EnvVars$OverrideOrderCalculator.overrides;Ljava/util/Map;","L19534","L103","C:\GIT\pris2\SourceMeter\Guille\jenkins-jenkins-2.328\core\src\main\java\hudson\EnvVars.java","237","9","238","53","0","0","0","0","0","0","0","0","0","0","0","0","0","0","0","0","0","0","0","0","0","0","0","0"
"L19567","refereeSetMap","hudson.EnvVars$OverrideOrderCalculator.refereeSetMap;Ljava/util/Map;","L19534","L103","C:\GIT\pris2\SourceMeter\Guille\jenkins-jenkins-2.328\core\src\main\java\hudson\EnvVars.java","240","9","240","56","0","0","0","0","0","0","0","0","0","0","0","0","0","0","0","0","0","0","0","0","0","0","0","0"
"L19568","orderedVariableNames","hudson.EnvVars$OverrideOrderCalculator.orderedVariableNames;Ljava/util/List;","L19534","L103","C:\GIT\pris2\SourceMeter\Guille\jenkins-jenkins-2.328\core\src\main\java\hudson\EnvVars.java","241","9","241","51","0","0","0","0","0","0","0","0","0","0","0","0","0","0","0","0","0","0","0","0","0","0","0","0"
"L19658","serialVersionUID","hudson.EnvVars$GetEnvVars.serialVersionUID;J","L19649","L103","C:\GIT\pris2\SourceMeter\Guille\jenkins-jenkins-2.328\core\src\main\java\hudson\EnvVars.java","447","9","447","57","0","0","0","0","0","0","0","0","0","0","0","0","0","0","0","0","0","0","0","0","0","0","0","0"
"L19679","expression","hudson.ExpressionFactory2$JexlExpression.expression;Lorg/apache/commons/jexl/Expression;","L19673","L103","C:\GIT\pris2\SourceMeter\Guille\jenkins-jenkins-2.328\core\src\main\java\hudson\ExpressionFactory2.java","53","9","53","63","0","0","0","0","0","0","0","0","0","0","0","0","0","0","0","0","0","0","0","0","0","0","0","0"
"L19696","LOGGER","hudson.ExpressionFactory2$JexlExpression.LOGGER;Ljava/util/logging/Logger;","L19673","L103","C:\GIT\pris2\SourceMeter\Guille\jenkins-jenkins-2.328\core\src\main\java\hudson\ExpressionFactory2.java","89","9","89","95","0","0","0","0","0","0","0","0","0","0","0","0","0","0","0","0","0","0","0","0","0","0","0","0"
"L19698","vars","hudson.ExpressionFactory2$JellyJexlContext.vars;Ljava/util/Map;","L19691","L103","C:\GIT\pris2\SourceMeter\Guille\jenkins-jenkins-2.328\core\src\main\java\hudson\ExpressionFactory2.java","93","9","93","26","0","0","0","0","0","0","0","0","0","0","0","0","0","0","0","0","0","0","0","0","0","0","0","0"
"L19709","context","hudson.ExpressionFactory2$JellyMap.context;LJellyContext;","L19701","L103","C:\GIT\pris2\SourceMeter\Guille\jenkins-jenkins-2.328\core\src\main\java\hudson\ExpressionFactory2.java","114","9","114","38","0","0","0","0","0","0","0","0","0","0","0","0","0","0","0","0","0","0","0","0","0","0","0","0"
"L19830","annotationType","hudson.ExtensionFinder$GuiceExtensionAnnotation.annotationType;Ljava/lang/Class;","L19814","L103","C:\GIT\pris2\SourceMeter\Guille\jenkins-jenkins-2.328\core\src\main\java\hudson\ExtensionFinder.java","216","9","216","46","0","0","0","0","0","0","0","0","0","0","0","0","0","0","0","0","0","0","0","0","0","0","0","0"
"L19845","container","hudson.ExtensionFinder$GuiceFinder.container;LInjector;","L19843","L103","C:\GIT\pris2\SourceMeter\Guille\jenkins-jenkins-2.328\core\src\main\java\hudson\ExtensionFinder.java","244","9","244","45","0","0","0","0","0","0","0","0","0","0","0","0","0","0","0","0","0","0","0","0","0","0","0","0"
"L19847","sezpozIndex","hudson.ExtensionFinder$GuiceFinder.sezpozIndex;Ljava/util/List;","L19843","L103","C:\GIT\pris2\SourceMeter\Guille\jenkins-jenkins-2.328\core\src\main\java\hudson\ExtensionFinder.java","250","9","250","56","0","0","0","0","0","0","0","0","0","0","0","0","0","0","0","0","0","0","0","0","0","0","0","0"
"L19852","annotations","hudson.ExtensionFinder$GuiceFinder.annotations;Ljava/util/Map;","L19843","L103","C:\GIT\pris2\SourceMeter\Guille\jenkins-jenkins-2.328\core\src\main\java\hudson\ExtensionFinder.java","252","9","252","74","0","0","0","0","0","0","0","0","0","0","0","0","0","0","0","0","0","0","0","0","0","0","0","0"
"L19856","moduleFinder","hudson.ExtensionFinder$GuiceFinder.moduleFinder;Lhudson/ExtensionFinder$Sezpoz;","L19843","L103","C:\GIT\pris2\SourceMeter\Guille\jenkins-jenkins-2.328\core\src\main\java\hudson\ExtensionFinder.java","253","9","253","58","0","0","0","0","0","0","0","0","0","0","0","0","0","0","0","0","0","0","0","0","0","0","0","0"
"L19857","extensionAnnotations","hudson.ExtensionFinder$GuiceFinder.extensionAnnotations;Ljava/util/Map;","L19843","L103","C:\GIT\pris2\SourceMeter\Guille\jenkins-jenkins-2.328\core\src\main\java\hudson\ExtensionFinder.java","258","9","258","118","0","0","0","0","0","0","0","0","0","0","0","0","0","0","0","0","0","0","0","0","0","0","0","0"
"L19974","FAULT_TOLERANT_SCOPE","hudson.ExtensionFinder$GuiceFinder.FAULT_TOLERANT_SCOPE;LScope;","L19843","L103","C:\GIT\pris2\SourceMeter\Guille\jenkins-jenkins-2.328\core\src\main\java\hudson\ExtensionFinder.java","427","9","427","87","0","0","0","0","0","0","0","0","0","0","0","0","0","0","0","0","0","0","0","0","0","0","0","0"
"L19979","QUIET_FAULT_TOLERANT_SCOPE","hudson.ExtensionFinder$GuiceFinder.QUIET_FAULT_TOLERANT_SCOPE;LScope;","L19843","L103","C:\GIT\pris2\SourceMeter\Guille\jenkins-jenkins-2.328\core\src\main\java\hudson\ExtensionFinder.java","428","9","428","95","0","0","0","0","0","0","0","0","0","0","0","0","0","0","0","0","0","0","0","0","0","0","0","0"
"L19901","LOGGER","hudson.ExtensionFinder$GuiceFinder.LOGGER;Ljava/util/logging/Logger;","L19843","L103","C:\GIT\pris2\SourceMeter\Guille\jenkins-jenkins-2.328\core\src\main\java\hudson\ExtensionFinder.java","458","9","458","92","0","0","0","0","0","0","0","0","0","0","0","0","0","0","0","0","0","0","0","0","0","0","0","0"
"L20100","indices","hudson.ExtensionFinder$Sezpoz.indices;Ljava/util/List;","L17529","L103","C:\GIT\pris2\SourceMeter\Guille\jenkins-jenkins-2.328\core\src\main\java\hudson\ExtensionFinder.java","631","9","631","69","0","0","0","0","0","0","0","0","0","0","0","0","0","0","0","0","0","0","0","0","0","0","0","0"
"L20555","factory","hudson.FilePath$Archive.factory;Lhudson/util/io/ArchiverFactory;","L20546","L103","C:\GIT\pris2\SourceMeter\Guille\jenkins-jenkins-2.328\core\src\main\java\hudson\FilePath.java","520","9","520","47","0","0","0","0","0","0","0","0","0","0","0","0","0","0","0","0","0","0","0","0","0","0","0","0"
"L20556","out","hudson.FilePath$Archive.out;Ljava/io/OutputStream;","L20546","L103","C:\GIT\pris2\SourceMeter\Guille\jenkins-jenkins-2.328\core\src\main\java\hudson\FilePath.java","521","9","521","40","0","0","0","0","0","0","0","0","0","0","0","0","0","0","0","0","0","0","0","0","0","0","0","0"
"L20557","scanner","hudson.FilePath$Archive.scanner;Lhudson/util/DirScanner;","L20546","L103","C:\GIT\pris2\SourceMeter\Guille\jenkins-jenkins-2.328\core\src\main\java\hudson\FilePath.java","522","9","522","42","0","0","0","0","0","0","0","0","0","0","0","0","0","0","0","0","0","0","0","0","0","0","0","0"
"L20558","verificationRoot","hudson.FilePath$Archive.verificationRoot;Ljava/lang/String;","L20546","L103","C:\GIT\pris2\SourceMeter\Guille\jenkins-jenkins-2.328\core\src\main\java\hudson\FilePath.java","523","9","523","47","0","0","0","0","0","0","0","0","0","0","0","0","0","0","0","0","0","0","0","0","0","0","0","0"
"L20559","noFollowLinks","hudson.FilePath$Archive.noFollowLinks;Z","L20546","L103","C:\GIT\pris2\SourceMeter\Guille\jenkins-jenkins-2.328\core\src\main\java\hudson\FilePath.java","524","9","524","45","0","0","0","0","0","0","0","0","0","0","0","0","0","0","0","0","0","0","0","0","0","0","0","0"
"L20579","serialVersionUID","hudson.FilePath$Archive.serialVersionUID;J","L20546","L103","C:\GIT\pris2\SourceMeter\Guille\jenkins-jenkins-2.328\core\src\main\java\hudson\FilePath.java","545","13","545","61","0","0","0","0","0","0","0","0","0","0","0","0","0","0","0","0","0","0","0","0","0","0","0","0"
"L20609","in","hudson.FilePath$UnzipRemote.in;LRemoteInputStream;","L20596","L103","C:\GIT\pris2\SourceMeter\Guille\jenkins-jenkins-2.328\core\src\main\java\hudson\FilePath.java","575","9","575","44","0","0","0","0","0","0","0","0","0","0","0","0","0","0","0","0","0","0","0","0","0","0","0","0"
"L20617","serialVersionUID","hudson.FilePath$UnzipRemote.serialVersionUID;J","L20596","L103","C:\GIT\pris2\SourceMeter\Guille\jenkins-jenkins-2.328\core\src\main\java\hudson\FilePath.java","587","9","587","57","0","0","0","0","0","0","0","0","0","0","0","0","0","0","0","0","0","0","0","0","0","0","0","0"
"L20618","filePath","hudson.FilePath$UnzipLocal.filePath;Lhudson/FilePath;","L20601","L103","C:\GIT\pris2\SourceMeter\Guille\jenkins-jenkins-2.328\core\src\main\java\hudson\FilePath.java","592","9","592","41","0","0","0","0","0","0","0","0","0","0","0","0","0","0","0","0","0","0","0","0","0","0","0","0"
"L20626","serialVersionUID","hudson.FilePath$UnzipLocal.serialVersionUID;J","L20601","L103","C:\GIT\pris2\SourceMeter\Guille\jenkins-jenkins-2.328\core\src\main\java\hudson\FilePath.java","607","9","607","57","0","0","0","0","0","0","0","0","0","0","0","0","0","0","0","0","0","0","0","0","0","0","0","0"
"L20643","compression","hudson.FilePath$UntarRemote.compression;Lhudson/FilePath$TarCompression;","L20631","L103","C:\GIT\pris2\SourceMeter\Guille\jenkins-jenkins-2.328\core\src\main\java\hudson\FilePath.java","632","9","632","50","0","0","0","0","0","0","0","0","0","0","0","0","0","0","0","0","0","0","0","0","0","0","0","0"
"L20644","in","hudson.FilePath$UntarRemote.in;LRemoteInputStream;","L20631","L103","C:\GIT\pris2\SourceMeter\Guille\jenkins-jenkins-2.328\core\src\main\java\hudson\FilePath.java","633","9","633","44","0","0","0","0","0","0","0","0","0","0","0","0","0","0","0","0","0","0","0","0","0","0","0","0"
"L20645","name","hudson.FilePath$UntarRemote.name;Ljava/lang/String;","L20631","L103","C:\GIT\pris2\SourceMeter\Guille\jenkins-jenkins-2.328\core\src\main\java\hudson\FilePath.java","634","9","634","35","0","0","0","0","0","0","0","0","0","0","0","0","0","0","0","0","0","0","0","0","0","0","0","0"
"L20659","serialVersionUID","hudson.FilePath$UntarRemote.serialVersionUID;J","L20631","L103","C:\GIT\pris2\SourceMeter\Guille\jenkins-jenkins-2.328\core\src\main\java\hudson\FilePath.java","648","9","648","57","0","0","0","0","0","0","0","0","0","0","0","0","0","0","0","0","0","0","0","0","0","0","0","0"
"L20660","compression","hudson.FilePath$UntarLocal.compression;Lhudson/FilePath$TarCompression;","L20638","L103","C:\GIT\pris2\SourceMeter\Guille\jenkins-jenkins-2.328\core\src\main\java\hudson\FilePath.java","652","9","652","50","0","0","0","0","0","0","0","0","0","0","0","0","0","0","0","0","0","0","0","0","0","0","0","0"
"L20661","filePath","hudson.FilePath$UntarLocal.filePath;Lhudson/FilePath;","L20638","L103","C:\GIT\pris2\SourceMeter\Guille\jenkins-jenkins-2.328\core\src\main\java\hudson\FilePath.java","653","9","653","41","0","0","0","0","0","0","0","0","0","0","0","0","0","0","0","0","0","0","0","0","0","0","0","0"
"L20669","serialVersionUID","hudson.FilePath$UntarLocal.serialVersionUID;J","L20638","L103","C:\GIT\pris2\SourceMeter\Guille\jenkins-jenkins-2.328\core\src\main\java\hudson\FilePath.java","666","9","666","57","0","0","0","0","0","0","0","0","0","0","0","0","0","0","0","0","0","0","0","0","0","0","0","0"
"L20678","in","hudson.FilePath$UnzipFrom.in;Ljava/io/InputStream;","L20673","L103","C:\GIT\pris2\SourceMeter\Guille\jenkins-jenkins-2.328\core\src\main\java\hudson\FilePath.java","683","9","683","38","0","0","0","0","0","0","0","0","0","0","0","0","0","0","0","0","0","0","0","0","0","0","0","0"
"L20684","serialVersionUID","hudson.FilePath$UnzipFrom.serialVersionUID;J","L20673","L103","C:\GIT\pris2\SourceMeter\Guille\jenkins-jenkins-2.328\core\src\main\java\hudson\FilePath.java","695","9","695","57","0","0","0","0","0","0","0","0","0","0","0","0","0","0","0","0","0","0","0","0","0","0","0","0"
"L20716","serialVersionUID","hudson.FilePath$Absolutize.serialVersionUID;J","L20708","L103","C:\GIT\pris2\SourceMeter\Guille\jenkins-jenkins-2.328\core\src\main\java\hudson\FilePath.java","757","9","757","57","0","0","0","0","0","0","0","0","0","0","0","0","0","0","0","0","0","0","0","0","0","0","0","0"
"L20731","serialVersionUID","hudson.FilePath$HasSymlink.serialVersionUID;J","L20723","L103","C:\GIT\pris2\SourceMeter\Guille\jenkins-jenkins-2.328\core\src\main\java\hudson\FilePath.java","771","9","771","57","0","0","0","0","0","0","0","0","0","0","0","0","0","0","0","0","0","0","0","0","0","0","0","0"
"L20732","verificationRoot","hudson.FilePath$HasSymlink.verificationRoot;Ljava/lang/String;","L20723","L103","C:\GIT\pris2\SourceMeter\Guille\jenkins-jenkins-2.328\core\src\main\java\hudson\FilePath.java","772","9","772","47","0","0","0","0","0","0","0","0","0","0","0","0","0","0","0","0","0","0","0","0","0","0","0","0"
"L20733","noFollowLinks","hudson.FilePath$HasSymlink.noFollowLinks;Z","L20723","L103","C:\GIT\pris2\SourceMeter\Guille\jenkins-jenkins-2.328\core\src\main\java\hudson\FilePath.java","773","9","773","45","0","0","0","0","0","0","0","0","0","0","0","0","0","0","0","0","0","0","0","0","0","0","0","0"
"L20753","verificationRoot","hudson.FilePath$SymlinkRetainingFileFilter.verificationRoot;Ljava/lang/String;","L20748","L103","C:\GIT\pris2\SourceMeter\Guille\jenkins-jenkins-2.328\core\src\main\java\hudson\FilePath.java","793","9","793","47","0","0","0","0","0","0","0","0","0","0","0","0","0","0","0","0","0","0","0","0","0","0","0","0"
"L20754","noFollowLinks","hudson.FilePath$SymlinkRetainingFileFilter.noFollowLinks;Z","L20748","L103","C:\GIT\pris2\SourceMeter\Guille\jenkins-jenkins-2.328\core\src\main\java\hudson\FilePath.java","794","9","794","45","0","0","0","0","0","0","0","0","0","0","0","0","0","0","0","0","0","0","0","0","0","0","0","0"
"L20761","serialVersionUID","hudson.FilePath$SymlinkRetainingFileFilter.serialVersionUID;J","L20748","L103","C:\GIT\pris2\SourceMeter\Guille\jenkins-jenkins-2.328\core\src\main\java\hudson\FilePath.java","806","9","806","57","0","0","0","0","0","0","0","0","0","0","0","0","0","0","0","0","0","0","0","0","0","0","0","0"
"L20770","target","hudson.FilePath$SymlinkTo.target;Ljava/lang/String;","L20765","L103","C:\GIT\pris2\SourceMeter\Guille\jenkins-jenkins-2.328\core\src\main\java\hudson\FilePath.java","823","9","823","37","0","0","0","0","0","0","0","0","0","0","0","0","0","0","0","0","0","0","0","0","0","0","0","0"
"L20771","listener","hudson.FilePath$SymlinkTo.listener;Lhudson/model/TaskListener;","L20765","L103","C:\GIT\pris2\SourceMeter\Guille\jenkins-jenkins-2.328\core\src\main\java\hudson\FilePath.java","824","9","824","45","0","0","0","0","0","0","0","0","0","0","0","0","0","0","0","0","0","0","0","0","0","0","0","0"
"L20776","serialVersionUID","hudson.FilePath$SymlinkTo.serialVersionUID;J","L20765","L103","C:\GIT\pris2\SourceMeter\Guille\jenkins-jenkins-2.328\core\src\main\java\hudson\FilePath.java","831","9","831","57","0","0","0","0","0","0","0","0","0","0","0","0","0","0","0","0","0","0","0","0","0","0","0","0"
"L20787","serialVersionUID","hudson.FilePath$ReadLink.serialVersionUID;J","L20782","L103","C:\GIT\pris2\SourceMeter\Guille\jenkins-jenkins-2.328\core\src\main\java\hudson\FilePath.java","852","9","852","57","0","0","0","0","0","0","0","0","0","0","0","0","0","0","0","0","0","0","0","0","0","0","0","0"
"L9538","NONE","hudson.FilePath$TarCompression.NONE;Lhudson/FilePath$TarCompression;","L9558","L103","C:\GIT\pris2\SourceMeter\Guille\jenkins-jenkins-2.328\core\src\main\java\hudson\FilePath.java","881","9","891","10","0","0","0","0","0","0","0","0","0","0","0","0","0","0","0","0","0","0","0","0","0","0","0","0"
"L9542","GZIP","hudson.FilePath$TarCompression.GZIP;Lhudson/FilePath$TarCompression;","L9558","L103","C:\GIT\pris2\SourceMeter\Guille\jenkins-jenkins-2.328\core\src\main\java\hudson\FilePath.java","892","9","909","10","0","0","0","0","0","0","0","0","0","0","0","0","0","0","0","0","0","0","0","0","0","0","0","0"
"L20834","compression","hudson.FilePath$UntarFrom.compression;Lhudson/FilePath$TarCompression;","L20829","L103","C:\GIT\pris2\SourceMeter\Guille\jenkins-jenkins-2.328\core\src\main\java\hudson\FilePath.java","935","9","935","50","0","0","0","0","0","0","0","0","0","0","0","0","0","0","0","0","0","0","0","0","0","0","0","0"
"L20835","in","hudson.FilePath$UntarFrom.in;Ljava/io/InputStream;","L20829","L103","C:\GIT\pris2\SourceMeter\Guille\jenkins-jenkins-2.328\core\src\main\java\hudson\FilePath.java","936","9","936","38","0","0","0","0","0","0","0","0","0","0","0","0","0","0","0","0","0","0","0","0","0","0","0","0"
"L20843","serialVersionUID","hudson.FilePath$UntarFrom.serialVersionUID;J","L20829","L103","C:\GIT\pris2\SourceMeter\Guille\jenkins-jenkins-2.328\core\src\main\java\hudson\FilePath.java","949","9","949","57","0","0","0","0","0","0","0","0","0","0","0","0","0","0","0","0","0","0","0","0","0","0","0","0"
"L20884","archive","hudson.FilePath$Unpack.archive;Ljava/net/URL;","L20870","L103","C:\GIT\pris2\SourceMeter\Guille\jenkins-jenkins-2.328\core\src\main\java\hudson\FilePath.java","1076","9","1076","35","0","0","0","0","0","0","0","0","0","0","0","0","0","0","0","0","0","0","0","0","0","0","0","0"
"L20956","serialVersionUID","hudson.FilePath$AbstractInterceptorCallableWrapper.serialVersionUID;J","L20954","L103","C:\GIT\pris2\SourceMeter\Guille\jenkins-jenkins-2.328\core\src\main\java\hudson\FilePath.java","1226","9","1226","57","0","0","0","0","0","0","0","0","0","0","0","0","0","0","0","0","0","0","0","0","0","0","0","0"
"L20957","callable","hudson.FilePath$AbstractInterceptorCallableWrapper.callable;LDelegatingCallable;","L20954","L103","C:\GIT\pris2\SourceMeter\Guille\jenkins-jenkins-2.328\core\src\main\java\hudson\FilePath.java","1228","9","1228","67","0","0","0","0","0","0","0","0","0","0","0","0","0","0","0","0","0","0","0","0","0","0","0","0"
"L21000","task","hudson.FilePath$CallableWith.task;Lhudson/FilePath$FileCallable;","L20997","L103","C:\GIT\pris2\SourceMeter\Guille\jenkins-jenkins-2.328\core\src\main\java\hudson\FilePath.java","1305","9","1305","44","0","0","0","0","0","0","0","0","0","0","0","0","0","0","0","0","0","0","0","0","0","0","0","0"
"L21015","serialVersionUID","hudson.FilePath$CallableWith.serialVersionUID;J","L20997","L103","C:\GIT\pris2\SourceMeter\Guille\jenkins-jenkins-2.328\core\src\main\java\hudson\FilePath.java","1325","9","1325","57","0","0","0","0","0","0","0","0","0","0","0","0","0","0","0","0","0","0","0","0","0","0","0","0"
"L21029","serialVersionUID","hudson.FilePath$ToURI.serialVersionUID;J","L21021","L103","C:\GIT\pris2\SourceMeter\Guille\jenkins-jenkins-2.328\core\src\main\java\hudson\FilePath.java","1337","9","1337","57","0","0","0","0","0","0","0","0","0","0","0","0","0","0","0","0","0","0","0","0","0","0","0","0"
"L21054","serialVersionUID","hudson.FilePath$Mkdirs.serialVersionUID;J","L21049","L103","C:\GIT\pris2\SourceMeter\Guille\jenkins-jenkins-2.328\core\src\main\java\hudson\FilePath.java","1381","9","1381","57","0","0","0","0","0","0","0","0","0","0","0","0","0","0","0","0","0","0","0","0","0","0","0","0"
"L21066","serialVersionUID","hudson.FilePath$DeleteSuffixesRecursive.serialVersionUID;J","L21060","L103","C:\GIT\pris2\SourceMeter\Guille\jenkins-jenkins-2.328\core\src\main\java\hudson\FilePath.java","1408","9","1408","57","0","0","0","0","0","0","0","0","0","0","0","0","0","0","0","0","0","0","0","0","0","0","0","0"
"L21085","serialVersionUID","hudson.FilePath$DeleteRecursive.serialVersionUID;J","L21080","L103","C:\GIT\pris2\SourceMeter\Guille\jenkins-jenkins-2.328\core\src\main\java\hudson\FilePath.java","1441","9","1441","57","0","0","0","0","0","0","0","0","0","0","0","0","0","0","0","0","0","0","0","0","0","0","0","0"
"L21097","serialVersionUID","hudson.FilePath$DeleteContents.serialVersionUID;J","L21092","L103","C:\GIT\pris2\SourceMeter\Guille\jenkins-jenkins-2.328\core\src\main\java\hudson\FilePath.java","1458","9","1458","57","0","0","0","0","0","0","0","0","0","0","0","0","0","0","0","0","0","0","0","0","0","0","0","0"
"L21128","prefix","hudson.FilePath$CreateTempFile.prefix;Ljava/lang/String;","L21123","L103","C:\GIT\pris2\SourceMeter\Guille\jenkins-jenkins-2.328\core\src\main\java\hudson\FilePath.java","1564","9","1564","37","0","0","0","0","0","0","0","0","0","0","0","0","0","0","0","0","0","0","0","0","0","0","0","0"
"L21129","suffix","hudson.FilePath$CreateTempFile.suffix;Ljava/lang/String;","L21123","L103","C:\GIT\pris2\SourceMeter\Guille\jenkins-jenkins-2.328\core\src\main\java\hudson\FilePath.java","1565","9","1565","37","0","0","0","0","0","0","0","0","0","0","0","0","0","0","0","0","0","0","0","0","0","0","0","0"
"L21134","serialVersionUID","hudson.FilePath$CreateTempFile.serialVersionUID;J","L21123","L103","C:\GIT\pris2\SourceMeter\Guille\jenkins-jenkins-2.328\core\src\main\java\hudson\FilePath.java","1572","9","1572","57","0","0","0","0","0","0","0","0","0","0","0","0","0","0","0","0","0","0","0","0","0","0","0","0"
"L21155","serialVersionUID","hudson.FilePath$CreateTextTempFile.serialVersionUID;J","L21150","L103","C:\GIT\pris2\SourceMeter\Guille\jenkins-jenkins-2.328\core\src\main\java\hudson\FilePath.java","1632","9","1632","57","0","0","0","0","0","0","0","0","0","0","0","0","0","0","0","0","0","0","0","0","0","0","0","0"
"L21156","inThisDirectory","hudson.FilePath$CreateTextTempFile.inThisDirectory;Z","L21150","L103","C:\GIT\pris2\SourceMeter\Guille\jenkins-jenkins-2.328\core\src\main\java\hudson\FilePath.java","1633","9","1633","47","0","0","0","0","0","0","0","0","0","0","0","0","0","0","0","0","0","0","0","0","0","0","0","0"
"L21157","prefix","hudson.FilePath$CreateTextTempFile.prefix;Ljava/lang/String;","L21150","L103","C:\GIT\pris2\SourceMeter\Guille\jenkins-jenkins-2.328\core\src\main\java\hudson\FilePath.java","1634","9","1634","37","0","0","0","0","0","0","0","0","0","0","0","0","0","0","0","0","0","0","0","0","0","0","0","0"
"L21158","suffix","hudson.FilePath$CreateTextTempFile.suffix;Ljava/lang/String;","L21150","L103","C:\GIT\pris2\SourceMeter\Guille\jenkins-jenkins-2.328\core\src\main\java\hudson\FilePath.java","1635","9","1635","37","0","0","0","0","0","0","0","0","0","0","0","0","0","0","0","0","0","0","0","0","0","0","0","0"
"L21159","contents","hudson.FilePath$CreateTextTempFile.contents;Ljava/lang/String;","L21150","L103","C:\GIT\pris2\SourceMeter\Guille\jenkins-jenkins-2.328\core\src\main\java\hudson\FilePath.java","1636","9","1636","39","0","0","0","0","0","0","0","0","0","0","0","0","0","0","0","0","0","0","0","0","0","0","0","0"
"L21180","name","hudson.FilePath$CreateTempDir.name;Ljava/lang/String;","L21175","L103","C:\GIT\pris2\SourceMeter\Guille\jenkins-jenkins-2.328\core\src\main\java\hudson\FilePath.java","1697","9","1697","35","0","0","0","0","0","0","0","0","0","0","0","0","0","0","0","0","0","0","0","0","0","0","0","0"
"L21183","serialVersionUID","hudson.FilePath$CreateTempDir.serialVersionUID;J","L21175","L103","C:\GIT\pris2\SourceMeter\Guille\jenkins-jenkins-2.328\core\src\main\java\hudson\FilePath.java","1703","13","1703","61","0","0","0","0","0","0","0","0","0","0","0","0","0","0","0","0","0","0","0","0","0","0","0","0"
"L21203","serialVersionUID","hudson.FilePath$Delete.serialVersionUID;J","L21198","L103","C:\GIT\pris2\SourceMeter\Guille\jenkins-jenkins-2.328\core\src\main\java\hudson\FilePath.java","1736","9","1736","57","0","0","0","0","0","0","0","0","0","0","0","0","0","0","0","0","0","0","0","0","0","0","0","0"
"L21215","serialVersionUID","hudson.FilePath$Exists.serialVersionUID;J","L21210","L103","C:\GIT\pris2\SourceMeter\Guille\jenkins-jenkins-2.328\core\src\main\java\hudson\FilePath.java","1753","9","1753","57","0","0","0","0","0","0","0","0","0","0","0","0","0","0","0","0","0","0","0","0","0","0","0","0"
"L21231","serialVersionUID","hudson.FilePath$LastModified.serialVersionUID;J","L21220","L103","C:\GIT\pris2\SourceMeter\Guille\jenkins-jenkins-2.328\core\src\main\java\hudson\FilePath.java","1773","9","1773","57","0","0","0","0","0","0","0","0","0","0","0","0","0","0","0","0","0","0","0","0","0","0","0","0"
"L21242","timestamp","hudson.FilePath$Touch.timestamp;J","L21237","L103","C:\GIT\pris2\SourceMeter\Guille\jenkins-jenkins-2.328\core\src\main\java\hudson\FilePath.java","1791","9","1791","38","0","0","0","0","0","0","0","0","0","0","0","0","0","0","0","0","0","0","0","0","0","0","0","0"
"L21245","serialVersionUID","hudson.FilePath$Touch.serialVersionUID;J","L21237","L103","C:\GIT\pris2\SourceMeter\Guille\jenkins-jenkins-2.328\core\src\main\java\hudson\FilePath.java","1797","13","1797","80","0","0","0","0","0","0","0","0","0","0","0","0","0","0","0","0","0","0","0","0","0","0","0","0"
"L21258","timestamp","hudson.FilePath$SetLastModified.timestamp;J","L21253","L103","C:\GIT\pris2\SourceMeter\Guille\jenkins-jenkins-2.328\core\src\main\java\hudson\FilePath.java","1819","9","1819","38","0","0","0","0","0","0","0","0","0","0","0","0","0","0","0","0","0","0","0","0","0","0","0","0"
"L21261","serialVersionUID","hudson.FilePath$SetLastModified.serialVersionUID;J","L21253","L103","C:\GIT\pris2\SourceMeter\Guille\jenkins-jenkins-2.328\core\src\main\java\hudson\FilePath.java","1825","13","1825","79","0","0","0","0","0","0","0","0","0","0","0","0","0","0","0","0","0","0","0","0","0","0","0","0"
"L21271","serialVersionUID","hudson.FilePath$IsDirectory.serialVersionUID;J","L21266","L103","C:\GIT\pris2\SourceMeter\Guille\jenkins-jenkins-2.328\core\src\main\java\hudson\FilePath.java","1850","9","1850","57","0","0","0","0","0","0","0","0","0","0","0","0","0","0","0","0","0","0","0","0","0","0","0","0"
"L21282","serialVersionUID","hudson.FilePath$Length.serialVersionUID;J","L21277","L103","C:\GIT\pris2\SourceMeter\Guille\jenkins-jenkins-2.328\core\src\main\java\hudson\FilePath.java","1868","9","1868","57","0","0","0","0","0","0","0","0","0","0","0","0","0","0","0","0","0","0","0","0","0","0","0","0"
"L21293","serialVersionUID","hudson.FilePath$GetFreeDiskSpace.serialVersionUID;J","L21288","L103","C:\GIT\pris2\SourceMeter\Guille\jenkins-jenkins-2.328\core\src\main\java\hudson\FilePath.java","1885","9","1885","57","0","0","0","0","0","0","0","0","0","0","0","0","0","0","0","0","0","0","0","0","0","0","0","0"
"L21306","serialVersionUID","hudson.FilePath$GetTotalDiskSpace.serialVersionUID;J","L21301","L103","C:\GIT\pris2\SourceMeter\Guille\jenkins-jenkins-2.328\core\src\main\java\hudson\FilePath.java","1902","9","1902","57","0","0","0","0","0","0","0","0","0","0","0","0","0","0","0","0","0","0","0","0","0","0","0","0"
"L21317","serialVersionUID","hudson.FilePath$GetUsableDiskSpace.serialVersionUID;J","L21312","L103","C:\GIT\pris2\SourceMeter\Guille\jenkins-jenkins-2.328\core\src\main\java\hudson\FilePath.java","1919","9","1919","57","0","0","0","0","0","0","0","0","0","0","0","0","0","0","0","0","0","0","0","0","0","0","0","0"
"L21328","serialVersionUID","hudson.FilePath$Chmod.serialVersionUID;J","L21323","L103","C:\GIT\pris2\SourceMeter\Guille\jenkins-jenkins-2.328\core\src\main\java\hudson\FilePath.java","1953","9","1953","57","0","0","0","0","0","0","0","0","0","0","0","0","0","0","0","0","0","0","0","0","0","0","0","0"
"L21329","mask","hudson.FilePath$Chmod.mask;I","L21323","L103","C:\GIT\pris2\SourceMeter\Guille\jenkins-jenkins-2.328\core\src\main\java\hudson\FilePath.java","1954","9","1954","32","0","0","0","0","0","0","0","0","0","0","0","0","0","0","0","0","0","0","0","0","0","0","0","0"
"L21351","serialVersionUID","hudson.FilePath$Mode.serialVersionUID;J","L21346","L103","C:\GIT\pris2\SourceMeter\Guille\jenkins-jenkins-2.328\core\src\main\java\hudson\FilePath.java","1995","9","1995","57","0","0","0","0","0","0","0","0","0","0","0","0","0","0","0","0","0","0","0","0","0","0","0","0"
"L21377","serialVersionUID","hudson.FilePath$DirectoryFilter.serialVersionUID;J","L21370","L103","C:\GIT\pris2\SourceMeter\Guille\jenkins-jenkins-2.328\core\src\main\java\hudson\FilePath.java","2047","9","2047","57","0","0","0","0","0","0","0","0","0","0","0","0","0","0","0","0","0","0","0","0","0","0","0","0"
"L21388","filter","hudson.FilePath$ListFilter.filter;Ljava/io/FileFilter;","L21380","L103","C:\GIT\pris2\SourceMeter\Guille\jenkins-jenkins-2.328\core\src\main\java\hudson\FilePath.java","2068","9","2068","41","0","0","0","0","0","0","0","0","0","0","0","0","0","0","0","0","0","0","0","0","0","0","0","0"
"L21391","serialVersionUID","hudson.FilePath$ListFilter.serialVersionUID;J","L21380","L103","C:\GIT\pris2\SourceMeter\Guille\jenkins-jenkins-2.328\core\src\main\java\hudson\FilePath.java","2074","13","2074","61","0","0","0","0","0","0","0","0","0","0","0","0","0","0","0","0","0","0","0","0","0","0","0","0"
"L21420","includes","hudson.FilePath$ListGlob.includes;Ljava/lang/String;","L21412","L103","C:\GIT\pris2\SourceMeter\Guille\jenkins-jenkins-2.328\core\src\main\java\hudson\FilePath.java","2138","9","2138","39","0","0","0","0","0","0","0","0","0","0","0","0","0","0","0","0","0","0","0","0","0","0","0","0"
"L21421","excludes","hudson.FilePath$ListGlob.excludes;Ljava/lang/String;","L21412","L103","C:\GIT\pris2\SourceMeter\Guille\jenkins-jenkins-2.328\core\src\main\java\hudson\FilePath.java","2139","9","2139","39","0","0","0","0","0","0","0","0","0","0","0","0","0","0","0","0","0","0","0","0","0","0","0","0"
"L21422","defaultExcludes","hudson.FilePath$ListGlob.defaultExcludes;Z","L21412","L103","C:\GIT\pris2\SourceMeter\Guille\jenkins-jenkins-2.328\core\src\main\java\hudson\FilePath.java","2140","9","2140","47","0","0","0","0","0","0","0","0","0","0","0","0","0","0","0","0","0","0","0","0","0","0","0","0"
"L21429","serialVersionUID","hudson.FilePath$ListGlob.serialVersionUID;J","L21412","L103","C:\GIT\pris2\SourceMeter\Guille\jenkins-jenkins-2.328\core\src\main\java\hudson\FilePath.java","2148","13","2148","61","0","0","0","0","0","0","0","0","0","0","0","0","0","0","0","0","0","0","0","0","0","0","0","0"
"L21475","serialVersionUID","hudson.FilePath$Read.serialVersionUID;J","L21448","L103","C:\GIT\pris2\SourceMeter\Guille\jenkins-jenkins-2.328\core\src\main\java\hudson\FilePath.java","2280","9","2280","57","0","0","0","0","0","0","0","0","0","0","0","0","0","0","0","0","0","0","0","0","0","0","0","0"
"L21476","p","hudson.FilePath$Read.p;LPipe;","L21448","L103","C:\GIT\pris2\SourceMeter\Guille\jenkins-jenkins-2.328\core\src\main\java\hudson\FilePath.java","2281","9","2281","30","0","0","0","0","0","0","0","0","0","0","0","0","0","0","0","0","0","0","0","0","0","0","0","0"
"L21477","verificationRoot","hudson.FilePath$Read.verificationRoot;Ljava/lang/String;","L21448","L103","C:\GIT\pris2\SourceMeter\Guille\jenkins-jenkins-2.328\core\src\main\java\hudson\FilePath.java","2282","9","2282","41","0","0","0","0","0","0","0","0","0","0","0","0","0","0","0","0","0","0","0","0","0","0","0","0"
"L21478","noFollowLinks","hudson.FilePath$Read.noFollowLinks;Z","L21448","L103","C:\GIT\pris2\SourceMeter\Guille\jenkins-jenkins-2.328\core\src\main\java\hudson\FilePath.java","2283","9","2283","39","0","0","0","0","0","0","0","0","0","0","0","0","0","0","0","0","0","0","0","0","0","0","0","0"
"L21520","serialVersionUID","hudson.FilePath$OffsetPipeSecureFileCallable.serialVersionUID;J","L21510","L103","C:\GIT\pris2\SourceMeter\Guille\jenkins-jenkins-2.328\core\src\main\java\hudson\FilePath.java","2348","9","2348","57","0","0","0","0","0","0","0","0","0","0","0","0","0","0","0","0","0","0","0","0","0","0","0","0"
"L21521","p","hudson.FilePath$OffsetPipeSecureFileCallable.p;LPipe;","L21510","L103","C:\GIT\pris2\SourceMeter\Guille\jenkins-jenkins-2.328\core\src\main\java\hudson\FilePath.java","2350","9","2350","24","0","0","0","0","0","0","0","0","0","0","0","0","0","0","0","0","0","0","0","0","0","0","0","0"
"L21522","offset","hudson.FilePath$OffsetPipeSecureFileCallable.offset;J","L21510","L103","C:\GIT\pris2\SourceMeter\Guille\jenkins-jenkins-2.328\core\src\main\java\hudson\FilePath.java","2351","9","2351","29","0","0","0","0","0","0","0","0","0","0","0","0","0","0","0","0","0","0","0","0","0","0","0","0"
"L21541","serialVersionUID","hudson.FilePath$ReadToString.serialVersionUID;J","L21536","L103","C:\GIT\pris2\SourceMeter\Guille\jenkins-jenkins-2.328\core\src\main\java\hudson\FilePath.java","2382","9","2382","57","0","0","0","0","0","0","0","0","0","0","0","0","0","0","0","0","0","0","0","0","0","0","0","0"
"L21556","serialVersionUID","hudson.FilePath$WritePipe.serialVersionUID;J","L21548","L103","C:\GIT\pris2\SourceMeter\Guille\jenkins-jenkins-2.328\core\src\main\java\hudson\FilePath.java","2413","13","2413","61","0","0","0","0","0","0","0","0","0","0","0","0","0","0","0","0","0","0","0","0","0","0","0","0"
"L21568","serialVersionUID","hudson.FilePath$Write.serialVersionUID;J","L21563","L103","C:\GIT\pris2\SourceMeter\Guille\jenkins-jenkins-2.328\core\src\main\java\hudson\FilePath.java","2435","9","2435","57","0","0","0","0","0","0","0","0","0","0","0","0","0","0","0","0","0","0","0","0","0","0","0","0"
"L21569","encoding","hudson.FilePath$Write.encoding;Ljava/lang/String;","L21563","L103","C:\GIT\pris2\SourceMeter\Guille\jenkins-jenkins-2.328\core\src\main\java\hudson\FilePath.java","2436","9","2436","39","0","0","0","0","0","0","0","0","0","0","0","0","0","0","0","0","0","0","0","0","0","0","0","0"
"L21570","content","hudson.FilePath$Write.content;Ljava/lang/String;","L21563","L103","C:\GIT\pris2\SourceMeter\Guille\jenkins-jenkins-2.328\core\src\main\java\hudson\FilePath.java","2437","9","2437","38","0","0","0","0","0","0","0","0","0","0","0","0","0","0","0","0","0","0","0","0","0","0","0","0"
"L21587","serialVersionUID","hudson.FilePath$Digest.serialVersionUID;J","L21582","L103","C:\GIT\pris2\SourceMeter\Guille\jenkins-jenkins-2.328\core\src\main\java\hudson\FilePath.java","2464","9","2464","57","0","0","0","0","0","0","0","0","0","0","0","0","0","0","0","0","0","0","0","0","0","0","0","0"
"L21601","target","hudson.FilePath$RenameTo.target;Lhudson/FilePath;","L21596","L103","C:\GIT\pris2\SourceMeter\Guille\jenkins-jenkins-2.328\core\src\main\java\hudson\FilePath.java","2484","9","2484","39","0","0","0","0","0","0","0","0","0","0","0","0","0","0","0","0","0","0","0","0","0","0","0","0"
"L21604","serialVersionUID","hudson.FilePath$RenameTo.serialVersionUID;J","L21596","L103","C:\GIT\pris2\SourceMeter\Guille\jenkins-jenkins-2.328\core\src\main\java\hudson\FilePath.java","2490","9","2490","57","0","0","0","0","0","0","0","0","0","0","0","0","0","0","0","0","0","0","0","0","0","0","0","0"
"L21616","target","hudson.FilePath$MoveAllChildrenTo.target;Lhudson/FilePath;","L21611","L103","C:\GIT\pris2\SourceMeter\Guille\jenkins-jenkins-2.328\core\src\main\java\hudson\FilePath.java","2512","9","2512","39","0","0","0","0","0","0","0","0","0","0","0","0","0","0","0","0","0","0","0","0","0","0","0","0"
"L21619","serialVersionUID","hudson.FilePath$MoveAllChildrenTo.serialVersionUID;J","L21611","L103","C:\GIT\pris2\SourceMeter\Guille\jenkins-jenkins-2.328\core\src\main\java\hudson\FilePath.java","2518","13","2518","61","0","0","0","0","0","0","0","0","0","0","0","0","0","0","0","0","0","0","0","0","0","0","0","0"
"L21638","target","hudson.FilePath$CopyToWithPermission.target;Lhudson/FilePath;","L21632","L103","C:\GIT\pris2\SourceMeter\Guille\jenkins-jenkins-2.328\core\src\main\java\hudson\FilePath.java","2571","9","2571","39","0","0","0","0","0","0","0","0","0","0","0","0","0","0","0","0","0","0","0","0","0","0","0","0"
"L21657","serialVersionUID","hudson.FilePath$CopyTo.serialVersionUID;J","L21650","L103","C:\GIT\pris2\SourceMeter\Guille\jenkins-jenkins-2.328\core\src\main\java\hudson\FilePath.java","2601","9","2601","75","0","0","0","0","0","0","0","0","0","0","0","0","0","0","0","0","0","0","0","0","0","0","0","0"
"L21658","out","hudson.FilePath$CopyTo.out;Ljava/io/OutputStream;","L21650","L103","C:\GIT\pris2\SourceMeter\Guille\jenkins-jenkins-2.328\core\src\main\java\hudson\FilePath.java","2602","9","2602","40","0","0","0","0","0","0","0","0","0","0","0","0","0","0","0","0","0","0","0","0","0","0","0","0"
"L21726","target","hudson.FilePath$CopyRecursiveLocal.target;Lhudson/FilePath;","L21703","L103","C:\GIT\pris2\SourceMeter\Guille\jenkins-jenkins-2.328\core\src\main\java\hudson\FilePath.java","2783","9","2783","39","0","0","0","0","0","0","0","0","0","0","0","0","0","0","0","0","0","0","0","0","0","0","0","0"
"L21727","scanner","hudson.FilePath$CopyRecursiveLocal.scanner;Lhudson/util/DirScanner;","L21703","L103","C:\GIT\pris2\SourceMeter\Guille\jenkins-jenkins-2.328\core\src\main\java\hudson\FilePath.java","2784","9","2784","42","0","0","0","0","0","0","0","0","0","0","0","0","0","0","0","0","0","0","0","0","0","0","0","0"
"L21732","serialVersionUID","hudson.FilePath$CopyRecursiveLocal.serialVersionUID;J","L21703","L103","C:\GIT\pris2\SourceMeter\Guille\jenkins-jenkins-2.328\core\src\main\java\hudson\FilePath.java","2791","9","2791","57","0","0","0","0","0","0","0","0","0","0","0","0","0","0","0","0","0","0","0","0","0","0","0","0"
"L21759","pipe","hudson.FilePath$ReadFromTar.pipe;LPipe;","L21708","L103","C:\GIT\pris2\SourceMeter\Guille\jenkins-jenkins-2.328\core\src\main\java\hudson\FilePath.java","2860","9","2860","33","0","0","0","0","0","0","0","0","0","0","0","0","0","0","0","0","0","0","0","0","0","0","0","0"
"L21760","description","hudson.FilePath$ReadFromTar.description;Ljava/lang/String;","L21708","L103","C:\GIT\pris2\SourceMeter\Guille\jenkins-jenkins-2.328\core\src\main\java\hudson\FilePath.java","2861","9","2861","42","0","0","0","0","0","0","0","0","0","0","0","0","0","0","0","0","0","0","0","0","0","0","0","0"
"L21761","compression","hudson.FilePath$ReadFromTar.compression;Lhudson/FilePath$TarCompression;","L21708","L103","C:\GIT\pris2\SourceMeter\Guille\jenkins-jenkins-2.328\core\src\main\java\hudson\FilePath.java","2862","9","2862","50","0","0","0","0","0","0","0","0","0","0","0","0","0","0","0","0","0","0","0","0","0","0","0","0"
"L21762","target","hudson.FilePath$ReadFromTar.target;Lhudson/FilePath;","L21708","L103","C:\GIT\pris2\SourceMeter\Guille\jenkins-jenkins-2.328\core\src\main\java\hudson\FilePath.java","2863","9","2863","39","0","0","0","0","0","0","0","0","0","0","0","0","0","0","0","0","0","0","0","0","0","0","0","0"
"L21771","serialVersionUID","hudson.FilePath$ReadFromTar.serialVersionUID;J","L21708","L103","C:\GIT\pris2\SourceMeter\Guille\jenkins-jenkins-2.328\core\src\main\java\hudson\FilePath.java","2872","9","2872","57","0","0","0","0","0","0","0","0","0","0","0","0","0","0","0","0","0","0","0","0","0","0","0","0"
"L21775","scanner","hudson.FilePath$WriteToTar.scanner;Lhudson/util/DirScanner;","L21713","L103","C:\GIT\pris2\SourceMeter\Guille\jenkins-jenkins-2.328\core\src\main\java\hudson\FilePath.java","2884","9","2884","42","0","0","0","0","0","0","0","0","0","0","0","0","0","0","0","0","0","0","0","0","0","0","0","0"
"L21776","pipe","hudson.FilePath$WriteToTar.pipe;LPipe;","L21713","L103","C:\GIT\pris2\SourceMeter\Guille\jenkins-jenkins-2.328\core\src\main\java\hudson\FilePath.java","2885","9","2885","33","0","0","0","0","0","0","0","0","0","0","0","0","0","0","0","0","0","0","0","0","0","0","0","0"
"L21777","compression","hudson.FilePath$WriteToTar.compression;Lhudson/FilePath$TarCompression;","L21713","L103","C:\GIT\pris2\SourceMeter\Guille\jenkins-jenkins-2.328\core\src\main\java\hudson\FilePath.java","2886","9","2886","50","0","0","0","0","0","0","0","0","0","0","0","0","0","0","0","0","0","0","0","0","0","0","0","0"
"L21784","serialVersionUID","hudson.FilePath$WriteToTar.serialVersionUID;J","L21713","L103","C:\GIT\pris2\SourceMeter\Guille\jenkins-jenkins-2.328\core\src\main\java\hudson\FilePath.java","2894","9","2894","57","0","0","0","0","0","0","0","0","0","0","0","0","0","0","0","0","0","0","0","0","0","0","0","0"
"L21790","serialVersionUID","hudson.FilePath$CopyRecursiveRemoteToLocal.serialVersionUID;J","L21720","L103","C:\GIT\pris2\SourceMeter\Guille\jenkins-jenkins-2.328\core\src\main\java\hudson\FilePath.java","2903","9","2903","57","0","0","0","0","0","0","0","0","0","0","0","0","0","0","0","0","0","0","0","0","0","0","0","0"
"L21791","pipe","hudson.FilePath$CopyRecursiveRemoteToLocal.pipe;LPipe;","L21720","L103","C:\GIT\pris2\SourceMeter\Guille\jenkins-jenkins-2.328\core\src\main\java\hudson\FilePath.java","2904","9","2904","33","0","0","0","0","0","0","0","0","0","0","0","0","0","0","0","0","0","0","0","0","0","0","0","0"
"L21792","scanner","hudson.FilePath$CopyRecursiveRemoteToLocal.scanner;Lhudson/util/DirScanner;","L21720","L103","C:\GIT\pris2\SourceMeter\Guille\jenkins-jenkins-2.328\core\src\main\java\hudson\FilePath.java","2905","9","2905","42","0","0","0","0","0","0","0","0","0","0","0","0","0","0","0","0","0","0","0","0","0","0","0","0"
"L21793","compression","hudson.FilePath$CopyRecursiveRemoteToLocal.compression;Lhudson/FilePath$TarCompression;","L21720","L103","C:\GIT\pris2\SourceMeter\Guille\jenkins-jenkins-2.328\core\src\main\java\hudson\FilePath.java","2906","9","2906","50","0","0","0","0","0","0","0","0","0","0","0","0","0","0","0","0","0","0","0","0","0","0","0","0"
"L21845","serialVersionUID","hudson.FilePath$IsUnix.serialVersionUID;J","L21836","L103","C:\GIT\pris2\SourceMeter\Guille\jenkins-jenkins-2.328\core\src\main\java\hudson\FilePath.java","3019","9","3019","57","0","0","0","0","0","0","0","0","0","0","0","0","0","0","0","0","0","0","0","0","0","0","0","0"
"L21868","fileMasks","hudson.FilePath$ValidateAntFileMask.fileMasks;Ljava/lang/String;","L21863","L103","C:\GIT\pris2\SourceMeter\Guille\jenkins-jenkins-2.328\core\src\main\java\hudson\FilePath.java","3085","9","3085","40","0","0","0","0","0","0","0","0","0","0","0","0","0","0","0","0","0","0","0","0","0","0","0","0"
"L21869","caseSensitive","hudson.FilePath$ValidateAntFileMask.caseSensitive;Z","L21863","L103","C:\GIT\pris2\SourceMeter\Guille\jenkins-jenkins-2.328\core\src\main\java\hudson\FilePath.java","3086","9","3086","45","0","0","0","0","0","0","0","0","0","0","0","0","0","0","0","0","0","0","0","0","0","0","0","0"
"L21870","bound","hudson.FilePath$ValidateAntFileMask.bound;I","L21863","L103","C:\GIT\pris2\SourceMeter\Guille\jenkins-jenkins-2.328\core\src\main\java\hudson\FilePath.java","3087","9","3087","33","0","0","0","0","0","0","0","0","0","0","0","0","0","0","0","0","0","0","0","0","0","0","0","0"
"L21877","serialVersionUID","hudson.FilePath$ValidateAntFileMask.serialVersionUID;J","L21863","L103","C:\GIT\pris2\SourceMeter\Guille\jenkins-jenkins-2.328\core\src\main\java\hudson\FilePath.java","3095","13","3095","60","0","0","0","0","0","0","0","0","0","0","0","0","0","0","0","0","0","0","0","0","0","0","0","0"
"L21977","callable","hudson.FilePath$FileCallableWrapper.callable;Lhudson/FilePath$FileCallable;","L20930","L103","C:\GIT\pris2\SourceMeter\Guille\jenkins-jenkins-2.328\core\src\main\java\hudson\FilePath.java","3469","9","3469","48","0","0","0","0","0","0","0","0","0","0","0","0","0","0","0","0","0","0","0","0","0","0","0","0"
"L21981","classLoader","hudson.FilePath$FileCallableWrapper.classLoader;Ljava/lang/ClassLoader;","L20930","L103","C:\GIT\pris2\SourceMeter\Guille\jenkins-jenkins-2.328\core\src\main\java\hudson\FilePath.java","3470","9","3470","51","0","0","0","0","0","0","0","0","0","0","0","0","0","0","0","0","0","0","0","0","0","0","0","0"
"L21982","filePath","hudson.FilePath$FileCallableWrapper.filePath;Lhudson/FilePath;","L20930","L103","C:\GIT\pris2\SourceMeter\Guille\jenkins-jenkins-2.328\core\src\main\java\hudson\FilePath.java","3471","9","3471","41","0","0","0","0","0","0","0","0","0","0","0","0","0","0","0","0","0","0","0","0","0","0","0","0"
"L21999","serialVersionUID","hudson.FilePath$FileCallableWrapper.serialVersionUID;J","L20930","L103","C:\GIT\pris2\SourceMeter\Guille\jenkins-jenkins-2.328\core\src\main\java\hudson\FilePath.java","3512","9","3512","57","0","0","0","0","0","0","0","0","0","0","0","0","0","0","0","0","0","0","0","0","0","0","0","0"
"L22002","serialVersionUID","hudson.FilePath$TunneledInterruptedException.serialVersionUID;J","L20942","L103","C:\GIT\pris2\SourceMeter\Guille\jenkins-jenkins-2.328\core\src\main\java\hudson\FilePath.java","3523","9","3523","57","0","0","0","0","0","0","0","0","0","0","0","0","0","0","0","0","0","0","0","0","0","0","0","0"
"L22018","serialVersionUID","hudson.FilePath$ExplicitlySpecifiedDirScanner.serialVersionUID;J","L22016","L103","C:\GIT\pris2\SourceMeter\Guille\jenkins-jenkins-2.328\core\src\main\java\hudson\FilePath.java","3549","9","3549","56","0","0","0","0","0","0","0","0","0","0","0","0","0","0","0","0","0","0","0","0","0","0","0","0"
"L22019","files","hudson.FilePath$ExplicitlySpecifiedDirScanner.files;Ljava/util/Map;","L22016","L103","C:\GIT\pris2\SourceMeter\Guille\jenkins-jenkins-2.328\core\src\main\java\hudson\FilePath.java","3551","9","3551","49","0","0","0","0","0","0","0","0","0","0","0","0","0","0","0","0","0","0","0","0","0","0","0","0"
"L22056","serialVersionUID","hudson.FilePath$IsDescendant.serialVersionUID;J","L22051","L103","C:\GIT\pris2\SourceMeter\Guille\jenkins-jenkins-2.328\core\src\main\java\hudson\FilePath.java","3632","9","3632","57","0","0","0","0","0","0","0","0","0","0","0","0","0","0","0","0","0","0","0","0","0","0","0","0"
"L22057","potentialChildRelativePath","hudson.FilePath$IsDescendant.potentialChildRelativePath;Ljava/lang/String;","L22051","L103","C:\GIT\pris2\SourceMeter\Guille\jenkins-jenkins-2.328\core\src\main\java\hudson\FilePath.java","3633","9","3633","51","0","0","0","0","0","0","0","0","0","0","0","0","0","0","0","0","0","0","0","0","0","0","0","0"
"L22081","verificationRoot","hudson.FilePath$SymlinkDiscardingFileFilter.verificationRoot;Ljava/lang/String;","L21364","L103","C:\GIT\pris2\SourceMeter\Guille\jenkins-jenkins-2.328\core\src\main\java\hudson\FilePath.java","3752","9","3752","47","0","0","0","0","0","0","0","0","0","0","0","0","0","0","0","0","0","0","0","0","0","0","0","0"
"L22082","noFollowLinks","hudson.FilePath$SymlinkDiscardingFileFilter.noFollowLinks;Z","L21364","L103","C:\GIT\pris2\SourceMeter\Guille\jenkins-jenkins-2.328\core\src\main\java\hudson\FilePath.java","3753","9","3753","45","0","0","0","0","0","0","0","0","0","0","0","0","0","0","0","0","0","0","0","0","0","0","0","0"
"L22089","serialVersionUID","hudson.FilePath$SymlinkDiscardingFileFilter.serialVersionUID;J","L21364","L103","C:\GIT\pris2\SourceMeter\Guille\jenkins-jenkins-2.328\core\src\main\java\hudson\FilePath.java","3765","9","3765","57","0","0","0","0","0","0","0","0","0","0","0","0","0","0","0","0","0","0","0","0","0","0","0","0"
"L22252","head","hudson.Functions$RunUrl.head;Ljava/lang/String;","L22234","L103","C:\GIT\pris2\SourceMeter\Guille\jenkins-jenkins-2.328\core\src\main\java\hudson\Functions.java","448","9","448","35","0","0","0","0","0","0","0","0","0","0","0","0","0","0","0","0","0","0","0","0","0","0","0","0"
"L22253","base","hudson.Functions$RunUrl.base;Ljava/lang/String;","L22234","L103","C:\GIT\pris2\SourceMeter\Guille\jenkins-jenkins-2.328\core\src\main\java\hudson\Functions.java","448","9","448","41","0","0","0","0","0","0","0","0","0","0","0","0","0","0","0","0","0","0","0","0","0","0","0","0"
"L22254","rest","hudson.Functions$RunUrl.rest;Ljava/lang/String;","L22234","L103","C:\GIT\pris2\SourceMeter\Guille\jenkins-jenkins-2.328\core\src\main\java\hudson\Functions.java","448","9","448","47","0","0","0","0","0","0","0","0","0","0","0","0","0","0","0","0","0","0","0","0","0","0","0","0"
"L22255","run","hudson.Functions$RunUrl.run;Lhudson/model/Run;","L22234","L103","C:\GIT\pris2\SourceMeter\Guille\jenkins-jenkins-2.328\core\src\main\java\hudson\Functions.java","449","9","449","31","0","0","0","0","0","0","0","0","0","0","0","0","0","0","0","0","0","0","0","0","0","0","0","0"
"L22762","ordinal","hudson.Functions$Tag.ordinal;D","L22690","L103","C:\GIT\pris2\SourceMeter\Guille\jenkins-jenkins-2.328\core\src\main\java\hudson\Functions.java","1238","9","1238","24","0","0","0","0","0","0","0","0","0","0","0","0","0","0","0","0","0","0","0","0","0","0","0","0"
"L22763","hierarchy","hudson.Functions$Tag.hierarchy;Ljava/lang/String;","L22690","L103","C:\GIT\pris2\SourceMeter\Guille\jenkins-jenkins-2.328\core\src\main\java\hudson\Functions.java","1239","9","1239","26","0","0","0","0","0","0","0","0","0","0","0","0","0","0","0","0","0","0","0","0","0","0","0","0"
"L22706","d","hudson.Functions$Tag.d;Lhudson/model/Descriptor;","L22690","L103","C:\GIT\pris2\SourceMeter\Guille\jenkins-jenkins-2.328\core\src\main\java\hudson\Functions.java","1240","9","1240","22","0","0","0","0","0","0","0","0","0","0","0","0","0","0","0","0","0","0","0","0","0","0","0","0"
"L22865","map","hudson.Functions$ThreadSorterBase.map;Ljava/util/Map;","L22863","L103","C:\GIT\pris2\SourceMeter\Guille\jenkins-jenkins-2.328\core\src\main\java\hudson\Functions.java","1449","9","1449","59","0","0","0","0","0","0","0","0","0","0","0","0","0","0","0","0","0","0","0","0","0","0","0","0"
"L22899","serialVersionUID","hudson.Functions$ThreadGroupMap.serialVersionUID;J","L13289","L103","C:\GIT\pris2\SourceMeter\Guille\jenkins-jenkins-2.328\core\src\main\java\hudson\Functions.java","1473","9","1473","75","0","0","0","0","0","0","0","0","0","0","0","0","0","0","0","0","0","0","0","0","0","0","0","0"
"L22912","serialVersionUID","hudson.Functions$ThreadSorter.serialVersionUID;J","L22842","L103","C:\GIT\pris2\SourceMeter\Guille\jenkins-jenkins-2.328\core\src\main\java\hudson\Functions.java","1493","9","1493","75","0","0","0","0","0","0","0","0","0","0","0","0","0","0","0","0","0","0","0","0","0","0","0","0"
"L23376","STARTED","hudson.init.InitMilestone.STARTED;Lhudson/init/InitMilestone;","L23373","L103","C:\GIT\pris2\SourceMeter\Guille\jenkins-jenkins-2.328\core\src\main\java\hudson\init\InitMilestone.java","62","5","62","38","0","0","0","0","0","0","0","0","0","0","0","0","0","0","0","0","0","0","0","0","0","0","0","0"
"L23427","PLUGINS_LISTED","hudson.init.InitMilestone.PLUGINS_LISTED;Lhudson/init/InitMilestone;","L23373","L103","C:\GIT\pris2\SourceMeter\Guille\jenkins-jenkins-2.328\core\src\main\java\hudson\init\InitMilestone.java","67","5","67","41","0","0","0","0","0","0","0","0","0","0","0","0","0","0","0","0","0","0","0","0","0","0","0","0"
"L20275","PLUGINS_PREPARED","hudson.init.InitMilestone.PLUGINS_PREPARED;Lhudson/init/InitMilestone;","L23373","L103","C:\GIT\pris2\SourceMeter\Guille\jenkins-jenkins-2.328\core\src\main\java\hudson\init\InitMilestone.java","72","5","72","45","0","0","0","0","0","0","0","0","0","0","0","0","0","0","0","0","0","0","0","0","0","0","0","0"
"L23430","PLUGINS_STARTED","hudson.init.InitMilestone.PLUGINS_STARTED;Lhudson/init/InitMilestone;","L23373","L103","C:\GIT\pris2\SourceMeter\Guille\jenkins-jenkins-2.328\core\src\main\java\hudson\init\InitMilestone.java","83","5","83","43","0","0","0","0","0","0","0","0","0","0","0","0","0","0","0","0","0","0","0","0","0","0","0","0"
"L19052","EXTENSIONS_AUGMENTED","hudson.init.InitMilestone.EXTENSIONS_AUGMENTED;Lhudson/init/InitMilestone;","L23373","L103","C:\GIT\pris2\SourceMeter\Guille\jenkins-jenkins-2.328\core\src\main\java\hudson\init\InitMilestone.java","89","5","89","53","0","0","0","0","0","0","0","0","0","0","0","0","0","0","0","0","0","0","0","0","0","0","0","0"
"L23433","SYSTEM_CONFIG_LOADED","hudson.init.InitMilestone.SYSTEM_CONFIG_LOADED;Lhudson/init/InitMilestone;","L23373","L103","C:\GIT\pris2\SourceMeter\Guille\jenkins-jenkins-2.328\core\src\main\java\hudson\init\InitMilestone.java","95","5","95","49","0","0","0","0","0","0","0","0","0","0","0","0","0","0","0","0","0","0","0","0","0","0","0","0"
"L23435","SYSTEM_CONFIG_ADAPTED","hudson.init.InitMilestone.SYSTEM_CONFIG_ADAPTED;Lhudson/init/InitMilestone;","L23373","L103","C:\GIT\pris2\SourceMeter\Guille\jenkins-jenkins-2.328\core\src\main\java\hudson\init\InitMilestone.java","102","5","102","51","0","0","0","0","0","0","0","0","0","0","0","0","0","0","0","0","0","0","0","0","0","0","0","0"
"L23437","JOB_LOADED","hudson.init.InitMilestone.JOB_LOADED;Lhudson/init/InitMilestone;","L23373","L103","C:\GIT\pris2\SourceMeter\Guille\jenkins-jenkins-2.328\core\src\main\java\hudson\init\InitMilestone.java","107","5","107","34","0","0","0","0","0","0","0","0","0","0","0","0","0","0","0","0","0","0","0","0","0","0","0","0"
"L8266","JOB_CONFIG_ADAPTED","hudson.init.InitMilestone.JOB_CONFIG_ADAPTED;Lhudson/init/InitMilestone;","L23373","L103","C:\GIT\pris2\SourceMeter\Guille\jenkins-jenkins-2.328\core\src\main\java\hudson\init\InitMilestone.java","114","5","114","61","0","0","0","0","0","0","0","0","0","0","0","0","0","0","0","0","0","0","0","0","0","0","0","0"
"L23380","COMPLETED","hudson.init.InitMilestone.COMPLETED;Lhudson/init/InitMilestone;","L23373","L103","C:\GIT\pris2\SourceMeter\Guille\jenkins-jenkins-2.328\core\src\main\java\hudson\init\InitMilestone.java","121","5","121","42","0","0","0","0","0","0","0","0","0","0","0","0","0","0","0","0","0","0","0","0","0","0","0","0"
"L23441","message","hudson.init.InitMilestone.message;Ljava/lang/String;","L23373","L103","C:\GIT\pris2\SourceMeter\Guille\jenkins-jenkins-2.328\core\src\main\java\hudson\init\InitMilestone.java","123","5","123","34","0","0","0","0","0","0","0","0","0","0","0","0","0","0","0","0","0","0","0","0","0","0","0","0"
"L23485","LOGGER","hudson.init.InitStrategy.LOGGER;Ljava/util/logging/Logger;","L23455","L103","C:\GIT\pris2\SourceMeter\Guille\jenkins-jenkins-2.328\core\src\main\java\hudson\init\InitStrategy.java","124","5","124","89","0","0","0","0","0","0","0","0","0","0","0","0","0","0","0","0","0","0","0","0","0","0","0","0"
"L23510","LOGGER","hudson.init.TaskMethodFinder.LOGGER;Ljava/util/logging/Logger;","L23393","L103","C:\GIT\pris2\SourceMeter\Guille\jenkins-jenkins-2.328\core\src\main\java\hudson\init\TaskMethodFinder.java","32","5","32","93","0","0","0","0","0","0","0","0","0","0","0","0","0","0","0","0","0","0","0","0","0","0","0","0"
"L23511","cl","hudson.init.TaskMethodFinder.cl;Ljava/lang/ClassLoader;","L23393","L103","C:\GIT\pris2\SourceMeter\Guille\jenkins-jenkins-2.328\core\src\main\java\hudson\init\TaskMethodFinder.java","33","5","33","36","0","0","0","0","0","0","0","0","0","0","0","0","0","0","0","0","0","0","0","0","0","0","0","0"
"L23512","discovered","hudson.init.TaskMethodFinder.discovered;Ljava/util/Set;","L23393","L103","C:\GIT\pris2\SourceMeter\Guille\jenkins-jenkins-2.328\core\src\main\java\hudson\init\TaskMethodFinder.java","34","5","34","60","0","0","0","0","0","0","0","0","0","0","0","0","0","0","0","0","0","0","0","0","0","0","0","0"
"L23519","type","hudson.init.TaskMethodFinder.type;Ljava/lang/Class;","L23393","L103","C:\GIT\pris2\SourceMeter\Guille\jenkins-jenkins-2.328\core\src\main\java\hudson\init\TaskMethodFinder.java","36","5","36","33","0","0","0","0","0","0","0","0","0","0","0","0","0","0","0","0","0","0","0","0","0","0","0","0"
"L23523","milestoneType","hudson.init.TaskMethodFinder.milestoneType;Ljava/lang/Class;","L23393","L103","C:\GIT\pris2\SourceMeter\Guille\jenkins-jenkins-2.328\core\src\main\java\hudson\init\TaskMethodFinder.java","37","5","37","55","0","0","0","0","0","0","0","0","0","0","0","0","0","0","0","0","0","0","0","0","0","0","0","0"
"L23624","STARTED","hudson.init.TermMilestone.STARTED;Lhudson/init/TermMilestone;","L23621","L103","C:\GIT\pris2\SourceMeter\Guille\jenkins-jenkins-2.328\core\src\main\java\hudson\init\TermMilestone.java","26","5","26","35","0","0","0","0","0","0","0","0","0","0","0","0","0","0","0","0","0","0","0","0","0","0","0","0"
"L23628","COMPLETED","hudson.init.TermMilestone.COMPLETED;Lhudson/init/TermMilestone;","L23621","L103","C:\GIT\pris2\SourceMeter\Guille\jenkins-jenkins-2.328\core\src\main\java\hudson\init\TermMilestone.java","33","5","33","39","0","0","0","0","0","0","0","0","0","0","0","0","0","0","0","0","0","0","0","0","0","0","0","0"
"L23669","message","hudson.init.TermMilestone.message;Ljava/lang/String;","L23621","L103","C:\GIT\pris2\SourceMeter\Guille\jenkins-jenkins-2.328\core\src\main\java\hudson\init\TermMilestone.java","35","5","35","34","0","0","0","0","0","0","0","0","0","0","0","0","0","0","0","0","0","0","0","0","0","0","0","0"
"L23683","r","hudson.init.InitMilestoneTest.r;LJenkinsRule;","L23681","L103","C:\GIT\pris2\SourceMeter\Guille\jenkins-jenkins-2.328\test\src\test\java\hudson\init\InitMilestoneTest.java","14","5","15","47","0","0","0","0","0","0","0","0","0","0","0","0","0","0","0","0","0","0","0","0","0","0","0","0"
"L23755","commands","hudson.Launcher$ProcStarter.commands;Ljava/util/List;","L11394","L103","C:\GIT\pris2\SourceMeter\Guille\jenkins-jenkins-2.328\core\src\main\java\hudson\Launcher.java","188","9","188","41","0","0","0","0","0","0","0","0","0","0","0","0","0","0","0","0","0","0","0","0","0","0","0","0"
"L23756","masks","hudson.Launcher$ProcStarter.masks;[Z","L11394","L103","C:\GIT\pris2\SourceMeter\Guille\jenkins-jenkins-2.328\core\src\main\java\hudson\Launcher.java","189","9","190","35","0","0","0","0","0","0","0","0","0","0","0","0","0","0","0","0","0","0","0","0","0","0","0","0"
"L23757","quiet","hudson.Launcher$ProcStarter.quiet;Z","L11394","L103","C:\GIT\pris2\SourceMeter\Guille\jenkins-jenkins-2.328\core\src\main\java\hudson\Launcher.java","191","9","191","31","0","0","0","0","0","0","0","0","0","0","0","0","0","0","0","0","0","0","0","0","0","0","0","0"
"L23758","pwd","hudson.Launcher$ProcStarter.pwd;Lhudson/FilePath;","L11394","L103","C:\GIT\pris2\SourceMeter\Guille\jenkins-jenkins-2.328\core\src\main\java\hudson\Launcher.java","192","9","193","32","0","0","0","0","0","0","0","0","0","0","0","0","0","0","0","0","0","0","0","0","0","0","0","0"
"L23759","stdout","hudson.Launcher$ProcStarter.stdout;Ljava/io/OutputStream;","L11394","L103","C:\GIT\pris2\SourceMeter\Guille\jenkins-jenkins-2.328\core\src\main\java\hudson\Launcher.java","194","9","195","60","0","0","0","0","0","0","0","0","0","0","0","0","0","0","0","0","0","0","0","0","0","0","0","0"
"L23760","stderr","hudson.Launcher$ProcStarter.stderr;Ljava/io/OutputStream;","L11394","L103","C:\GIT\pris2\SourceMeter\Guille\jenkins-jenkins-2.328\core\src\main\java\hudson\Launcher.java","194","9","195","68","0","0","0","0","0","0","0","0","0","0","0","0","0","0","0","0","0","0","0","0","0","0","0","0"
"L23761","stdoutListener","hudson.Launcher$ProcStarter.stdoutListener;Lhudson/model/TaskListener;","L11394","L103","C:\GIT\pris2\SourceMeter\Guille\jenkins-jenkins-2.328\core\src\main\java\hudson\Launcher.java","196","9","197","45","0","0","0","0","0","0","0","0","0","0","0","0","0","0","0","0","0","0","0","0","0","0","0","0"
"L23762","stdin","hudson.Launcher$ProcStarter.stdin;Ljava/io/InputStream;","L11394","L103","C:\GIT\pris2\SourceMeter\Guille\jenkins-jenkins-2.328\core\src\main\java\hudson\Launcher.java","198","9","199","57","0","0","0","0","0","0","0","0","0","0","0","0","0","0","0","0","0","0","0","0","0","0","0","0"
"L23765","envs","hudson.Launcher$ProcStarter.envs;[Ljava/lang/String;","L11394","L103","C:\GIT\pris2\SourceMeter\Guille\jenkins-jenkins-2.328\core\src\main\java\hudson\Launcher.java","200","9","201","40","0","0","0","0","0","0","0","0","0","0","0","0","0","0","0","0","0","0","0","0","0","0","0","0"
"L23766","envVarsFilterableBuilder","hudson.Launcher$ProcStarter.envVarsFilterableBuilder;Ljenkins/tasks/filters/EnvVarsFilterableBuilder;","L11394","L103","C:\GIT\pris2\SourceMeter\Guille\jenkins-jenkins-2.328\core\src\main\java\hudson\Launcher.java","205","9","207","76","0","0","0","0","0","0","0","0","0","0","0","0","0","0","0","0","0","0","0","0","0","0","0","0"
"L23768","reverseStdin","hudson.Launcher$ProcStarter.reverseStdin;Z","L11394","L103","C:\GIT\pris2\SourceMeter\Guille\jenkins-jenkins-2.328\core\src\main\java\hudson\Launcher.java","219","9","219","40","0","0","0","0","0","0","0","0","0","0","0","0","0","0","0","0","0","0","0","0","0","0","0","0"
"L23770","reverseStdout","hudson.Launcher$ProcStarter.reverseStdout;Z","L11394","L103","C:\GIT\pris2\SourceMeter\Guille\jenkins-jenkins-2.328\core\src\main\java\hudson\Launcher.java","219","9","219","55","0","0","0","0","0","0","0","0","0","0","0","0","0","0","0","0","0","0","0","0","0","0","0","0"
"L23771","reverseStderr","hudson.Launcher$ProcStarter.reverseStderr;Z","L11394","L103","C:\GIT\pris2\SourceMeter\Guille\jenkins-jenkins-2.328\core\src\main\java\hudson\Launcher.java","219","9","219","70","0","0","0","0","0","0","0","0","0","0","0","0","0","0","0","0","0","0","0","0","0","0","0","0"
"L24104","isUnix","hudson.Launcher$RemoteLauncher.isUnix;Z","L21831","L103","C:\GIT\pris2\SourceMeter\Guille\jenkins-jenkins-2.328\core\src\main\java\hudson\Launcher.java","1093","9","1093","38","0","0","0","0","0","0","0","0","0","0","0","0","0","0","0","0","0","0","0","0","0","0","0","0"
"L24188","inner","hudson.Launcher$DecoratedLauncher.inner;Lhudson/Launcher;","L24186","L103","C:\GIT\pris2\SourceMeter\Guille\jenkins-jenkins-2.328\core\src\main\java\hudson\Launcher.java","1248","9","1248","38","0","0","0","0","0","0","0","0","0","0","0","0","0","0","0","0","0","0","0","0","0","0","0","0"
"L24178","stdout","hudson.Launcher$IOTriplet.stdout;Ljava/io/InputStream;","L24157","L103","C:\GIT\pris2\SourceMeter\Guille\jenkins-jenkins-2.328\core\src\main\java\hudson\Launcher.java","1319","9","1320","28","0","0","0","0","0","0","0","0","0","0","0","0","0","0","0","0","0","0","0","0","0","0","0","0"
"L24181","stderr","hudson.Launcher$IOTriplet.stderr;Ljava/io/InputStream;","L24157","L103","C:\GIT\pris2\SourceMeter\Guille\jenkins-jenkins-2.328\core\src\main\java\hudson\Launcher.java","1319","9","1320","36","0","0","0","0","0","0","0","0","0","0","0","0","0","0","0","0","0","0","0","0","0","0","0","0"
"L24184","stdin","hudson.Launcher$IOTriplet.stdin;Ljava/io/OutputStream;","L24157","L103","C:\GIT\pris2\SourceMeter\Guille\jenkins-jenkins-2.328\core\src\main\java\hudson\Launcher.java","1321","9","1322","28","0","0","0","0","0","0","0","0","0","0","0","0","0","0","0","0","0","0","0","0","0","0","0","0"
"L24224","serialVersionUID","hudson.Launcher$IOTriplet.serialVersionUID;J","L24157","L103","C:\GIT\pris2\SourceMeter\Guille\jenkins-jenkins-2.328\core\src\main\java\hudson\Launcher.java","1323","9","1323","57","0","0","0","0","0","0","0","0","0","0","0","0","0","0","0","0","0","0","0","0","0","0","0","0"
"L24229","cmd","hudson.Launcher$RemoteLaunchCallable.cmd;Ljava/util/List;","L24112","L103","C:\GIT\pris2\SourceMeter\Guille\jenkins-jenkins-2.328\core\src\main\java\hudson\Launcher.java","1341","9","1341","49","0","0","0","0","0","0","0","0","0","0","0","0","0","0","0","0","0","0","0","0","0","0","0","0"
"L24230","masks","hudson.Launcher$RemoteLaunchCallable.masks;[Z","L24112","L103","C:\GIT\pris2\SourceMeter\Guille\jenkins-jenkins-2.328\core\src\main\java\hudson\Launcher.java","1342","9","1342","53","0","0","0","0","0","0","0","0","0","0","0","0","0","0","0","0","0","0","0","0","0","0","0","0"
"L24231","env","hudson.Launcher$RemoteLaunchCallable.env;[Ljava/lang/String;","L24112","L103","C:\GIT\pris2\SourceMeter\Guille\jenkins-jenkins-2.328\core\src\main\java\hudson\Launcher.java","1343","9","1343","50","0","0","0","0","0","0","0","0","0","0","0","0","0","0","0","0","0","0","0","0","0","0","0","0"
"L24232","in","hudson.Launcher$RemoteLaunchCallable.in;Ljava/io/InputStream;","L24112","L103","C:\GIT\pris2\SourceMeter\Guille\jenkins-jenkins-2.328\core\src\main\java\hudson\Launcher.java","1344","9","1344","52","0","0","0","0","0","0","0","0","0","0","0","0","0","0","0","0","0","0","0","0","0","0","0","0"
"L24233","out","hudson.Launcher$RemoteLaunchCallable.out;Ljava/io/OutputStream;","L24112","L103","C:\GIT\pris2\SourceMeter\Guille\jenkins-jenkins-2.328\core\src\main\java\hudson\Launcher.java","1345","9","1345","54","0","0","0","0","0","0","0","0","0","0","0","0","0","0","0","0","0","0","0","0","0","0","0","0"
"L24234","err","hudson.Launcher$RemoteLaunchCallable.err;Ljava/io/OutputStream;","L24112","L103","C:\GIT\pris2\SourceMeter\Guille\jenkins-jenkins-2.328\core\src\main\java\hudson\Launcher.java","1346","9","1346","54","0","0","0","0","0","0","0","0","0","0","0","0","0","0","0","0","0","0","0","0","0","0","0","0"
"L24235","workDir","hudson.Launcher$RemoteLaunchCallable.workDir;Ljava/lang/String;","L24112","L103","C:\GIT\pris2\SourceMeter\Guille\jenkins-jenkins-2.328\core\src\main\java\hudson\Launcher.java","1347","9","1347","52","0","0","0","0","0","0","0","0","0","0","0","0","0","0","0","0","0","0","0","0","0","0","0","0"
"L24236","listener","hudson.Launcher$RemoteLaunchCallable.listener;Lhudson/model/TaskListener;","L24112","L103","C:\GIT\pris2\SourceMeter\Guille\jenkins-jenkins-2.328\core\src\main\java\hudson\Launcher.java","1348","9","1348","54","0","0","0","0","0","0","0","0","0","0","0","0","0","0","0","0","0","0","0","0","0","0","0","0"
"L24237","stdoutListener","hudson.Launcher$RemoteLaunchCallable.stdoutListener;Lhudson/model/TaskListener;","L24112","L103","C:\GIT\pris2\SourceMeter\Guille\jenkins-jenkins-2.328\core\src\main\java\hudson\Launcher.java","1349","9","1349","65","0","0","0","0","0","0","0","0","0","0","0","0","0","0","0","0","0","0","0","0","0","0","0","0"
"L24238","reverseStdin","hudson.Launcher$RemoteLaunchCallable.reverseStdin;Z","L24112","L103","C:\GIT\pris2\SourceMeter\Guille\jenkins-jenkins-2.328\core\src\main\java\hudson\Launcher.java","1350","9","1350","44","0","0","0","0","0","0","0","0","0","0","0","0","0","0","0","0","0","0","0","0","0","0","0","0"
"L24239","reverseStdout","hudson.Launcher$RemoteLaunchCallable.reverseStdout;Z","L24112","L103","C:\GIT\pris2\SourceMeter\Guille\jenkins-jenkins-2.328\core\src\main\java\hudson\Launcher.java","1350","9","1350","59","0","0","0","0","0","0","0","0","0","0","0","0","0","0","0","0","0","0","0","0","0","0","0","0"
"L24240","reverseStderr","hudson.Launcher$RemoteLaunchCallable.reverseStderr;Z","L24112","L103","C:\GIT\pris2\SourceMeter\Guille\jenkins-jenkins-2.328\core\src\main\java\hudson\Launcher.java","1350","9","1350","74","0","0","0","0","0","0","0","0","0","0","0","0","0","0","0","0","0","0","0","0","0","0","0","0"
"L24241","quiet","hudson.Launcher$RemoteLaunchCallable.quiet;Z","L24112","L103","C:\GIT\pris2\SourceMeter\Guille\jenkins-jenkins-2.328\core\src\main\java\hudson\Launcher.java","1351","9","1351","37","0","0","0","0","0","0","0","0","0","0","0","0","0","0","0","0","0","0","0","0","0","0","0","0"
"L24242","envVarsFilterRuleWrapper","hudson.Launcher$RemoteLaunchCallable.envVarsFilterRuleWrapper;Ljenkins/tasks/filters/EnvVarsFilterRuleWrapper;","L24112","L103","C:\GIT\pris2\SourceMeter\Guille\jenkins-jenkins-2.328\core\src\main\java\hudson\Launcher.java","1353","9","1353","67","0","0","0","0","0","0","0","0","0","0","0","0","0","0","0","0","0","0","0","0","0","0","0","0"
"L24292","serialVersionUID","hudson.Launcher$RemoteLaunchCallable.serialVersionUID;J","L24112","L103","C:\GIT\pris2\SourceMeter\Guille\jenkins-jenkins-2.328\core\src\main\java\hudson\Launcher.java","1440","9","1440","57","0","0","0","0","0","0","0","0","0","0","0","0","0","0","0","0","0","0","0","0","0","0","0","0"
"L24296","cmd","hudson.Launcher$RemoteChannelLaunchCallable.cmd;[Ljava/lang/String;","L24130","L103","C:\GIT\pris2\SourceMeter\Guille\jenkins-jenkins-2.328\core\src\main\java\hudson\Launcher.java","1444","9","1445","36","0","0","0","0","0","0","0","0","0","0","0","0","0","0","0","0","0","0","0","0","0","0","0","0"
"L24297","out","hudson.Launcher$RemoteChannelLaunchCallable.out;LPipe;","L24130","L103","C:\GIT\pris2\SourceMeter\Guille\jenkins-jenkins-2.328\core\src\main\java\hudson\Launcher.java","1446","9","1447","32","0","0","0","0","0","0","0","0","0","0","0","0","0","0","0","0","0","0","0","0","0","0","0","0"
"L24298","workDir","hudson.Launcher$RemoteChannelLaunchCallable.workDir;Ljava/lang/String;","L24130","L103","C:\GIT\pris2\SourceMeter\Guille\jenkins-jenkins-2.328\core\src\main\java\hudson\Launcher.java","1448","9","1449","38","0","0","0","0","0","0","0","0","0","0","0","0","0","0","0","0","0","0","0","0","0","0","0","0"
"L24299","err","hudson.Launcher$RemoteChannelLaunchCallable.err;Ljava/io/OutputStream;","L24130","L103","C:\GIT\pris2\SourceMeter\Guille\jenkins-jenkins-2.328\core\src\main\java\hudson\Launcher.java","1450","9","1451","40","0","0","0","0","0","0","0","0","0","0","0","0","0","0","0","0","0","0","0","0","0","0","0","0"
"L24300","envOverrides","hudson.Launcher$RemoteChannelLaunchCallable.envOverrides;Ljava/util/Map;","L24130","L103","C:\GIT\pris2\SourceMeter\Guille\jenkins-jenkins-2.328\core\src\main\java\hudson\Launcher.java","1452","9","1453","56","0","0","0","0","0","0","0","0","0","0","0","0","0","0","0","0","0","0","0","0","0","0","0","0"
"L24318","serialVersionUID","hudson.Launcher$RemoteChannelLaunchCallable.serialVersionUID;J","L24130","L103","C:\GIT\pris2\SourceMeter\Guille\jenkins-jenkins-2.328\core\src\main\java\hudson\Launcher.java","1481","9","1481","57","0","0","0","0","0","0","0","0","0","0","0","0","0","0","0","0","0","0","0","0","0","0","0","0"
"L24348","LOGGER","hudson.lifecycle.ExitLifecycle.LOGGER;Ljava/util/logging/Logger;","L24343","L103","C:\GIT\pris2\SourceMeter\Guille\jenkins-jenkins-2.328\core\src\main\java\hudson\lifecycle\ExitLifecycle.java","49","5","49","90","0","0","0","0","0","0","0","0","0","0","0","0","0","0","0","0","0","0","0","0","0","0","0","0"
"L24351","EXIT_CODE_ON_RESTART","hudson.lifecycle.ExitLifecycle.EXIT_CODE_ON_RESTART;Ljava/lang/String;","L24343","L103","C:\GIT\pris2\SourceMeter\Guille\jenkins-jenkins-2.328\core\src\main\java\hudson\lifecycle\ExitLifecycle.java","51","5","51","76","0","0","0","0","0","0","0","0","0","0","0","0","0","0","0","0","0","0","0","0","0","0","0","0"
"L24352","DEFAULT_EXIT_CODE","hudson.lifecycle.ExitLifecycle.DEFAULT_EXIT_CODE;Ljava/lang/String;","L24343","L103","C:\GIT\pris2\SourceMeter\Guille\jenkins-jenkins-2.328\core\src\main\java\hudson\lifecycle\ExitLifecycle.java","52","5","52","57","0","0","0","0","0","0","0","0","0","0","0","0","0","0","0","0","0","0","0","0","0","0","0","0"
"L24353","exitOnRestart","hudson.lifecycle.ExitLifecycle.exitOnRestart;Ljava/lang/Integer;","L24343","L103","C:\GIT\pris2\SourceMeter\Guille\jenkins-jenkins-2.328\core\src\main\java\hudson\lifecycle\ExitLifecycle.java","54","5","54","35","0","0","0","0","0","0","0","0","0","0","0","0","0","0","0","0","0","0","0","0","0","0","0","0"
"L24365","INSTANCE","hudson.lifecycle.Lifecycle.INSTANCE;Lhudson/lifecycle/Lifecycle;","L24345","L103","C:\GIT\pris2\SourceMeter\Guille\jenkins-jenkins-2.328\core\src\main\java\hudson\lifecycle\Lifecycle.java","53","5","53","46","0","0","0","0","0","0","0","0","0","0","0","0","0","0","0","0","0","0","0","0","0","0","0","0"
"L24392","LOGGER","hudson.lifecycle.Lifecycle.LOGGER;Ljava/util/logging/Logger;","L24345","L103","C:\GIT\pris2\SourceMeter\Guille\jenkins-jenkins-2.328\core\src\main\java\hudson\lifecycle\Lifecycle.java","235","5","235","86","0","0","0","0","0","0","0","0","0","0","0","0","0","0","0","0","0","0","0","0","0","0","0","0"
"L24426","LOGGER","hudson.lifecycle.SolarisSMFLifecycle.LOGGER;Ljava/util/logging/Logger;","L24382","L103","C:\GIT\pris2\SourceMeter\Guille\jenkins-jenkins-2.328\core\src\main\java\hudson\lifecycle\SolarisSMFLifecycle.java","56","5","56","96","0","0","0","0","0","0","0","0","0","0","0","0","0","0","0","0","0","0","0","0","0","0","0","0"
"L24429","args","hudson.lifecycle.UnixLifecycle.args;Ljava/util/List;","L24387","L103","C:\GIT\pris2\SourceMeter\Guille\jenkins-jenkins-2.328\core\src\main\java\hudson\lifecycle\UnixLifecycle.java","53","5","53","31","0","0","0","0","0","0","0","0","0","0","0","0","0","0","0","0","0","0","0","0","0","0","0","0"
"L24430","failedToObtainArgs","hudson.lifecycle.UnixLifecycle.failedToObtainArgs;Ljava/lang/Throwable;","L24387","L103","C:\GIT\pris2\SourceMeter\Guille\jenkins-jenkins-2.328\core\src\main\java\hudson\lifecycle\UnixLifecycle.java","54","5","54","42","0","0","0","0","0","0","0","0","0","0","0","0","0","0","0","0","0","0","0","0","0","0","0","0"
"L24436","LOGGER","hudson.lifecycle.UnixLifecycle.LOGGER;Ljava/util/logging/Logger;","L24387","L103","C:\GIT\pris2\SourceMeter\Guille\jenkins-jenkins-2.328\core\src\main\java\hudson\lifecycle\UnixLifecycle.java","104","5","104","90","0","0","0","0","0","0","0","0","0","0","0","0","0","0","0","0","0","0","0","0","0","0","0","0"
"L24452","hudsonWar","hudson.lifecycle.WindowsInstallerLink.hudsonWar;Ljava/io/File;","L24450","L103","C:\GIT\pris2\SourceMeter\Guille\jenkins-jenkins-2.328\core\src\main\java\hudson\lifecycle\WindowsInstallerLink.java","70","5","70","34","0","0","0","0","0","0","0","0","0","0","0","0","0","0","0","0","0","0","0","0","0","0","0","0"
"L24454","installationDir","hudson.lifecycle.WindowsInstallerLink.installationDir;Ljava/io/File;","L24450","L103","C:\GIT\pris2\SourceMeter\Guille\jenkins-jenkins-2.328\core\src\main\java\hudson\lifecycle\WindowsInstallerLink.java","75","5","75","43","0","0","0","0","0","0","0","0","0","0","0","0","0","0","0","0","0","0","0","0","0","0","0","0"
"L24492","LOGGER","hudson.lifecycle.WindowsInstallerLink.LOGGER;Ljava/util/logging/Logger;","L24450","L103","C:\GIT\pris2\SourceMeter\Guille\jenkins-jenkins-2.328\core\src\main\java\hudson\lifecycle\WindowsInstallerLink.java","297","5","297","97","0","0","0","0","0","0","0","0","0","0","0","0","0","0","0","0","0","0","0","0","0","0","0","0"
"L24549","LOGGER","hudson.lifecycle.WindowsServiceLifecycle.LOGGER;Ljava/util/logging/Logger;","L24523","L103","C:\GIT\pris2\SourceMeter\Guille\jenkins-jenkins-2.328\core\src\main\java\hudson\lifecycle\WindowsServiceLifecycle.java","161","5","161","100","0","0","0","0","0","0","0","0","0","0","0","0","0","0","0","0","0","0","0","0","0","0","0","0"
"L24591","name","hudson.logging.LogRecorder.name;Ljava/lang/String;","L24589","L103","C:\GIT\pris2\SourceMeter\Guille\jenkins-jenkins-2.328\core\src\main\java\hudson\logging\LogRecorder.java","101","5","101","34","0","0","0","0","0","0","0","0","0","0","0","0","0","0","0","0","0","0","0","0","0","0","0","0"
"L24592","targets","hudson.logging.LogRecorder.targets;Lhudson/util/CopyOnWriteList;","L24589","L103","C:\GIT\pris2\SourceMeter\Guille\jenkins-jenkins-2.328\core\src\main\java\hudson\logging\LogRecorder.java","108","5","111","86","0","0","0","0","0","0","0","0","0","0","0","0","0","0","0","0","0","0","0","0","0","0","0","0"
"L24600","loggers","hudson.logging.LogRecorder.loggers;Ljava/util/List;","L24589","L103","C:\GIT\pris2\SourceMeter\Guille\jenkins-jenkins-2.328\core\src\main\java\hudson\logging\LogRecorder.java","112","5","112","54","0","0","0","0","0","0","0","0","0","0","0","0","0","0","0","0","0","0","0","0","0","0","0","0"
"L24607","TARGET_COMPARATOR","hudson.logging.LogRecorder.TARGET_COMPARATOR;Lhudson/logging/LogRecorder$TargetComparator;","L24589","L103","C:\GIT\pris2\SourceMeter\Guille\jenkins-jenkins-2.328\core\src\main\java\hudson\logging\LogRecorder.java","113","5","113","86","0","0","0","0","0","0","0","0","0","0","0","0","0","0","0","0","0","0","0","0","0","0","0","0"
"L24619","handler","hudson.logging.LogRecorder.handler;Lhudson/util/RingBufferLogHandler;","L24589","L103","C:\GIT\pris2\SourceMeter\Guille\jenkins-jenkins-2.328\core\src\main\java\hudson\logging\LogRecorder.java","214","5","234","7","0","0","0","0","0","0","0","0","0","0","0","0","0","0","0","0","0","0","0","0","0","0","0","0"
"L24819","XSTREAM","hudson.logging.LogRecorder.XSTREAM;LXStream;","L24589","L103","C:\GIT\pris2\SourceMeter\Guille\jenkins-jenkins-2.328\core\src\main\java\hudson\logging\LogRecorder.java","585","5","585","58","0","0","0","0","0","0","0","0","0","0","0","0","0","0","0","0","0","0","0","0","0","0","0","0"
"L24860","LEVELS","hudson.logging.LogRecorder.LEVELS;Ljava/util/List;","L24589","L103","C:\GIT\pris2\SourceMeter\Guille\jenkins-jenkins-2.328\core\src\main\java\hudson\logging\LogRecorder.java","595","5","596","143","0","0","0","0","0","0","0","0","0","0","0","0","0","0","0","0","0","0","0","0","0","0","0","0"
"L24797","logRecorders","hudson.logging.LogRecorderManager.logRecorders;Ljava/util/Map;","L24760","L103","C:\GIT\pris2\SourceMeter\Guille\jenkins-jenkins-2.328\core\src\main\java\hudson\logging\LogRecorderManager.java","84","5","87","96","0","0","0","0","0","0","0","0","0","0","0","0","0","0","0","0","0","0","0","0","0","0","0","0"
"L24873","recorders","hudson.logging.LogRecorderManager.recorders;Ljava/util/List;","L24760","L103","C:\GIT\pris2\SourceMeter\Guille\jenkins-jenkins-2.328\core\src\main\java\hudson\logging\LogRecorderManager.java","89","5","89","41","0","0","0","0","0","0","0","0","0","0","0","0","0","0","0","0","0","0","0","0","0","0","0","0"
"L24969","SKIP_PERMISSION_CHECK","hudson.logging.LogRecorderManager.SKIP_PERMISSION_CHECK;Z","L24760","L103","C:\GIT\pris2\SourceMeter\Guille\jenkins-jenkins-2.328\core\src\main\java\hudson\logging\LogRecorderManager.java","276","5","278","172","0","0","0","0","0","0","0","0","0","0","0","0","0","0","0","0","0","0","0","0","0","0","0","0"
"L24973","target","hudson.logging.WeakLogHandler.target;Ljava/lang/ref/WeakReference;","L24614","L103","C:\GIT\pris2\SourceMeter\Guille\jenkins-jenkins-2.328\core\src\main\java\hudson\logging\WeakLogHandler.java","42","5","42","49","0","0","0","0","0","0","0","0","0","0","0","0","0","0","0","0","0","0","0","0","0","0","0","0"
"L24977","logger","hudson.logging.WeakLogHandler.logger;Ljava/util/logging/Logger;","L24614","L103","C:\GIT\pris2\SourceMeter\Guille\jenkins-jenkins-2.328\core\src\main\java\hudson\logging\WeakLogHandler.java","43","5","43","33","0","0","0","0","0","0","0","0","0","0","0","0","0","0","0","0","0","0","0","0","0","0","0","0"
"L25066","j","hudson.logging.LogRecorderManagerTest.j;LJenkinsRule;","L25063","L103","C:\GIT\pris2\SourceMeter\Guille\jenkins-jenkins-2.328\test\src\test\java\hudson\logging\LogRecorderManagerTest.java","61","5","61","52","0","0","0","0","0","0","0","0","0","0","0","0","0","0","0","0","0","0","0","0","0","0","0","0"
"L25223","LOGGER","hudson.markup.MarkupFormatter.LOGGER;Ljava/util/logging/Logger;","L25202","L103","C:\GIT\pris2\SourceMeter\Guille\jenkins-jenkins-2.328\core\src\main\java\hudson\markup\MarkupFormatter.java","78","5","78","92","0","0","0","0","0","0","0","0","0","0","0","0","0","0","0","0","0","0","0","0","0","0","0","0"
"L25224","PREVIEWS_ALLOW_GET","hudson.markup.MarkupFormatter.PREVIEWS_ALLOW_GET;Z","L25202","L103","C:\GIT\pris2\SourceMeter\Guille\jenkins-jenkins-2.328\core\src\main\java\hudson\markup\MarkupFormatter.java","80","5","80","148","0","0","0","0","0","0","0","0","0","0","0","0","0","0","0","0","0","0","0","0","0","0","0","0"
"L25225","PREVIEWS_SET_CSP","hudson.markup.MarkupFormatter.PREVIEWS_SET_CSP;Z","L25202","L103","C:\GIT\pris2\SourceMeter\Guille\jenkins-jenkins-2.328\core\src\main\java\hudson\markup\MarkupFormatter.java","81","5","81","150","0","0","0","0","0","0","0","0","0","0","0","0","0","0","0","0","0","0","0","0","0","0","0","0"
"L25279","j","hudson.markup.MarkupFormatterTest.j;LJenkinsRule;","L25276","L103","C:\GIT\pris2\SourceMeter\Guille\jenkins-jenkins-2.328\test\src\test\java\hudson\markup\MarkupFormatterTest.java","54","5","55","46","0","0","0","0","0","0","0","0","0","0","0","0","0","0","0","0","0","0","0","0","0","0","0","0"
"L25327","pos","hudson.MarkupText$Tag.pos;I","L25315","L103","C:\GIT\pris2\SourceMeter\Guille\jenkins-jenkins-2.328\core\src\main\java\hudson\MarkupText.java","59","9","59","31","0","0","0","0","0","0","0","0","0","0","0","0","0","0","0","0","0","0","0","0","0","0","0","0"
"L25329","markup","hudson.MarkupText$Tag.markup;Ljava/lang/String;","L25315","L103","C:\GIT\pris2\SourceMeter\Guille\jenkins-jenkins-2.328\core\src\main\java\hudson\MarkupText.java","60","9","60","37","0","0","0","0","0","0","0","0","0","0","0","0","0","0","0","0","0","0","0","0","0","0","0","0"
"L25338","start","hudson.MarkupText$SubText.start;I","L17272","L103","C:\GIT\pris2\SourceMeter\Guille\jenkins-jenkins-2.328\core\src\main\java\hudson\MarkupText.java","78","9","78","33","0","0","0","0","0","0","0","0","0","0","0","0","0","0","0","0","0","0","0","0","0","0","0","0"
"L25339","end","hudson.MarkupText$SubText.end;I","L17272","L103","C:\GIT\pris2\SourceMeter\Guille\jenkins-jenkins-2.328\core\src\main\java\hudson\MarkupText.java","78","9","78","38","0","0","0","0","0","0","0","0","0","0","0","0","0","0","0","0","0","0","0","0","0","0","0","0"
"L25340","groups","hudson.MarkupText$SubText.groups;[I","L17272","L103","C:\GIT\pris2\SourceMeter\Guille\jenkins-jenkins-2.328\core\src\main\java\hudson\MarkupText.java","79","9","79","36","0","0","0","0","0","0","0","0","0","0","0","0","0","0","0","0","0","0","0","0","0","0","0","0"
"L25728","upstreamCulprits","hudson.model.AbstractBuild.upstreamCulprits;Z","L1649","L103","C:\GIT\pris2\SourceMeter\Guille\jenkins-jenkins-2.328\core\src\main\java\hudson\model\AbstractBuild.java","111","5","111","108","0","0","0","0","0","0","0","0","0","0","0","0","0","0","0","0","0","0","0","0","0","0","0","0"
"L25730","builtOn","hudson.model.AbstractBuild.builtOn;Ljava/lang/String;","L1649","L103","C:\GIT\pris2\SourceMeter\Guille\jenkins-jenkins-2.328\core\src\main\java\hudson\model\AbstractBuild.java","117","5","117","28","0","0","0","0","0","0","0","0","0","0","0","0","0","0","0","0","0","0","0","0","0","0","0","0"
"L25732","workspace","hudson.model.AbstractBuild.workspace;Ljava/lang/String;","L1649","L103","C:\GIT\pris2\SourceMeter\Guille\jenkins-jenkins-2.328\core\src\main\java\hudson\model\AbstractBuild.java","123","5","123","30","0","0","0","0","0","0","0","0","0","0","0","0","0","0","0","0","0","0","0","0","0","0","0","0"
"L25734","hudsonVersion","hudson.model.AbstractBuild.hudsonVersion;Ljava/lang/String;","L1649","L103","C:\GIT\pris2\SourceMeter\Guille\jenkins-jenkins-2.328\core\src\main\java\hudson\model\AbstractBuild.java","128","5","128","34","0","0","0","0","0","0","0","0","0","0","0","0","0","0","0","0","0","0","0","0","0","0","0","0"
"L25736","scm","hudson.model.AbstractBuild.scm;Lhudson/scm/ChangeLogParser;","L1649","L103","C:\GIT\pris2\SourceMeter\Guille\jenkins-jenkins-2.328\core\src\main\java\hudson\model\AbstractBuild.java","133","5","133","33","0","0","0","0","0","0","0","0","0","0","0","0","0","0","0","0","0","0","0","0","0","0","0","0"
"L25741","changeSet","hudson.model.AbstractBuild.changeSet;Ljava/lang/ref/WeakReference;","L1649","L103","C:\GIT\pris2\SourceMeter\Guille\jenkins-jenkins-2.328\core\src\main\java\hudson\model\AbstractBuild.java","138","5","138","100","0","0","0","0","0","0","0","0","0","0","0","0","0","0","0","0","0","0","0","0","0","0","0","0"
"L25749","culprits","hudson.model.AbstractBuild.culprits;Ljava/util/Set;","L1649","L103","C:\GIT\pris2\SourceMeter\Guille\jenkins-jenkins-2.328\core\src\main\java\hudson\model\AbstractBuild.java","153","5","153","43","0","0","0","0","0","0","0","0","0","0","0","0","0","0","0","0","0","0","0","0","0","0","0","0"
"L25751","buildEnvironments","hudson.model.AbstractBuild.buildEnvironments;Ljava/util/List;","L1649","L103","C:\GIT\pris2\SourceMeter\Guille\jenkins-jenkins-2.328\core\src\main\java\hudson\model\AbstractBuild.java","159","5","159","61","0","0","0","0","0","0","0","0","0","0","0","0","0","0","0","0","0","0","0","0","0","0","0","0"
"L25759","runMixIn","hudson.model.AbstractBuild.runMixIn;Ljenkins/model/lazy/LazyBuildMixIn$RunMixIn;","L1649","L103","C:\GIT\pris2\SourceMeter\Guille\jenkins-jenkins-2.328\core\src\main\java\hudson\model\AbstractBuild.java","161","5","165","7","0","0","0","0","0","0","0","0","0","0","0","0","0","0","0","0","0","0","0","0","0","0","0","0"
"L26181","changeSetLock","hudson.model.AbstractBuild.changeSetLock;Ljava/lang/Object;","L1649","L103","C:\GIT\pris2\SourceMeter\Guille\jenkins-jenkins-2.328\core\src\main\java\hudson\model\AbstractBuild.java","891","5","891","59","0","0","0","0","0","0","0","0","0","0","0","0","0","0","0","0","0","0","0","0","0","0","0","0"
"L26125","LOGGER","hudson.model.AbstractBuild.LOGGER;Ljava/util/logging/Logger;","L1649","L103","C:\GIT\pris2\SourceMeter\Guille\jenkins-jenkins-2.328\core\src\main\java\hudson\model\AbstractBuild.java","1414","5","1414","90","0","0","0","0","0","0","0","0","0","0","0","0","0","0","0","0","0","0","0","0","0","0","0","0"
"L26443","LOG_STARTUP_PERFORMANCE","hudson.model.AbstractCIBase.LOG_STARTUP_PERFORMANCE;Z","L26433","L103","C:\GIT\pris2\SourceMeter\Guille\jenkins-jenkins-2.328\core\src\main\java\hudson\model\AbstractCIBase.java","51","5","52","145","0","0","0","0","0","0","0","0","0","0","0","0","0","0","0","0","0","0","0","0","0","0","0","0"
"L26444","LOGGER","hudson.model.AbstractCIBase.LOGGER;Ljava/util/logging/Logger;","L26433","L103","C:\GIT\pris2\SourceMeter\Guille\jenkins-jenkins-2.328\core\src\main\java\hudson\model\AbstractCIBase.java","54","5","54","91","0","0","0","0","0","0","0","0","0","0","0","0","0","0","0","0","0","0","0","0","0","0","0","0"
"L26467","disabledAdministrativeMonitors","hudson.model.AbstractCIBase.disabledAdministrativeMonitors;Ljava/util/Set;","L26433","L103","C:\GIT\pris2\SourceMeter\Guille\jenkins-jenkins-2.328\core\src\main\java\hudson\model\AbstractCIBase.java","98","5","98","80","0","0","0","0","0","0","0","0","0","0","0","0","0","0","0","0","0","0","0","0","0","0","0","0"
"L26582","LOGGER","hudson.model.AbstractItem.LOGGER;Ljava/util/logging/Logger;","L3152","L103","C:\GIT\pris2\SourceMeter\Guille\jenkins-jenkins-2.328\core\src\main\java\hudson\model\AbstractItem.java","115","5","115","89","0","0","0","0","0","0","0","0","0","0","0","0","0","0","0","0","0","0","0","0","0","0","0","0"
"L26583","name","hudson.model.AbstractItem.name;Ljava/lang/String;","L3152","L103","C:\GIT\pris2\SourceMeter\Guille\jenkins-jenkins-2.328\core\src\main\java\hudson\model\AbstractItem.java","120","5","120","47","0","0","0","0","0","0","0","0","0","0","0","0","0","0","0","0","0","0","0","0","0","0","0","0"
"L26585","description","hudson.model.AbstractItem.description;Ljava/lang/String;","L3152","L103","C:\GIT\pris2\SourceMeter\Guille\jenkins-jenkins-2.328\core\src\main\java\hudson\model\AbstractItem.java","125","5","125","43","0","0","0","0","0","0","0","0","0","0","0","0","0","0","0","0","0","0","0","0","0","0","0","0"
"L26587","parent","hudson.model.AbstractItem.parent;Lhudson/model/ItemGroup;","L3152","L103","C:\GIT\pris2\SourceMeter\Guille\jenkins-jenkins-2.328\core\src\main\java\hudson\model\AbstractItem.java","127","5","127","40","0","0","0","0","0","0","0","0","0","0","0","0","0","0","0","0","0","0","0","0","0","0","0","0"
"L26588","displayName","hudson.model.AbstractItem.displayName;Ljava/lang/String;","L3152","L103","C:\GIT\pris2\SourceMeter\Guille\jenkins-jenkins-2.328\core\src\main\java\hudson\model\AbstractItem.java","129","5","129","34","0","0","0","0","0","0","0","0","0","0","0","0","0","0","0","0","0","0","0","0","0","0","0","0"
"L26839","SECRET_PATTERN","hudson.model.AbstractItem.SECRET_PATTERN;Ljava/util/regex/Pattern;","L3152","L103","C:\GIT\pris2\SourceMeter\Guille\jenkins-jenkins-2.328\core\src\main\java\hudson\model\AbstractItem.java","840","5","840","105","0","0","0","0","0","0","0","0","0","0","0","0","0","0","0","0","0","0","0","0","0","0","0","0"
"L26895","SKIP_PERMISSION_CHECK","hudson.model.AbstractItem.SKIP_PERMISSION_CHECK;Z","L3152","L103","C:\GIT\pris2\SourceMeter\Guille\jenkins-jenkins-2.328\core\src\main\java\hudson\model\AbstractItem.java","976","5","978","166","0","0","0","0","0","0","0","0","0","0","0","0","0","0","0","0","0","0","0","0","0","0","0","0"
"L26601","PRONOUN","hudson.model.AbstractItem.PRONOUN;Lhudson/util/AlternativeUiTextProvider$Message;","L3152","L103","C:\GIT\pris2\SourceMeter\Guille\jenkins-jenkins-2.328\core\src\main\java\hudson\model\AbstractItem.java","999","5","999","73","0","0","0","0","0","0","0","0","0","0","0","0","0","0","0","0","0","0","0","0","0","0","0","0"
"L26605","TASK_NOUN","hudson.model.AbstractItem.TASK_NOUN;Lhudson/util/AlternativeUiTextProvider$Message;","L3152","L103","C:\GIT\pris2\SourceMeter\Guille\jenkins-jenkins-2.328\core\src\main\java\hudson\model\AbstractItem.java","1004","5","1004","75","0","0","0","0","0","0","0","0","0","0","0","0","0","0","0","0","0","0","0","0","0","0","0","0"
"L26981","scm","hudson.model.AbstractProject.scm;Lhudson/scm/SCM;","L1628","L103","C:\GIT\pris2\SourceMeter\Guille\jenkins-jenkins-2.328\core\src\main\java\hudson\model\AbstractProject.java","146","5","146","46","0","0","0","0","0","0","0","0","0","0","0","0","0","0","0","0","0","0","0","0","0","0","0","0"
"L26986","scmCheckoutStrategy","hudson.model.AbstractProject.scmCheckoutStrategy;Ljenkins/scm/SCMCheckoutStrategy;","L1628","L103","C:\GIT\pris2\SourceMeter\Guille\jenkins-jenkins-2.328\core\src\main\java\hudson\model\AbstractProject.java","151","5","151","62","0","0","0","0","0","0","0","0","0","0","0","0","0","0","0","0","0","0","0","0","0","0","0","0"
"L26991","pollingBaseline","hudson.model.AbstractProject.pollingBaseline;Lhudson/scm/SCMRevisionState;","L1628","L103","C:\GIT\pris2\SourceMeter\Guille\jenkins-jenkins-2.328\core\src\main\java\hudson\model\AbstractProject.java","156","5","156","72","0","0","0","0","0","0","0","0","0","0","0","0","0","0","0","0","0","0","0","0","0","0","0","0"
"L26993","buildMixIn","hudson.model.AbstractProject.buildMixIn;Ljenkins/model/lazy/LazyBuildMixIn;","L1628","L103","C:\GIT\pris2\SourceMeter\Guille\jenkins-jenkins-2.328\core\src\main\java\hudson\model\AbstractProject.java","158","5","158","55","0","0","0","0","0","0","0","0","0","0","0","0","0","0","0","0","0","0","0","0","0","0","0","0"
"L26997","builds","hudson.model.AbstractProject.builds;Lhudson/model/RunMap;","L1628","L103","C:\GIT\pris2\SourceMeter\Guille\jenkins-jenkins-2.328\core\src\main\java\hudson\model\AbstractProject.java","166","5","167","42","0","0","0","0","0","0","0","0","0","0","0","0","0","0","0","0","0","0","0","0","0","0","0","0"
"L27005","quietPeriod","hudson.model.AbstractProject.quietPeriod;Ljava/lang/Integer;","L1628","L103","C:\GIT\pris2\SourceMeter\Guille\jenkins-jenkins-2.328\core\src\main\java\hudson\model\AbstractProject.java","172","5","172","49","0","0","0","0","0","0","0","0","0","0","0","0","0","0","0","0","0","0","0","0","0","0","0","0"
"L27007","scmCheckoutRetryCount","hudson.model.AbstractProject.scmCheckoutRetryCount;Ljava/lang/Integer;","L1628","L103","C:\GIT\pris2\SourceMeter\Guille\jenkins-jenkins-2.328\core\src\main\java\hudson\model\AbstractProject.java","177","5","177","59","0","0","0","0","0","0","0","0","0","0","0","0","0","0","0","0","0","0","0","0","0","0","0","0"
"L27009","assignedNode","hudson.model.AbstractProject.assignedNode;Ljava/lang/String;","L1628","L103","C:\GIT\pris2\SourceMeter\Guille\jenkins-jenkins-2.328\core\src\main\java\hudson\model\AbstractProject.java","189","5","189","33","0","0","0","0","0","0","0","0","0","0","0","0","0","0","0","0","0","0","0","0","0","0","0","0"
"L27011","canRoam","hudson.model.AbstractProject.canRoam;Z","L1628","L103","C:\GIT\pris2\SourceMeter\Guille\jenkins-jenkins-2.328\core\src\main\java\hudson\model\AbstractProject.java","198","5","198","38","0","0","0","0","0","0","0","0","0","0","0","0","0","0","0","0","0","0","0","0","0","0","0","0"
"L27013","disabled","hudson.model.AbstractProject.disabled;Z","L1628","L103","C:\GIT\pris2\SourceMeter\Guille\jenkins-jenkins-2.328\core\src\main\java\hudson\model\AbstractProject.java","203","5","203","41","0","0","0","0","0","0","0","0","0","0","0","0","0","0","0","0","0","0","0","0","0","0","0","0"
"L27015","blockBuildWhenDownstreamBuilding","hudson.model.AbstractProject.blockBuildWhenDownstreamBuilding;Z","L1628","L103","C:\GIT\pris2\SourceMeter\Guille\jenkins-jenkins-2.328\core\src\main\java\hudson\model\AbstractProject.java","209","5","209","73","0","0","0","0","0","0","0","0","0","0","0","0","0","0","0","0","0","0","0","0","0","0","0","0"
"L27017","blockBuildWhenUpstreamBuilding","hudson.model.AbstractProject.blockBuildWhenUpstreamBuilding;Z","L1628","L103","C:\GIT\pris2\SourceMeter\Guille\jenkins-jenkins-2.328\core\src\main\java\hudson\model\AbstractProject.java","215","5","215","71","0","0","0","0","0","0","0","0","0","0","0","0","0","0","0","0","0","0","0","0","0","0","0","0"
"L27019","jdk","hudson.model.AbstractProject.jdk;Ljava/lang/String;","L1628","L103","C:\GIT\pris2\SourceMeter\Guille\jenkins-jenkins-2.328\core\src\main\java\hudson\model\AbstractProject.java","227","5","227","33","0","0","0","0","0","0","0","0","0","0","0","0","0","0","0","0","0","0","0","0","0","0","0","0"
"L27021","authToken","hudson.model.AbstractProject.authToken;Lhudson/model/BuildAuthorizationToken;","L1628","L103","C:\GIT\pris2\SourceMeter\Guille\jenkins-jenkins-2.328\core\src\main\java\hudson\model\AbstractProject.java","229","5","229","63","0","0","0","0","0","0","0","0","0","0","0","0","0","0","0","0","0","0","0","0","0","0","0","0"
"L27025","triggers","hudson.model.AbstractProject.triggers;Lhudson/util/DescribableList;","L1628","L103","C:\GIT\pris2\SourceMeter\Guille\jenkins-jenkins-2.328\core\src\main\java\hudson\model\AbstractProject.java","234","5","234","110","0","0","0","0","0","0","0","0","0","0","0","0","0","0","0","0","0","0","0","0","0","0","0","0"
"L27039","triggersUpdater","hudson.model.AbstractProject.triggersUpdater;Ljava/util/concurrent/atomic/AtomicReferenceFieldUpdater;","L1628","L103","C:\GIT\pris2\SourceMeter\Guille\jenkins-jenkins-2.328\core\src\main\java\hudson\model\AbstractProject.java","235","5","236","112","0","0","0","0","0","0","0","0","0","0","0","0","0","0","0","0","0","0","0","0","0","0","0","0"
"L27048","transientActions","hudson.model.AbstractProject.transientActions;Ljava/util/List;","L1628","L103","C:\GIT\pris2\SourceMeter\Guille\jenkins-jenkins-2.328\core\src\main\java\hudson\model\AbstractProject.java","245","5","246","81","0","0","0","0","0","0","0","0","0","0","0","0","0","0","0","0","0","0","0","0","0","0","0","0"
"L27053","concurrentBuild","hudson.model.AbstractProject.concurrentBuild;Z","L1628","L103","C:\GIT\pris2\SourceMeter\Guille\jenkins-jenkins-2.328\core\src\main\java\hudson\model\AbstractProject.java","248","5","248","37","0","0","0","0","0","0","0","0","0","0","0","0","0","0","0","0","0","0","0","0","0","0","0","0"
"L27054","customWorkspace","hudson.model.AbstractProject.customWorkspace;Ljava/lang/String;","L1628","L103","C:\GIT\pris2\SourceMeter\Guille\jenkins-jenkins-2.328\core\src\main\java\hudson\model\AbstractProject.java","255","5","255","36","0","0","0","0","0","0","0","0","0","0","0","0","0","0","0","0","0","0","0","0","0","0","0","0"
"L27712","REVERSE_INTEGER_COMPARATOR","hudson.model.AbstractProject.REVERSE_INTEGER_COMPARATOR;Ljava/util/Comparator;","L1628","L103","C:\GIT\pris2\SourceMeter\Guille\jenkins-jenkins-2.328\core\src\main\java\hudson\model\AbstractProject.java","1987","5","1987","101","0","0","0","0","0","0","0","0","0","0","0","0","0","0","0","0","0","0","0","0","0","0","0","0"
"L27101","LOGGER","hudson.model.AbstractProject.LOGGER;Ljava/util/logging/Logger;","L1628","L103","C:\GIT\pris2\SourceMeter\Guille\jenkins-jenkins-2.328\core\src\main\java\hudson\model\AbstractProject.java","1989","5","1989","92","0","0","0","0","0","0","0","0","0","0","0","0","0","0","0","0","0","0","0","0","0","0","0","0"
"L27888","ABORT","hudson.model.AbstractProject.ABORT;Lhudson/security/Permission;","L1628","L103","C:\GIT\pris2\SourceMeter\Guille\jenkins-jenkins-2.328\core\src\main\java\hudson\model\AbstractProject.java","1994","5","1995","51","0","0","0","0","0","0","0","0","0","0","0","0","0","0","0","0","0","0","0","0","0","0","0","0"
"L16691","BUILD_NOW_TEXT","hudson.model.AbstractProject.BUILD_NOW_TEXT;Lhudson/util/AlternativeUiTextProvider$Message;","L1628","L103","C:\GIT\pris2\SourceMeter\Guille\jenkins-jenkins-2.328\core\src\main\java\hudson\model\AbstractProject.java","2000","5","2001","83","0","0","0","0","0","0","0","0","0","0","0","0","0","0","0","0","0","0","0","0","0","0","0","0"
"L27927","actions","hudson.model.Actionable.actions;Ljava/util/concurrent/CopyOnWriteArrayList;","L26579","L103","C:\GIT\pris2\SourceMeter\Guille\jenkins-jenkins-2.328\core\src\main\java\hudson\model\Actionable.java","56","5","56","59","0","0","0","0","0","0","0","0","0","0","0","0","0","0","0","0","0","0","0","0","0","0","0","0"
"L27961","LOGGER","hudson.model.Actionable.LOGGER;Ljava/util/logging/Logger;","L26579","L103","C:\GIT\pris2\SourceMeter\Guille\jenkins-jenkins-2.328\core\src\main\java\hudson\model\Actionable.java","355","5","355","87","0","0","0","0","0","0","0","0","0","0","0","0","0","0","0","0","0","0","0","0","0","0","0","0"
"L19273","id","hudson.model.AdministrativeMonitor.id;Ljava/lang/String;","L6117","L103","C:\GIT\pris2\SourceMeter\Guille\jenkins-jenkins-2.328\core\src\main\java\hudson\model\AdministrativeMonitor.java","98","5","98","28","0","0","0","0","0","0","0","0","0","0","0","0","0","0","0","0","0","0","0","0","0","0","0","0"
"L4908","DEFAULT_VIEW_NAME","hudson.model.AllView.DEFAULT_VIEW_NAME;Ljava/lang/String;","L4507","L103","C:\GIT\pris2\SourceMeter\Guille\jenkins-jenkins-2.328\core\src\main\java\hudson\model\AllView.java","60","5","60","58","0","0","0","0","0","0","0","0","0","0","0","0","0","0","0","0","0","0","0","0","0","0","0","0"
"L28053","LOGGER","hudson.model.AllView.LOGGER;Ljava/util/logging/Logger;","L4507","L103","C:\GIT\pris2\SourceMeter\Guille\jenkins-jenkins-2.328\core\src\main\java\hudson\model\AllView.java","65","5","65","84","0","0","0","0","0","0","0","0","0","0","0","0","0","0","0","0","0","0","0","0","0","0","0","0"
"L28106","logger","hudson.model.AperiodicWork.logger;Ljava/util/logging/Logger;","L28103","L103","C:\GIT\pris2\SourceMeter\Guille\jenkins-jenkins-2.328\core\src\main\java\hudson\model\AperiodicWork.java","56","5","56","76","0","0","0","0","0","0","0","0","0","0","0","0","0","0","0","0","0","0","0","0","0","0","0","0"
"L28117","RANDOM","hudson.model.AperiodicWork.RANDOM;Ljava/util/Random;","L28103","L103","C:\GIT\pris2\SourceMeter\Guille\jenkins-jenkins-2.328\core\src\main\java\hudson\model\AperiodicWork.java","119","5","119","55","0","0","0","0","0","0","0","0","0","0","0","0","0","0","0","0","0","0","0","0","0","0","0","0"
"L28154","bean","hudson.model.Api.bean;Ljava/lang/Object;","L26727","L103","C:\GIT\pris2\SourceMeter\Guille\jenkins-jenkins-2.328\core\src\main\java\hudson\model\Api.java","80","5","80","30","0","0","0","0","0","0","0","0","0","0","0","0","0","0","0","0","0","0","0","0","0","0","0","0"
"L28177","LOGGER","hudson.model.Api.LOGGER;Ljava/util/logging/Logger;","L26727","L103","C:\GIT\pris2\SourceMeter\Guille\jenkins-jenkins-2.328\core\src\main\java\hudson\model\Api.java","263","5","263","80","0","0","0","0","0","0","0","0","0","0","0","0","0","0","0","0","0","0","0","0","0","0","0","0"
"L28170","MODEL_BUILDER","hudson.model.Api.MODEL_BUILDER;LModelBuilder;","L26727","L103","C:\GIT\pris2\SourceMeter\Guille\jenkins-jenkins-2.328\core\src\main\java\hudson\model\Api.java","264","5","264","74","0","0","0","0","0","0","0","0","0","0","0","0","0","0","0","0","0","0","0","0","0","0","0","0"
"L28209","LOG_ROTATE_MINUTES","hudson.model.AsyncAperiodicWork.LOG_ROTATE_MINUTES;J","L28207","L103","C:\GIT\pris2\SourceMeter\Guille\jenkins-jenkins-2.328\core\src\main\java\hudson\model\AsyncAperiodicWork.java","55","5","56","62","0","0","0","0","0","0","0","0","0","0","0","0","0","0","0","0","0","0","0","0","0","0","0","0"
"L28215","LOG_ROTATE_SIZE","hudson.model.AsyncAperiodicWork.LOG_ROTATE_SIZE;J","L28207","L103","C:\GIT\pris2\SourceMeter\Guille\jenkins-jenkins-2.328\core\src\main\java\hudson\model\AsyncAperiodicWork.java","66","5","67","18","0","0","0","0","0","0","0","0","0","0","0","0","0","0","0","0","0","0","0","0","0","0","0","0"
"L28217","logRotateMillis","hudson.model.AsyncAperiodicWork.logRotateMillis;J","L28207","L103","C:\GIT\pris2\SourceMeter\Guille\jenkins-jenkins-2.328\core\src\main\java\hudson\model\AsyncAperiodicWork.java","73","5","73","40","0","0","0","0","0","0","0","0","0","0","0","0","0","0","0","0","0","0","0","0","0","0","0","0"
"L28219","logRotateSize","hudson.model.AsyncAperiodicWork.logRotateSize;J","L28207","L103","C:\GIT\pris2\SourceMeter\Guille\jenkins-jenkins-2.328\core\src\main\java\hudson\model\AsyncAperiodicWork.java","80","5","80","38","0","0","0","0","0","0","0","0","0","0","0","0","0","0","0","0","0","0","0","0","0","0","0","0"
"L28221","lastRotateMillis","hudson.model.AsyncAperiodicWork.lastRotateMillis;J","L28207","L103","C:\GIT\pris2\SourceMeter\Guille\jenkins-jenkins-2.328\core\src\main\java\hudson\model\AsyncAperiodicWork.java","87","5","87","52","0","0","0","0","0","0","0","0","0","0","0","0","0","0","0","0","0","0","0","0","0","0","0","0"
"L28223","name","hudson.model.AsyncAperiodicWork.name;Ljava/lang/String;","L28207","L103","C:\GIT\pris2\SourceMeter\Guille\jenkins-jenkins-2.328\core\src\main\java\hudson\model\AsyncAperiodicWork.java","91","5","91","30","0","0","0","0","0","0","0","0","0","0","0","0","0","0","0","0","0","0","0","0","0","0","0","0"
"L28225","thread","hudson.model.AsyncAperiodicWork.thread;Ljava/lang/Thread;","L28207","L103","C:\GIT\pris2\SourceMeter\Guille\jenkins-jenkins-2.328\core\src\main\java\hudson\model\AsyncAperiodicWork.java","93","5","93","27","0","0","0","0","0","0","0","0","0","0","0","0","0","0","0","0","0","0","0","0","0","0","0","0"
"L28273","LOG_ROTATE_MINUTES","hudson.model.AsyncPeriodicWork.LOG_ROTATE_MINUTES;J","L28246","L103","C:\GIT\pris2\SourceMeter\Guille\jenkins-jenkins-2.328\core\src\main\java\hudson\model\AsyncPeriodicWork.java","37","5","38","41","0","0","0","0","0","0","0","0","0","0","0","0","0","0","0","0","0","0","0","0","0","0","0","0"
"L28275","LOG_ROTATE_SIZE","hudson.model.AsyncPeriodicWork.LOG_ROTATE_SIZE;J","L28246","L103","C:\GIT\pris2\SourceMeter\Guille\jenkins-jenkins-2.328\core\src\main\java\hudson\model\AsyncPeriodicWork.java","48","5","48","133","0","0","0","0","0","0","0","0","0","0","0","0","0","0","0","0","0","0","0","0","0","0","0","0"
"L28277","logRotateMillis","hudson.model.AsyncPeriodicWork.logRotateMillis;J","L28246","L103","C:\GIT\pris2\SourceMeter\Guille\jenkins-jenkins-2.328\core\src\main\java\hudson\model\AsyncPeriodicWork.java","54","5","54","40","0","0","0","0","0","0","0","0","0","0","0","0","0","0","0","0","0","0","0","0","0","0","0","0"
"L28279","logRotateSize","hudson.model.AsyncPeriodicWork.logRotateSize;J","L28246","L103","C:\GIT\pris2\SourceMeter\Guille\jenkins-jenkins-2.328\core\src\main\java\hudson\model\AsyncPeriodicWork.java","61","5","61","38","0","0","0","0","0","0","0","0","0","0","0","0","0","0","0","0","0","0","0","0","0","0","0","0"
"L28281","lastRotateMillis","hudson.model.AsyncPeriodicWork.lastRotateMillis;J","L28246","L103","C:\GIT\pris2\SourceMeter\Guille\jenkins-jenkins-2.328\core\src\main\java\hudson\model\AsyncPeriodicWork.java","68","5","68","52","0","0","0","0","0","0","0","0","0","0","0","0","0","0","0","0","0","0","0","0","0","0","0","0"
"L28283","name","hudson.model.AsyncPeriodicWork.name;Ljava/lang/String;","L28246","L103","C:\GIT\pris2\SourceMeter\Guille\jenkins-jenkins-2.328\core\src\main\java\hudson\model\AsyncPeriodicWork.java","72","5","72","30","0","0","0","0","0","0","0","0","0","0","0","0","0","0","0","0","0","0","0","0","0","0","0","0"
"L28285","thread","hudson.model.AsyncPeriodicWork.thread;Ljava/lang/Thread;","L28246","L103","C:\GIT\pris2\SourceMeter\Guille\jenkins-jenkins-2.328\core\src\main\java\hudson\model\AsyncPeriodicWork.java","74","5","74","27","0","0","0","0","0","0","0","0","0","0","0","0","0","0","0","0","0","0","0","0","0","0","0","0"
"L28343","values","hudson.model.AutoCompletionCandidates.values;Ljava/util/List;","L24646","L103","C:\GIT\pris2\SourceMeter\Guille\jenkins-jenkins-2.328\core\src\main\java\hudson\model\AutoCompletionCandidates.java","51","5","51","59","0","0","0","0","0","0","0","0","0","0","0","0","0","0","0","0","0","0","0","0","0","0","0","0"
"L28416","RED","hudson.model.BallColor.RED;Lhudson/model/BallColor;","L27242","L103","C:\GIT\pris2\SourceMeter\Guille\jenkins-jenkins-2.328\core\src\main\java\hudson\model\BallColor.java","57","5","57","63","0","0","0","0","0","0","0","0","0","0","0","0","0","0","0","0","0","0","0","0","0","0","0","0"
"L28417","RED_ANIME","hudson.model.BallColor.RED_ANIME;Lhudson/model/BallColor;","L27242","L103","C:\GIT\pris2\SourceMeter\Guille\jenkins-jenkins-2.328\core\src\main\java\hudson\model\BallColor.java","58","5","58","79","0","0","0","0","0","0","0","0","0","0","0","0","0","0","0","0","0","0","0","0","0","0","0","0"
"L28418","YELLOW","hudson.model.BallColor.YELLOW;Lhudson/model/BallColor;","L27242","L103","C:\GIT\pris2\SourceMeter\Guille\jenkins-jenkins-2.328\core\src\main\java\hudson\model\BallColor.java","59","5","59","74","0","0","0","0","0","0","0","0","0","0","0","0","0","0","0","0","0","0","0","0","0","0","0","0"
"L28420","YELLOW_ANIME","hudson.model.BallColor.YELLOW_ANIME;Lhudson/model/BallColor;","L27242","L103","C:\GIT\pris2\SourceMeter\Guille\jenkins-jenkins-2.328\core\src\main\java\hudson\model\BallColor.java","60","5","60","88","0","0","0","0","0","0","0","0","0","0","0","0","0","0","0","0","0","0","0","0","0","0","0","0"
"L28421","BLUE","hudson.model.BallColor.BLUE;Lhudson/model/BallColor;","L27242","L103","C:\GIT\pris2\SourceMeter\Guille\jenkins-jenkins-2.328\core\src\main\java\hudson\model\BallColor.java","61","5","61","67","0","0","0","0","0","0","0","0","0","0","0","0","0","0","0","0","0","0","0","0","0","0","0","0"
"L28422","BLUE_ANIME","hudson.model.BallColor.BLUE_ANIME;Lhudson/model/BallColor;","L27242","L103","C:\GIT\pris2\SourceMeter\Guille\jenkins-jenkins-2.328\core\src\main\java\hudson\model\BallColor.java","62","5","62","82","0","0","0","0","0","0","0","0","0","0","0","0","0","0","0","0","0","0","0","0","0","0","0","0"
"L28423","GREY","hudson.model.BallColor.GREY;Lhudson/model/BallColor;","L27242","L103","C:\GIT\pris2\SourceMeter\Guille\jenkins-jenkins-2.328\core\src\main\java\hudson\model\BallColor.java","64","5","64","68","0","0","0","0","0","0","0","0","0","0","0","0","0","0","0","0","0","0","0","0","0","0","0","0"
"L28426","GREY_ANIME","hudson.model.BallColor.GREY_ANIME;Lhudson/model/BallColor;","L27242","L103","C:\GIT\pris2\SourceMeter\Guille\jenkins-jenkins-2.328\core\src\main\java\hudson\model\BallColor.java","65","5","65","82","0","0","0","0","0","0","0","0","0","0","0","0","0","0","0","0","0","0","0","0","0","0","0","0"
"L27247","DISABLED","hudson.model.BallColor.DISABLED;Lhudson/model/BallColor;","L27242","L103","C:\GIT\pris2\SourceMeter\Guille\jenkins-jenkins-2.328\core\src\main\java\hudson\model\BallColor.java","67","5","67","76","0","0","0","0","0","0","0","0","0","0","0","0","0","0","0","0","0","0","0","0","0","0","0","0"
"L27245","DISABLED_ANIME","hudson.model.BallColor.DISABLED_ANIME;Lhudson/model/BallColor;","L27242","L103","C:\GIT\pris2\SourceMeter\Guille\jenkins-jenkins-2.328\core\src\main\java\hudson\model\BallColor.java","68","5","68","90","0","0","0","0","0","0","0","0","0","0","0","0","0","0","0","0","0","0","0","0","0","0","0","0"
"L28427","ABORTED","hudson.model.BallColor.ABORTED;Lhudson/model/BallColor;","L27242","L103","C:\GIT\pris2\SourceMeter\Guille\jenkins-jenkins-2.328\core\src\main\java\hudson\model\BallColor.java","69","5","69","78","0","0","0","0","0","0","0","0","0","0","0","0","0","0","0","0","0","0","0","0","0","0","0","0"
"L28429","ABORTED_ANIME","hudson.model.BallColor.ABORTED_ANIME;Lhudson/model/BallColor;","L27242","L103","C:\GIT\pris2\SourceMeter\Guille\jenkins-jenkins-2.328\core\src\main\java\hudson\model\BallColor.java","70","5","70","93","0","0","0","0","0","0","0","0","0","0","0","0","0","0","0","0","0","0","0","0","0","0","0","0"
"L28430","NOTBUILT","hudson.model.BallColor.NOTBUILT;Lhudson/model/BallColor;","L27242","L103","C:\GIT\pris2\SourceMeter\Guille\jenkins-jenkins-2.328\core\src\main\java\hudson\model\BallColor.java","71","5","71","81","0","0","0","0","0","0","0","0","0","0","0","0","0","0","0","0","0","0","0","0","0","0","0","0"
"L28432","NOTBUILT_ANIME","hudson.model.BallColor.NOTBUILT_ANIME;Lhudson/model/BallColor;","L27242","L103","C:\GIT\pris2\SourceMeter\Guille\jenkins-jenkins-2.328\core\src\main\java\hudson\model\BallColor.java","72","5","72","95","0","0","0","0","0","0","0","0","0","0","0","0","0","0","0","0","0","0","0","0","0","0","0","0"
"L28433","description","hudson.model.BallColor.description;LLocalizable;","L27242","L103","C:\GIT\pris2\SourceMeter\Guille\jenkins-jenkins-2.328\core\src\main\java\hudson\model\BallColor.java","75","5","75","43","0","0","0","0","0","0","0","0","0","0","0","0","0","0","0","0","0","0","0","0","0","0","0","0"
"L28434","iconName","hudson.model.BallColor.iconName;Ljava/lang/String;","L27242","L103","C:\GIT\pris2\SourceMeter\Guille\jenkins-jenkins-2.328\core\src\main\java\hudson\model\BallColor.java","76","5","76","35","0","0","0","0","0","0","0","0","0","0","0","0","0","0","0","0","0","0","0","0","0","0","0","0"
"L28435","iconClassName","hudson.model.BallColor.iconClassName;Ljava/lang/String;","L27242","L103","C:\GIT\pris2\SourceMeter\Guille\jenkins-jenkins-2.328\core\src\main\java\hudson\model\BallColor.java","77","5","77","40","0","0","0","0","0","0","0","0","0","0","0","0","0","0","0","0","0","0","0","0","0","0","0","0"
"L28436","image","hudson.model.BallColor.image;Ljava/lang/String;","L27242","L103","C:\GIT\pris2\SourceMeter\Guille\jenkins-jenkins-2.328\core\src\main\java\hudson\model\BallColor.java","78","5","78","32","0","0","0","0","0","0","0","0","0","0","0","0","0","0","0","0","0","0","0","0","0","0","0","0"
"L28437","baseColor","hudson.model.BallColor.baseColor;Ljava/awt/Color;","L27242","L103","C:\GIT\pris2\SourceMeter\Guille\jenkins-jenkins-2.328\core\src\main\java\hudson\model\BallColor.java","79","5","79","35","0","0","0","0","0","0","0","0","0","0","0","0","0","0","0","0","0","0","0","0","0","0","0","0"
"L28483","defaultValue","hudson.model.BooleanParameterDefinition.defaultValue;Z","L28481","L103","C:\GIT\pris2\SourceMeter\Guille\jenkins-jenkins-2.328\core\src\main\java\hudson\model\BooleanParameterDefinition.java","44","5","44","34","0","0","0","0","0","0","0","0","0","0","0","0","0","0","0","0","0","0","0","0","0","0","0","0"
"L28506","value","hudson.model.BooleanParameterValue.value;Z","L28500","L103","C:\GIT\pris2\SourceMeter\Guille\jenkins-jenkins-2.328\core\src\main\java\hudson\model\BooleanParameterValue.java","37","5","38","32","0","0","0","0","0","0","0","0","0","0","0","0","0","0","0","0","0","0","0","0","0","0","0","0"
"L28646","LOGGER","hudson.model.Build.LOGGER;Ljava/util/logging/Logger;","L28568","L103","C:\GIT\pris2\SourceMeter\Guille\jenkins-jenkins-2.328\core\src\main\java\hudson\model\Build.java","214","5","214","82","0","0","0","0","0","0","0","0","0","0","0","0","0","0","0","0","0","0","0","0","0","0","0","0"
"L28679","token","hudson.model.BuildAuthorizationToken.token;Ljava/lang/String;","L27022","L103","C:\GIT\pris2\SourceMeter\Guille\jenkins-jenkins-2.328\core\src\main\java\hudson\model\BuildAuthorizationToken.java","50","5","50","32","0","0","0","0","0","0","0","0","0","0","0","0","0","0","0","0","0","0","0","0","0","0","0","0"
"L28738","builds","hudson.model.BuildTimelineWidget.builds;Lhudson/util/RunList;","L28736","L103","C:\GIT\pris2\SourceMeter\Guille\jenkins-jenkins-2.328\core\src\main\java\hudson\model\BuildTimelineWidget.java","46","5","46","39","0","0","0","0","0","0","0","0","0","0","0","0","0","0","0","0","0","0","0","0","0","0","0","0"
"L28957","cause","hudson.model.CauseAction.cause;Lhudson/model/Cause;","L1835","L103","C:\GIT\pris2\SourceMeter\Guille\jenkins-jenkins-2.328\core\src\main\java\hudson\model\CauseAction.java","48","5","50","35","0","0","0","0","0","0","0","0","0","0","0","0","0","0","0","0","0","0","0","0","0","0","0","0"
"L28959","causes","hudson.model.CauseAction.causes;Ljava/util/List;","L1835","L103","C:\GIT\pris2\SourceMeter\Guille\jenkins-jenkins-2.328\core\src\main\java\hudson\model\CauseAction.java","53","5","54","42","0","0","0","0","0","0","0","0","0","0","0","0","0","0","0","0","0","0","0","0","0","0","0","0"
"L28961","causeBag","hudson.model.CauseAction.causeBag;Ljava/util/Map;","L1835","L103","C:\GIT\pris2\SourceMeter\Guille\jenkins-jenkins-2.328\core\src\main\java\hudson\model\CauseAction.java","56","5","56","66","0","0","0","0","0","0","0","0","0","0","0","0","0","0","0","0","0","0","0","0","0","0","0","0"
"L29034","identity","hudson.model.CheckPoint.identity;Ljava/lang/Object;","L29032","L103","C:\GIT\pris2\SourceMeter\Guille\jenkins-jenkins-2.328\core\src\main\java\hudson\model\CheckPoint.java","68","5","68","35","0","0","0","0","0","0","0","0","0","0","0","0","0","0","0","0","0","0","0","0","0","0","0","0"
"L29035","internalName","hudson.model.CheckPoint.internalName;Ljava/lang/String;","L29032","L103","C:\GIT\pris2\SourceMeter\Guille\jenkins-jenkins-2.328\core\src\main\java\hudson\model\CheckPoint.java","69","5","69","39","0","0","0","0","0","0","0","0","0","0","0","0","0","0","0","0","0","0","0","0","0","0","0","0"
"L26084","CULPRITS_DETERMINED","hudson.model.CheckPoint.CULPRITS_DETERMINED;Lhudson/model/CheckPoint;","L29032","L103","C:\GIT\pris2\SourceMeter\Guille\jenkins-jenkins-2.328\core\src\main\java\hudson\model\CheckPoint.java","164","5","164","96","0","0","0","0","0","0","0","0","0","0","0","0","0","0","0","0","0","0","0","0","0","0","0","0"
"L29064","COMPLETED","hudson.model.CheckPoint.COMPLETED;Lhudson/model/CheckPoint;","L29032","L103","C:\GIT\pris2\SourceMeter\Guille\jenkins-jenkins-2.328\core\src\main\java\hudson\model\CheckPoint.java","169","5","169","76","0","0","0","0","0","0","0","0","0","0","0","0","0","0","0","0","0","0","0","0","0","0","0","0"
"L29066","MAIN_COMPLETED","hudson.model.CheckPoint.MAIN_COMPLETED;Lhudson/model/CheckPoint;","L29032","L103","C:\GIT\pris2\SourceMeter\Guille\jenkins-jenkins-2.328\core\src\main\java\hudson\model\CheckPoint.java","175","5","175","86","0","0","0","0","0","0","0","0","0","0","0","0","0","0","0","0","0","0","0","0","0","0","0","0"
"L29070","CHOICES_DELIMITER","hudson.model.ChoiceParameterDefinition.CHOICES_DELIMITER;Ljava/lang/String;","L29068","L103","C:\GIT\pris2\SourceMeter\Guille\jenkins-jenkins-2.328\core\src\main\java\hudson\model\ChoiceParameterDefinition.java","31","5","31","62","0","0","0","0","0","0","0","0","0","0","0","0","0","0","0","0","0","0","0","0","0","0","0","0"
"L29071","CHOICES_DELIMETER","hudson.model.ChoiceParameterDefinition.CHOICES_DELIMETER;Ljava/lang/String;","L29068","L103","C:\GIT\pris2\SourceMeter\Guille\jenkins-jenkins-2.328\core\src\main\java\hudson\model\ChoiceParameterDefinition.java","33","5","34","70","0","0","0","0","0","0","0","0","0","0","0","0","0","0","0","0","0","0","0","0","0","0","0","0"
"L29073","choices","hudson.model.ChoiceParameterDefinition.choices;Ljava/util/List;","L29068","L103","C:\GIT\pris2\SourceMeter\Guille\jenkins-jenkins-2.328\core\src\main\java\hudson\model\ChoiceParameterDefinition.java","37","5","37","52","0","0","0","0","0","0","0","0","0","0","0","0","0","0","0","0","0","0","0","0","0","0","0","0"
"L29074","defaultValue","hudson.model.ChoiceParameterDefinition.defaultValue;Ljava/lang/String;","L29068","L103","C:\GIT\pris2\SourceMeter\Guille\jenkins-jenkins-2.328\core\src\main\java\hudson\model\ChoiceParameterDefinition.java","38","5","38","39","0","0","0","0","0","0","0","0","0","0","0","0","0","0","0","0","0","0","0","0","0","0","0","0"
"L29155","executors","hudson.model.Computer.executors;Ljava/util/concurrent/CopyOnWriteArrayList;","L2661","L103","C:\GIT\pris2\SourceMeter\Guille\jenkins-jenkins-2.328\core\src\main\java\hudson\model\Computer.java","163","5","163","91","0","0","0","0","0","0","0","0","0","0","0","0","0","0","0","0","0","0","0","0","0","0","0","0"
"L29159","oneOffExecutors","hudson.model.Computer.oneOffExecutors;Ljava/util/concurrent/CopyOnWriteArrayList;","L2661","L103","C:\GIT\pris2\SourceMeter\Guille\jenkins-jenkins-2.328\core\src\main\java\hudson\model\Computer.java","165","5","165","103","0","0","0","0","0","0","0","0","0","0","0","0","0","0","0","0","0","0","0","0","0","0","0","0"
"L29167","numExecutors","hudson.model.Computer.numExecutors;I","L2661","L103","C:\GIT\pris2\SourceMeter\Guille\jenkins-jenkins-2.328\core\src\main\java\hudson\model\Computer.java","167","5","167","30","0","0","0","0","0","0","0","0","0","0","0","0","0","0","0","0","0","0","0","0","0","0","0","0"
"L29168","offlineCause","hudson.model.Computer.offlineCause;Lhudson/slaves/OfflineCause;","L2661","L103","C:\GIT\pris2\SourceMeter\Guille\jenkins-jenkins-2.328\core\src\main\java\hudson\model\Computer.java","172","5","172","50","0","0","0","0","0","0","0","0","0","0","0","0","0","0","0","0","0","0","0","0","0","0","0","0"
"L29170","connectTime","hudson.model.Computer.connectTime;J","L2661","L103","C:\GIT\pris2\SourceMeter\Guille\jenkins-jenkins-2.328\core\src\main\java\hudson\model\Computer.java","174","5","174","34","0","0","0","0","0","0","0","0","0","0","0","0","0","0","0","0","0","0","0","0","0","0","0","0"
"L29171","temporarilyOffline","hudson.model.Computer.temporarilyOffline;Z","L2661","L103","C:\GIT\pris2\SourceMeter\Guille\jenkins-jenkins-2.328\core\src\main\java\hudson\model\Computer.java","179","5","179","40","0","0","0","0","0","0","0","0","0","0","0","0","0","0","0","0","0","0","0","0","0","0","0","0"
"L29173","nodeName","hudson.model.Computer.nodeName;Ljava/lang/String;","L2661","L103","C:\GIT\pris2\SourceMeter\Guille\jenkins-jenkins-2.328\core\src\main\java\hudson\model\Computer.java","185","5","185","31","0","0","0","0","0","0","0","0","0","0","0","0","0","0","0","0","0","0","0","0","0","0","0","0"
"L29175","cachedHostName","hudson.model.Computer.cachedHostName;Ljava/lang/String;","L2661","L103","C:\GIT\pris2\SourceMeter\Guille\jenkins-jenkins-2.328\core\src\main\java\hudson\model\Computer.java","190","5","190","44","0","0","0","0","0","0","0","0","0","0","0","0","0","0","0","0","0","0","0","0","0","0","0","0"
"L29177","hostNameCached","hudson.model.Computer.hostNameCached;Z","L2661","L103","C:\GIT\pris2\SourceMeter\Guille\jenkins-jenkins-2.328\core\src\main\java\hudson\model\Computer.java","191","5","191","45","0","0","0","0","0","0","0","0","0","0","0","0","0","0","0","0","0","0","0","0","0","0","0","0"
"L29178","cachedEnvironment","hudson.model.Computer.cachedEnvironment;Lhudson/EnvVars;","L2661","L103","C:\GIT\pris2\SourceMeter\Guille\jenkins-jenkins-2.328\core\src\main\java\hudson\model\Computer.java","196","5","196","48","0","0","0","0","0","0","0","0","0","0","0","0","0","0","0","0","0","0","0","0","0","0","0","0"
"L29180","workspaceList","hudson.model.Computer.workspaceList;Lhudson/slaves/WorkspaceList;","L2661","L103","C:\GIT\pris2\SourceMeter\Guille\jenkins-jenkins-2.328\core\src\main\java\hudson\model\Computer.java","199","5","199","69","0","0","0","0","0","0","0","0","0","0","0","0","0","0","0","0","0","0","0","0","0","0","0","0"
"L29181","transientActions","hudson.model.Computer.transientActions;Ljava/util/List;","L2661","L103","C:\GIT\pris2\SourceMeter\Guille\jenkins-jenkins-2.328\core\src\main\java\hudson\model\Computer.java","201","5","201","55","0","0","0","0","0","0","0","0","0","0","0","0","0","0","0","0","0","0","0","0","0","0","0","0"
"L29182","statusChangeLock","hudson.model.Computer.statusChangeLock;Ljava/lang/Object;","L2661","L103","C:\GIT\pris2\SourceMeter\Guille\jenkins-jenkins-2.328\core\src\main\java\hudson\model\Computer.java","203","5","203","60","0","0","0","0","0","0","0","0","0","0","0","0","0","0","0","0","0","0","0","0","0","0","0","0"
"L29183","logDirLock","hudson.model.Computer.logDirLock;Ljava/lang/Object;","L2661","L103","C:\GIT\pris2\SourceMeter\Guille\jenkins-jenkins-2.328\core\src\main\java\hudson\model\Computer.java","205","5","205","52","0","0","0","0","0","0","0","0","0","0","0","0","0","0","0","0","0","0","0","0","0","0","0","0"
"L29184","terminatedBy","hudson.model.Computer.terminatedBy;Ljava/util/List;","L2661","L103","C:\GIT\pris2\SourceMeter\Guille\jenkins-jenkins-2.328\core\src\main\java\hudson\model\Computer.java","213","5","213","117","0","0","0","0","0","0","0","0","0","0","0","0","0","0","0","0","0","0","0","0","0","0","0","0"
"L24080","threadPoolForRemoting","hudson.model.Computer.threadPoolForRemoting;Ljava/util/concurrent/ExecutorService;","L2661","L103","C:\GIT\pris2\SourceMeter\Guille\jenkins-jenkins-2.328\core\src\main\java\hudson\model\Computer.java","1357","5","1362","103","0","0","0","0","0","0","0","0","0","0","0","0","0","0","0","0","0","0","0","0","0","0","0","0"
"L29652","SKIP_PERMISSION_CHECK","hudson.model.Computer.SKIP_PERMISSION_CHECK;Z","L2661","L103","C:\GIT\pris2\SourceMeter\Guille\jenkins-jenkins-2.328\core\src\main\java\hudson\model\Computer.java","1613","5","1615","162","0","0","0","0","0","0","0","0","0","0","0","0","0","0","0","0","0","0","0","0","0","0","0","0"
"L29706","PERMISSIONS","hudson.model.Computer.PERMISSIONS;Lhudson/security/PermissionGroup;","L2661","L103","C:\GIT\pris2\SourceMeter\Guille\jenkins-jenkins-2.328\core\src\main\java\hudson\model\Computer.java","1796","5","1796","131","0","0","0","0","0","0","0","0","0","0","0","0","0","0","0","0","0","0","0","0","0","0","0","0"
"L5659","CONFIGURE","hudson.model.Computer.CONFIGURE;Lhudson/security/Permission;","L2661","L103","C:\GIT\pris2\SourceMeter\Guille\jenkins-jenkins-2.328\core\src\main\java\hudson\model\Computer.java","1797","5","1803","47","0","0","0","0","0","0","0","0","0","0","0","0","0","0","0","0","0","0","0","0","0","0","0","0"
"L3381","EXTENDED_READ","hudson.model.Computer.EXTENDED_READ;Lhudson/security/Permission;","L2661","L103","C:\GIT\pris2\SourceMeter\Guille\jenkins-jenkins-2.328\core\src\main\java\hudson\model\Computer.java","1807","5","1814","71","0","0","0","0","0","0","0","0","0","0","0","0","0","0","0","0","0","0","0","0","0","0","0","0"
"L4882","DELETE","hudson.model.Computer.DELETE;Lhudson/security/Permission;","L2661","L103","C:\GIT\pris2\SourceMeter\Guille\jenkins-jenkins-2.328\core\src\main\java\hudson\model\Computer.java","1815","5","1821","47","0","0","0","0","0","0","0","0","0","0","0","0","0","0","0","0","0","0","0","0","0","0","0","0"
"L2793","CREATE","hudson.model.Computer.CREATE;Lhudson/security/Permission;","L2661","L103","C:\GIT\pris2\SourceMeter\Guille\jenkins-jenkins-2.328\core\src\main\java\hudson\model\Computer.java","1822","5","1828","46","0","0","0","0","0","0","0","0","0","0","0","0","0","0","0","0","0","0","0","0","0","0","0","0"
"L4665","DISCONNECT","hudson.model.Computer.DISCONNECT;Lhudson/security/Permission;","L2661","L103","C:\GIT\pris2\SourceMeter\Guille\jenkins-jenkins-2.328\core\src\main\java\hudson\model\Computer.java","1829","5","1835","47","0","0","0","0","0","0","0","0","0","0","0","0","0","0","0","0","0","0","0","0","0","0","0","0"
"L4657","CONNECT","hudson.model.Computer.CONNECT;Lhudson/security/Permission;","L2661","L103","C:\GIT\pris2\SourceMeter\Guille\jenkins-jenkins-2.328\core\src\main\java\hudson\model\Computer.java","1836","5","1842","47","0","0","0","0","0","0","0","0","0","0","0","0","0","0","0","0","0","0","0","0","0","0","0","0"
"L29725","BUILD","hudson.model.Computer.BUILD;Lhudson/security/Permission;","L2661","L103","C:\GIT\pris2\SourceMeter\Guille\jenkins-jenkins-2.328\core\src\main\java\hudson\model\Computer.java","1843","5","1849","47","0","0","0","0","0","0","0","0","0","0","0","0","0","0","0","0","0","0","0","0","0","0","0","0"
"L29728","EXTENDED_READ_AND_CONNECT","hudson.model.Computer.EXTENDED_READ_AND_CONNECT;[Lhudson/security/Permission;","L2661","L103","C:\GIT\pris2\SourceMeter\Guille\jenkins-jenkins-2.328\core\src\main\java\hudson\model\Computer.java","1851","5","1853","57","0","0","0","0","0","0","0","0","0","0","0","0","0","0","0","0","0","0","0","0","0","0","0","0"
"L29231","LOGGER","hudson.model.Computer.LOGGER;Ljava/util/logging/Logger;","L2661","L103","C:\GIT\pris2\SourceMeter\Guille\jenkins-jenkins-2.328\core\src\main\java\hudson\model\Computer.java","1855","5","1855","85","0","0","0","0","0","0","0","0","0","0","0","0","0","0","0","0","0","0","0","0","0","0","0","0"
"L29731","computer","hudson.model.ComputerPanelBox.computer;Lhudson/model/Computer;","L29209","L103","C:\GIT\pris2\SourceMeter\Guille\jenkins-jenkins-2.328\core\src\main\java\hudson\model\ComputerPanelBox.java","20","5","20","31","0","0","0","0","0","0","0","0","0","0","0","0","0","0","0","0","0","0","0","0","0","0","0","0"
"L29760","LOGGER","hudson.model.ComputerPinger.LOGGER;Ljava/util/logging/Logger;","L29742","L103","C:\GIT\pris2\SourceMeter\Guille\jenkins-jenkins-2.328\core\src\main\java\hudson\model\ComputerPinger.java","64","5","64","91","0","0","0","0","0","0","0","0","0","0","0","0","0","0","0","0","0","0","0","0","0","0","0","0"
"L29780","MONITORS_OWNER","hudson.model.ComputerSet.MONITORS_OWNER;Lhudson/model/Saveable;","L29772","L103","C:\GIT\pris2\SourceMeter\Guille\jenkins-jenkins-2.328\core\src\main\java\hudson\model\ComputerSet.java","82","5","88","7","0","0","0","0","0","0","0","0","0","0","0","0","0","0","0","0","0","0","0","0","0","0","0","0"
"L29787","monitors","hudson.model.ComputerSet.monitors;Lhudson/util/DescribableList;","L29772","L103","C:\GIT\pris2\SourceMeter\Guille\jenkins-jenkins-2.328\core\src\main\java\hudson\model\ComputerSet.java","90","5","91","53","0","0","0","0","0","0","0","0","0","0","0","0","0","0","0","0","0","0","0","0","0","0","0","0"
"L29927","LOGGER","hudson.model.ComputerSet.LOGGER;Ljava/util/logging/Logger;","L29772","L103","C:\GIT\pris2\SourceMeter\Guille\jenkins-jenkins-2.328\core\src\main\java\hudson\model\ComputerSet.java","439","5","439","88","0","0","0","0","0","0","0","0","0","0","0","0","0","0","0","0","0","0","0","0","0","0","0","0"
"L29947","forward","hudson.model.DependencyGraph.forward;Ljava/util/Map;","L7893","L103","C:\GIT\pris2\SourceMeter\Guille\jenkins-jenkins-2.328\core\src\main\java\hudson\model\DependencyGraph.java","69","5","69","83","0","0","0","0","0","0","0","0","0","0","0","0","0","0","0","0","0","0","0","0","0","0","0","0"
"L29960","backward","hudson.model.DependencyGraph.backward;Ljava/util/Map;","L7893","L103","C:\GIT\pris2\SourceMeter\Guille\jenkins-jenkins-2.328\core\src\main\java\hudson\model\DependencyGraph.java","70","5","70","84","0","0","0","0","0","0","0","0","0","0","0","0","0","0","0","0","0","0","0","0","0","0","0","0"
"L29961","computationalData","hudson.model.DependencyGraph.computationalData;Ljava/util/Map;","L7893","L103","C:\GIT\pris2\SourceMeter\Guille\jenkins-jenkins-2.328\core\src\main\java\hudson\model\DependencyGraph.java","72","5","72","63","0","0","0","0","0","0","0","0","0","0","0","0","0","0","0","0","0","0","0","0","0","0","0","0"
"L29962","built","hudson.model.DependencyGraph.built;Z","L7893","L103","C:\GIT\pris2\SourceMeter\Guille\jenkins-jenkins-2.328\core\src\main\java\hudson\model\DependencyGraph.java","74","5","74","27","0","0","0","0","0","0","0","0","0","0","0","0","0","0","0","0","0","0","0","0","0","0","0","0"
"L29963","topologicalOrder","hudson.model.DependencyGraph.topologicalOrder;Ljava/util/Comparator;","L7893","L103","C:\GIT\pris2\SourceMeter\Guille\jenkins-jenkins-2.328\core\src\main\java\hudson\model\DependencyGraph.java","76","5","76","64","0","0","0","0","0","0","0","0","0","0","0","0","0","0","0","0","0","0","0","0","0","0","0","0"
"L29967","topologicallySorted","hudson.model.DependencyGraph.topologicallySorted;Ljava/util/List;","L7893","L103","C:\GIT\pris2\SourceMeter\Guille\jenkins-jenkins-2.328\core\src\main\java\hudson\model\DependencyGraph.java","77","5","77","61","0","0","0","0","0","0","0","0","0","0","0","0","0","0","0","0","0","0","0","0","0","0","0","0"
"L30135","NAME_COMPARATOR","hudson.model.DependencyGraph.NAME_COMPARATOR;Ljava/util/Comparator;","L7893","L103","C:\GIT\pris2\SourceMeter\Guille\jenkins-jenkins-2.328\core\src\main\java\hudson\model\DependencyGraph.java","345","5","351","7","0","0","0","0","0","0","0","0","0","0","0","0","0","0","0","0","0","0","0","0","0","0","0","0"
"L30148","EMPTY","hudson.model.DependencyGraph.EMPTY;Lhudson/model/DependencyGraph;","L7893","L103","C:\GIT\pris2\SourceMeter\Guille\jenkins-jenkins-2.328\core\src\main\java\hudson\model\DependencyGraph.java","353","5","353","76","0","0","0","0","0","0","0","0","0","0","0","0","0","0","0","0","0","0","0","0","0","0","0","0"
"L17807","clazz","hudson.model.Descriptor.clazz;Ljava/lang/Class;","L5273","L103","C:\GIT\pris2\SourceMeter\Guille\jenkins-jenkins-2.328\core\src\main\java\hudson\model\Descriptor.java","149","5","149","53","0","0","0","0","0","0","0","0","0","0","0","0","0","0","0","0","0","0","0","0","0","0","0","0"
"L30200","checkMethods","hudson.model.Descriptor.checkMethods;Ljava/util/Map;","L5273","L103","C:\GIT\pris2\SourceMeter\Guille\jenkins-jenkins-2.328\core\src\main\java\hudson\model\Descriptor.java","151","5","151","96","0","0","0","0","0","0","0","0","0","0","0","0","0","0","0","0","0","0","0","0","0","0","0","0"
"L30207","propertyTypes","hudson.model.Descriptor.propertyTypes;Ljava/util/Map;","L5273","L103","C:\GIT\pris2\SourceMeter\Guille\jenkins-jenkins-2.328\core\src\main\java\hudson\model\Descriptor.java","156","5","156","72","0","0","0","0","0","0","0","0","0","0","0","0","0","0","0","0","0","0","0","0","0","0","0","0"
"L30215","globalPropertyTypes","hudson.model.Descriptor.globalPropertyTypes;Ljava/util/Map;","L5273","L103","C:\GIT\pris2\SourceMeter\Guille\jenkins-jenkins-2.328\core\src\main\java\hudson\model\Descriptor.java","156","5","156","93","0","0","0","0","0","0","0","0","0","0","0","0","0","0","0","0","0","0","0","0","0","0","0","0"
"L30263","helpRedirect","hudson.model.Descriptor.helpRedirect;Ljava/util/Map;","L5273","L103","C:\GIT\pris2\SourceMeter\Guille\jenkins-jenkins-2.328\core\src\main\java\hudson\model\Descriptor.java","247","5","247","87","0","0","0","0","0","0","0","0","0","0","0","0","0","0","0","0","0","0","0","0","0","0","0","0"
"L30385","LOGGER","hudson.model.Descriptor.LOGGER;Ljava/util/logging/Logger;","L5273","L103","C:\GIT\pris2\SourceMeter\Guille\jenkins-jenkins-2.328\core\src\main\java\hudson\model\Descriptor.java","1189","5","1189","87","0","0","0","0","0","0","0","0","0","0","0","0","0","0","0","0","0","0","0","0","0","0","0","0"
"L30596","LOGGER","hudson.model.DescriptorVisibilityFilter.LOGGER;Ljava/util/logging/Logger;","L30593","L103","C:\GIT\pris2\SourceMeter\Guille\jenkins-jenkins-2.328\core\src\main\java\hudson\model\DescriptorVisibilityFilter.java","26","5","26","103","0","0","0","0","0","0","0","0","0","0","0","0","0","0","0","0","0","0","0","0","0","0","0","0"
"L30669","ALLOW_SYMLINK_ESCAPE","hudson.model.DirectoryBrowserSupport.ALLOW_SYMLINK_ESCAPE;Z","L27807","L103","C:\GIT\pris2\SourceMeter\Guille\jenkins-jenkins-2.328\core\src\main\java\hudson\model\DirectoryBrowserSupport.java","84","5","85","143","0","0","0","0","0","0","0","0","0","0","0","0","0","0","0","0","0","0","0","0","0","0","0","0"
"L30671","ALLOW_ABSOLUTE_PATH_PROPERTY_NAME","hudson.model.DirectoryBrowserSupport.ALLOW_ABSOLUTE_PATH_PROPERTY_NAME;Ljava/lang/String;","L27807","L103","C:\GIT\pris2\SourceMeter\Guille\jenkins-jenkins-2.328\core\src\main\java\hudson\model\DirectoryBrowserSupport.java","90","5","90","124","0","0","0","0","0","0","0","0","0","0","0","0","0","0","0","0","0","0","0","0","0","0","0","0"
"L30673","owner","hudson.model.DirectoryBrowserSupport.owner;Lhudson/model/ModelObject;","L27807","L103","C:\GIT\pris2\SourceMeter\Guille\jenkins-jenkins-2.328\core\src\main\java\hudson\model\DirectoryBrowserSupport.java","92","5","92","36","0","0","0","0","0","0","0","0","0","0","0","0","0","0","0","0","0","0","0","0","0","0","0","0"
"L30674","title","hudson.model.DirectoryBrowserSupport.title;Ljava/lang/String;","L27807","L103","C:\GIT\pris2\SourceMeter\Guille\jenkins-jenkins-2.328\core\src\main\java\hudson\model\DirectoryBrowserSupport.java","94","5","94","31","0","0","0","0","0","0","0","0","0","0","0","0","0","0","0","0","0","0","0","0","0","0","0","0"
"L30675","base","hudson.model.DirectoryBrowserSupport.base;Ljenkins/util/VirtualFile;","L27807","L103","C:\GIT\pris2\SourceMeter\Guille\jenkins-jenkins-2.328\core\src\main\java\hudson\model\DirectoryBrowserSupport.java","96","5","96","36","0","0","0","0","0","0","0","0","0","0","0","0","0","0","0","0","0","0","0","0","0","0","0","0"
"L30676","icon","hudson.model.DirectoryBrowserSupport.icon;Ljava/lang/String;","L27807","L103","C:\GIT\pris2\SourceMeter\Guille\jenkins-jenkins-2.328\core\src\main\java\hudson\model\DirectoryBrowserSupport.java","97","5","97","31","0","0","0","0","0","0","0","0","0","0","0","0","0","0","0","0","0","0","0","0","0","0","0","0"
"L30677","serveDirIndex","hudson.model.DirectoryBrowserSupport.serveDirIndex;Z","L27807","L103","C:\GIT\pris2\SourceMeter\Guille\jenkins-jenkins-2.328\core\src\main\java\hudson\model\DirectoryBrowserSupport.java","98","5","98","41","0","0","0","0","0","0","0","0","0","0","0","0","0","0","0","0","0","0","0","0","0","0","0","0"
"L30678","indexFileName","hudson.model.DirectoryBrowserSupport.indexFileName;Ljava/lang/String;","L27807","L103","C:\GIT\pris2\SourceMeter\Guille\jenkins-jenkins-2.328\core\src\main\java\hudson\model\DirectoryBrowserSupport.java","99","5","99","49","0","0","0","0","0","0","0","0","0","0","0","0","0","0","0","0","0","0","0","0","0","0","0","0"
"L30679","CSP_PROPERTY_NAME","hudson.model.DirectoryBrowserSupport.CSP_PROPERTY_NAME;Ljava/lang/String;","L27807","L103","C:\GIT\pris2\SourceMeter\Guille\jenkins-jenkins-2.328\core\src\main\java\hudson\model\DirectoryBrowserSupport.java","101","5","102","101","0","0","0","0","0","0","0","0","0","0","0","0","0","0","0","0","0","0","0","0","0","0","0","0"
"L30680","resourceToken","hudson.model.DirectoryBrowserSupport.resourceToken;Ljenkins/security/ResourceDomainRootAction$Token;","L27807","L103","C:\GIT\pris2\SourceMeter\Guille\jenkins-jenkins-2.328\core\src\main\java\hudson\model\DirectoryBrowserSupport.java","107","5","107","58","0","0","0","0","0","0","0","0","0","0","0","0","0","0","0","0","0","0","0","0","0","0","0","0"
"L30761","LOGGER","hudson.model.DirectoryBrowserSupport.LOGGER;Ljava/util/logging/Logger;","L27807","L103","C:\GIT\pris2\SourceMeter\Guille\jenkins-jenkins-2.328\core\src\main\java\hudson\model\DirectoryBrowserSupport.java","848","5","848","100","0","0","0","0","0","0","0","0","0","0","0","0","0","0","0","0","0","0","0","0","0","0","0","0"
"L30815","DEFAULT_CSP_VALUE","hudson.model.DirectoryBrowserSupport.DEFAULT_CSP_VALUE;Ljava/lang/String;","L27807","L103","C:\GIT\pris2\SourceMeter\Guille\jenkins-jenkins-2.328\core\src\main\java\hudson\model\DirectoryBrowserSupport.java","850","5","851","117","0","0","0","0","0","0","0","0","0","0","0","0","0","0","0","0","0","0","0","0","0","0","0","0"
"L31018","LOGGER","hudson.model.DisplayNameListener.LOGGER;Ljava/util/logging/Logger;","L31015","L103","C:\GIT\pris2\SourceMeter\Guille\jenkins-jenkins-2.328\core\src\main\java\hudson\model\DisplayNameListener.java","42","5","42","96","0","0","0","0","0","0","0","0","0","0","0","0","0","0","0","0","0","0","0","0","0","0","0","0"
"L31034","signatureValidatorPrefix","hudson.model.DownloadService.signatureValidatorPrefix;Ljava/lang/String;","L31031","L103","C:\GIT\pris2\SourceMeter\Guille\jenkins-jenkins-2.328\core\src\main\java\hudson\model\DownloadService.java","81","5","81","75","0","0","0","0","0","0","0","0","0","0","0","0","0","0","0","0","0","0","0","0","0","0","0","0"
"L31168","neverUpdate","hudson.model.DownloadService.neverUpdate;Z","L31031","L103","C:\GIT\pris2\SourceMeter\Guille\jenkins-jenkins-2.328\core\src\main\java\hudson\model\DownloadService.java","501","5","502","113","0","0","0","0","0","0","0","0","0","0","0","0","0","0","0","0","0","0","0","0","0","0","0","0"
"L31138","signatureCheck","hudson.model.DownloadService.signatureCheck;Z","L31031","L103","C:\GIT\pris2\SourceMeter\Guille\jenkins-jenkins-2.328\core\src\main\java\hudson\model\DownloadService.java","508","5","509","128","0","0","0","0","0","0","0","0","0","0","0","0","0","0","0","0","0","0","0","0","0","0","0","0"
"L31229","base","hudson.model.EnvironmentList.base;Ljava/util/List;","L26216","L103","C:\GIT\pris2\SourceMeter\Guille\jenkins-jenkins-2.328\core\src\main\java\hudson\model\EnvironmentList.java","37","5","37","42","0","0","0","0","0","0","0","0","0","0","0","0","0","0","0","0","0","0","0","0","0","0","0","0"
"L31265","owner","hudson.model.Executor.owner;Lhudson/model/Computer;","L4285","L103","C:\GIT\pris2\SourceMeter\Guille\jenkins-jenkins-2.328\core\src\main\java\hudson\model\Executor.java","93","5","93","45","0","0","0","0","0","0","0","0","0","0","0","0","0","0","0","0","0","0","0","0","0","0","0","0"
"L31266","queue","hudson.model.Executor.queue;Lhudson/model/Queue;","L4285","L103","C:\GIT\pris2\SourceMeter\Guille\jenkins-jenkins-2.328\core\src\main\java\hudson\model\Executor.java","94","5","94","31","0","0","0","0","0","0","0","0","0","0","0","0","0","0","0","0","0","0","0","0","0","0","0","0"
"L31267","lock","hudson.model.Executor.lock;Ljava/util/concurrent/locks/ReadWriteLock;","L4285","L103","C:\GIT\pris2\SourceMeter\Guille\jenkins-jenkins-2.328\core\src\main\java\hudson\model\Executor.java","95","5","95","69","0","0","0","0","0","0","0","0","0","0","0","0","0","0","0","0","0","0","0","0","0","0","0","0"
"L31268","DEFAULT_ESTIMATED_DURATION","hudson.model.Executor.DEFAULT_ESTIMATED_DURATION;I","L4285","L103","C:\GIT\pris2\SourceMeter\Guille\jenkins-jenkins-2.328\core\src\main\java\hudson\model\Executor.java","96","5","96","62","0","0","0","0","0","0","0","0","0","0","0","0","0","0","0","0","0","0","0","0","0","0","0","0"
"L31269","startTime","hudson.model.Executor.startTime;J","L4285","L103","C:\GIT\pris2\SourceMeter\Guille\jenkins-jenkins-2.328\core\src\main\java\hudson\model\Executor.java","98","5","99","28","0","0","0","0","0","0","0","0","0","0","0","0","0","0","0","0","0","0","0","0","0","0","0","0"
"L31270","creationTime","hudson.model.Executor.creationTime;J","L4285","L103","C:\GIT\pris2\SourceMeter\Guille\jenkins-jenkins-2.328\core\src\main\java\hudson\model\Executor.java","103","5","103","66","0","0","0","0","0","0","0","0","0","0","0","0","0","0","0","0","0","0","0","0","0","0","0","0"
"L31272","number","hudson.model.Executor.number;I","L4285","L103","C:\GIT\pris2\SourceMeter\Guille\jenkins-jenkins-2.328\core\src\main\java\hudson\model\Executor.java","108","5","108","24","0","0","0","0","0","0","0","0","0","0","0","0","0","0","0","0","0","0","0","0","0","0","0","0"
"L31274","executable","hudson.model.Executor.executable;Lhudson/model/Queue$Executable;","L4285","L103","C:\GIT\pris2\SourceMeter\Guille\jenkins-jenkins-2.328\core\src\main\java\hudson\model\Executor.java","112","5","113","41","0","0","0","0","0","0","0","0","0","0","0","0","0","0","0","0","0","0","0","0","0","0","0","0"
"L31276","executableEstimatedDuration","hudson.model.Executor.executableEstimatedDuration;J","L4285","L103","C:\GIT\pris2\SourceMeter\Guille\jenkins-jenkins-2.328\core\src\main\java\hudson\model\Executor.java","118","5","118","75","0","0","0","0","0","0","0","0","0","0","0","0","0","0","0","0","0","0","0","0","0","0","0","0"
"L31279","asynchronousExecution","hudson.model.Executor.asynchronousExecution;Ljenkins/model/queue/AsynchronousExecution;","L4285","L103","C:\GIT\pris2\SourceMeter\Guille\jenkins-jenkins-2.328\core\src\main\java\hudson\model\Executor.java","124","5","125","57","0","0","0","0","0","0","0","0","0","0","0","0","0","0","0","0","0","0","0","0","0","0","0","0"
"L31284","workUnit","hudson.model.Executor.workUnit;Lhudson/model/queue/WorkUnit;","L4285","L103","C:\GIT\pris2\SourceMeter\Guille\jenkins-jenkins-2.328\core\src\main\java\hudson\model\Executor.java","131","5","132","31","0","0","0","0","0","0","0","0","0","0","0","0","0","0","0","0","0","0","0","0","0","0","0","0"
"L31286","started","hudson.model.Executor.started;Z","L4285","L103","C:\GIT\pris2\SourceMeter\Guille\jenkins-jenkins-2.328\core\src\main\java\hudson\model\Executor.java","134","5","135","29","0","0","0","0","0","0","0","0","0","0","0","0","0","0","0","0","0","0","0","0","0","0","0","0"
"L31287","interruptStatus","hudson.model.Executor.interruptStatus;Lhudson/model/Result;","L4285","L103","C:\GIT\pris2\SourceMeter\Guille\jenkins-jenkins-2.328\core\src\main\java\hudson\model\Executor.java","141","5","142","36","0","0","0","0","0","0","0","0","0","0","0","0","0","0","0","0","0","0","0","0","0","0","0","0"
"L31289","causes","hudson.model.Executor.causes;Ljava/util/List;","L4285","L103","C:\GIT\pris2\SourceMeter\Guille\jenkins-jenkins-2.328\core\src\main\java\hudson\model\Executor.java","147","5","148","69","0","0","0","0","0","0","0","0","0","0","0","0","0","0","0","0","0","0","0","0","0","0","0","0"
"L31514","IMPERSONATION","hudson.model.Executor.IMPERSONATION;Ljava/lang/ThreadLocal;","L4285","L103","C:\GIT\pris2\SourceMeter\Guille\jenkins-jenkins-2.328\core\src\main\java\hudson\model\Executor.java","1014","5","1014","84","0","0","0","0","0","0","0","0","0","0","0","0","0","0","0","0","0","0","0","0","0","0","0","0"
"L31326","LOGGER","hudson.model.Executor.LOGGER;Ljava/util/logging/Logger;","L4285","L103","C:\GIT\pris2\SourceMeter\Guille\jenkins-jenkins-2.328\core\src\main\java\hudson\model\Executor.java","1016","5","1016","85","0","0","0","0","0","0","0","0","0","0","0","0","0","0","0","0","0","0","0","0","0","0","0","0"
"L31548","pre","hudson.model.Failure.pre;Z","L2820","L103","C:\GIT\pris2\SourceMeter\Guille\jenkins-jenkins-2.328\core\src\main\java\hudson\model\Failure.java","47","5","47","31","0","0","0","0","0","0","0","0","0","0","0","0","0","0","0","0","0","0","0","0","0","0","0","0"
"L31600","FOLDER_NAME","hudson.model.FileParameterValue.FOLDER_NAME;Ljava/lang/String;","L31574","L103","C:\GIT\pris2\SourceMeter\Guille\jenkins-jenkins-2.328\core\src\main\java\hudson\model\FileParameterValue.java","69","5","69","64","0","0","0","0","0","0","0","0","0","0","0","0","0","0","0","0","0","0","0","0","0","0","0","0"
"L31601","PROHIBITED_DOUBLE_DOT","hudson.model.FileParameterValue.PROHIBITED_DOUBLE_DOT;Ljava/util/regex/Pattern;","L31574","L103","C:\GIT\pris2\SourceMeter\Guille\jenkins-jenkins-2.328\core\src\main\java\hudson\model\FileParameterValue.java","70","5","70","102","0","0","0","0","0","0","0","0","0","0","0","0","0","0","0","0","0","0","0","0","0","0","0","0"
"L31602","serialVersionUID","hudson.model.FileParameterValue.serialVersionUID;J","L31574","L103","C:\GIT\pris2\SourceMeter\Guille\jenkins-jenkins-2.328\core\src\main\java\hudson\model\FileParameterValue.java","71","5","71","71","0","0","0","0","0","0","0","0","0","0","0","0","0","0","0","0","0","0","0","0","0","0","0","0"
"L31603","ALLOW_FOLDER_TRAVERSAL_OUTSIDE_WORKSPACE","hudson.model.FileParameterValue.ALLOW_FOLDER_TRAVERSAL_OUTSIDE_WORKSPACE;Z","L31574","L103","C:\GIT\pris2\SourceMeter\Guille\jenkins-jenkins-2.328\core\src\main\java\hudson\model\FileParameterValue.java","77","5","80","119","0","0","0","0","0","0","0","0","0","0","0","0","0","0","0","0","0","0","0","0","0","0","0","0"
"L31605","file","hudson.model.FileParameterValue.file;LFileItem;","L31574","L103","C:\GIT\pris2\SourceMeter\Guille\jenkins-jenkins-2.328\core\src\main\java\hudson\model\FileParameterValue.java","82","5","82","43","0","0","0","0","0","0","0","0","0","0","0","0","0","0","0","0","0","0","0","0","0","0","0","0"
"L31606","originalFileName","hudson.model.FileParameterValue.originalFileName;Ljava/lang/String;","L31574","L103","C:\GIT\pris2\SourceMeter\Guille\jenkins-jenkins-2.328\core\src\main\java\hudson\model\FileParameterValue.java","87","5","87","43","0","0","0","0","0","0","0","0","0","0","0","0","0","0","0","0","0","0","0","0","0","0","0","0"
"L31608","location","hudson.model.FileParameterValue.location;Ljava/lang/String;","L31574","L103","C:\GIT\pris2\SourceMeter\Guille\jenkins-jenkins-2.328\core\src\main\java\hudson\model\FileParameterValue.java","95","5","95","29","0","0","0","0","0","0","0","0","0","0","0","0","0","0","0","0","0","0","0","0","0","0","0","0"
"L31935","DATE_CONVERTER","hudson.model.Fingerprint.DATE_CONVERTER;LDateConverter;","L26297","L103","C:\GIT\pris2\SourceMeter\Guille\jenkins-jenkins-2.328\core\src\main\java\hudson\model\Fingerprint.java","846","5","846","77","0","0","0","0","0","0","0","0","0","0","0","0","0","0","0","0","0","0","0","0","0","0","0","0"
"L31936","timestamp","hudson.model.Fingerprint.timestamp;Ljava/util/Date;","L26297","L103","C:\GIT\pris2\SourceMeter\Guille\jenkins-jenkins-2.328\core\src\main\java\hudson\model\Fingerprint.java","851","5","851","43","0","0","0","0","0","0","0","0","0","0","0","0","0","0","0","0","0","0","0","0","0","0","0","0"
"L31938","original","hudson.model.Fingerprint.original;Lhudson/model/Fingerprint$BuildPtr;","L26297","L103","C:\GIT\pris2\SourceMeter\Guille\jenkins-jenkins-2.328\core\src\main\java\hudson\model\Fingerprint.java","857","5","857","51","0","0","0","0","0","0","0","0","0","0","0","0","0","0","0","0","0","0","0","0","0","0","0","0"
"L31940","md5sum","hudson.model.Fingerprint.md5sum;[B","L26297","L103","C:\GIT\pris2\SourceMeter\Guille\jenkins-jenkins-2.328\core\src\main\java\hudson\model\Fingerprint.java","859","5","859","33","0","0","0","0","0","0","0","0","0","0","0","0","0","0","0","0","0","0","0","0","0","0","0","0"
"L31941","fileName","hudson.model.Fingerprint.fileName;Ljava/lang/String;","L26297","L103","C:\GIT\pris2\SourceMeter\Guille\jenkins-jenkins-2.328\core\src\main\java\hudson\model\Fingerprint.java","861","5","861","35","0","0","0","0","0","0","0","0","0","0","0","0","0","0","0","0","0","0","0","0","0","0","0","0"
"L31942","usages","hudson.model.Fingerprint.usages;Ljava/util/Hashtable;","L26297","L103","C:\GIT\pris2\SourceMeter\Guille\jenkins-jenkins-2.328\core\src\main\java\hudson\model\Fingerprint.java","866","5","866","68","0","0","0","0","0","0","0","0","0","0","0","0","0","0","0","0","0","0","0","0","0","0","0","0"
"L31950","facets","hudson.model.Fingerprint.facets;Lhudson/util/PersistedList;","L26297","L103","C:\GIT\pris2\SourceMeter\Guille\jenkins-jenkins-2.328\core\src\main\java\hudson\model\Fingerprint.java","868","5","868","72","0","0","0","0","0","0","0","0","0","0","0","0","0","0","0","0","0","0","0","0","0","0","0","0"
"L31957","transientFacets","hudson.model.Fingerprint.transientFacets;Ljava/util/List;","L26297","L103","C:\GIT\pris2\SourceMeter\Guille\jenkins-jenkins-2.328\core\src\main\java\hudson\model\Fingerprint.java","873","5","873","78","0","0","0","0","0","0","0","0","0","0","0","0","0","0","0","0","0","0","0","0","0","0","0","0"
"L32204","XSTREAM","hudson.model.Fingerprint.XSTREAM;Lhudson/util/XStream2;","L26297","L103","C:\GIT\pris2\SourceMeter\Guille\jenkins-jenkins-2.328\core\src\main\java\hudson\model\Fingerprint.java","1489","5","1489","60","0","0","0","0","0","0","0","0","0","0","0","0","0","0","0","0","0","0","0","0","0","0","0","0"
"L31931","logger","hudson.model.Fingerprint.logger;Ljava/util/logging/Logger;","L26297","L103","C:\GIT\pris2\SourceMeter\Guille\jenkins-jenkins-2.328\core\src\main\java\hudson\model\Fingerprint.java","1517","5","1517","88","0","0","0","0","0","0","0","0","0","0","0","0","0","0","0","0","0","0","0","0","0","0","0","0"
"L32220","LOGGER","hudson.model.FingerprintCleanupThread.LOGGER;Ljava/util/logging/Logger;","L32218","L103","C:\GIT\pris2\SourceMeter\Guille\jenkins-jenkins-2.328\core\src\main\java\hudson\model\FingerprintCleanupThread.java","51","5","51","101","0","0","0","0","0","0","0","0","0","0","0","0","0","0","0","0","0","0","0","0","0","0","0","0"
"L32330","DESCRIPTOR","hudson.model.FreeStyleProject.DESCRIPTOR;Lhudson/model/FreeStyleProject$DescriptorImpl;","L4152","L103","C:\GIT\pris2\SourceMeter\Guille\jenkins-jenkins-2.328\core\src\main\java\hudson\model\FreeStyleProject.java","73","5","76","62","0","0","0","0","0","0","0","0","0","0","0","0","0","0","0","0","0","0","0","0","0","0","0","0"
"L32368","channel","hudson.model.FullDuplexHttpChannel.channel;LChannel;","L32366","L103","C:\GIT\pris2\SourceMeter\Guille\jenkins-jenkins-2.328\core\src\main\java\hudson\model\FullDuplexHttpChannel.java","45","5","45","29","0","0","0","0","0","0","0","0","0","0","0","0","0","0","0","0","0","0","0","0","0","0","0","0"
"L32369","restricted","hudson.model.FullDuplexHttpChannel.restricted;Z","L32366","L103","C:\GIT\pris2\SourceMeter\Guille\jenkins-jenkins-2.328\core\src\main\java\hudson\model\FullDuplexHttpChannel.java","46","5","46","38","0","0","0","0","0","0","0","0","0","0","0","0","0","0","0","0","0","0","0","0","0","0","0","0"
"L32383","LOGGER","hudson.model.FullDuplexHttpChannel.LOGGER;Ljava/util/logging/Logger;","L32366","L103","C:\GIT\pris2\SourceMeter\Guille\jenkins-jenkins-2.328\core\src\main\java\hudson\model\FullDuplexHttpChannel.java","89","5","89","98","0","0","0","0","0","0","0","0","0","0","0","0","0","0","0","0","0","0","0","0","0","0","0","0"
"L32400","HEALTH_OVER_80","hudson.model.HealthReport.HEALTH_OVER_80;Ljava/lang/String;","L32393","L103","C:\GIT\pris2\SourceMeter\Guille\jenkins-jenkins-2.328\core\src\main\java\hudson\model\HealthReport.java","52","5","52","71","0","0","0","0","0","0","0","0","0","0","0","0","0","0","0","0","0","0","0","0","0","0","0","0"
"L32402","HEALTH_61_TO_80","hudson.model.HealthReport.HEALTH_61_TO_80;Ljava/lang/String;","L32393","L103","C:\GIT\pris2\SourceMeter\Guille\jenkins-jenkins-2.328\core\src\main\java\hudson\model\HealthReport.java","53","5","53","72","0","0","0","0","0","0","0","0","0","0","0","0","0","0","0","0","0","0","0","0","0","0","0","0"
"L32403","HEALTH_41_TO_60","hudson.model.HealthReport.HEALTH_41_TO_60;Ljava/lang/String;","L32393","L103","C:\GIT\pris2\SourceMeter\Guille\jenkins-jenkins-2.328\core\src\main\java\hudson\model\HealthReport.java","54","5","54","72","0","0","0","0","0","0","0","0","0","0","0","0","0","0","0","0","0","0","0","0","0","0","0","0"
"L32404","HEALTH_21_TO_40","hudson.model.HealthReport.HEALTH_21_TO_40;Ljava/lang/String;","L32393","L103","C:\GIT\pris2\SourceMeter\Guille\jenkins-jenkins-2.328\core\src\main\java\hudson\model\HealthReport.java","55","5","55","72","0","0","0","0","0","0","0","0","0","0","0","0","0","0","0","0","0","0","0","0","0","0","0","0"
"L32405","HEALTH_0_TO_20","hudson.model.HealthReport.HEALTH_0_TO_20;Ljava/lang/String;","L32393","L103","C:\GIT\pris2\SourceMeter\Guille\jenkins-jenkins-2.328\core\src\main\java\hudson\model\HealthReport.java","56","5","56","71","0","0","0","0","0","0","0","0","0","0","0","0","0","0","0","0","0","0","0","0","0","0","0","0"
"L32406","HEALTH_OVER_80_IMG","hudson.model.HealthReport.HEALTH_OVER_80_IMG;Ljava/lang/String;","L32393","L103","C:\GIT\pris2\SourceMeter\Guille\jenkins-jenkins-2.328\core\src\main\java\hudson\model\HealthReport.java","58","5","58","74","0","0","0","0","0","0","0","0","0","0","0","0","0","0","0","0","0","0","0","0","0","0","0","0"
"L32407","HEALTH_61_TO_80_IMG","hudson.model.HealthReport.HEALTH_61_TO_80_IMG;Ljava/lang/String;","L32393","L103","C:\GIT\pris2\SourceMeter\Guille\jenkins-jenkins-2.328\core\src\main\java\hudson\model\HealthReport.java","59","5","59","75","0","0","0","0","0","0","0","0","0","0","0","0","0","0","0","0","0","0","0","0","0","0","0","0"
"L32408","HEALTH_41_TO_60_IMG","hudson.model.HealthReport.HEALTH_41_TO_60_IMG;Ljava/lang/String;","L32393","L103","C:\GIT\pris2\SourceMeter\Guille\jenkins-jenkins-2.328\core\src\main\java\hudson\model\HealthReport.java","60","5","60","75","0","0","0","0","0","0","0","0","0","0","0","0","0","0","0","0","0","0","0","0","0","0","0","0"
"L32409","HEALTH_21_TO_40_IMG","hudson.model.HealthReport.HEALTH_21_TO_40_IMG;Ljava/lang/String;","L32393","L103","C:\GIT\pris2\SourceMeter\Guille\jenkins-jenkins-2.328\core\src\main\java\hudson\model\HealthReport.java","61","5","61","75","0","0","0","0","0","0","0","0","0","0","0","0","0","0","0","0","0","0","0","0","0","0","0","0"
"L32410","HEALTH_0_TO_20_IMG","hudson.model.HealthReport.HEALTH_0_TO_20_IMG;Ljava/lang/String;","L32393","L103","C:\GIT\pris2\SourceMeter\Guille\jenkins-jenkins-2.328\core\src\main\java\hudson\model\HealthReport.java","62","5","62","74","0","0","0","0","0","0","0","0","0","0","0","0","0","0","0","0","0","0","0","0","0","0","0","0"
"L32411","HEALTH_UNKNOWN_IMG","hudson.model.HealthReport.HEALTH_UNKNOWN_IMG;Ljava/lang/String;","L32393","L103","C:\GIT\pris2\SourceMeter\Guille\jenkins-jenkins-2.328\core\src\main\java\hudson\model\HealthReport.java","63","5","63","66","0","0","0","0","0","0","0","0","0","0","0","0","0","0","0","0","0","0","0","0","0","0","0","0"
"L32412","iconIMGToClassMap","hudson.model.HealthReport.iconIMGToClassMap;Ljava/util/Map;","L32393","L103","C:\GIT\pris2\SourceMeter\Guille\jenkins-jenkins-2.328\core\src\main\java\hudson\model\HealthReport.java","65","5","65","82","0","0","0","0","0","0","0","0","0","0","0","0","0","0","0","0","0","0","0","0","0","0","0","0"
"L32413","serialVersionUID","hudson.model.HealthReport.serialVersionUID;J","L32393","L103","C:\GIT\pris2\SourceMeter\Guille\jenkins-jenkins-2.328\core\src\main\java\hudson\model\HealthReport.java","66","5","66","71","0","0","0","0","0","0","0","0","0","0","0","0","0","0","0","0","0","0","0","0","0","0","0","0"
"L32426","score","hudson.model.HealthReport.score;I","L32393","L103","C:\GIT\pris2\SourceMeter\Guille\jenkins-jenkins-2.328\core\src\main\java\hudson\model\HealthReport.java","79","5","79","23","0","0","0","0","0","0","0","0","0","0","0","0","0","0","0","0","0","0","0","0","0","0","0","0"
"L32428","iconClassName","hudson.model.HealthReport.iconClassName;Ljava/lang/String;","L32393","L103","C:\GIT\pris2\SourceMeter\Guille\jenkins-jenkins-2.328\core\src\main\java\hudson\model\HealthReport.java","84","5","84","34","0","0","0","0","0","0","0","0","0","0","0","0","0","0","0","0","0","0","0","0","0","0","0","0"
"L32430","iconUrl","hudson.model.HealthReport.iconUrl;Ljava/lang/String;","L32393","L103","C:\GIT\pris2\SourceMeter\Guille\jenkins-jenkins-2.328\core\src\main\java\hudson\model\HealthReport.java","94","5","94","28","0","0","0","0","0","0","0","0","0","0","0","0","0","0","0","0","0","0","0","0","0","0","0","0"
"L32432","description","hudson.model.HealthReport.description;Ljava/lang/String;","L32393","L103","C:\GIT\pris2\SourceMeter\Guille\jenkins-jenkins-2.328\core\src\main\java\hudson\model\HealthReport.java","101","5","102","42","0","0","0","0","0","0","0","0","0","0","0","0","0","0","0","0","0","0","0","0","0","0","0","0"
"L32434","localizibleDescription","hudson.model.HealthReport.localizibleDescription;LLocalizable;","L32393","L103","C:\GIT\pris2\SourceMeter\Guille\jenkins-jenkins-2.328\core\src\main\java\hudson\model\HealthReport.java","107","5","107","48","0","0","0","0","0","0","0","0","0","0","0","0","0","0","0","0","0","0","0","0","0","0","0","0"
"L32528","itemListeners","hudson.model.Hudson.itemListeners;Lhudson/util/CopyOnWriteList;","L2897","L103","C:\GIT\pris2\SourceMeter\Guille\jenkins-jenkins-2.328\core\src\main\java\hudson\model\Hudson.java","63","5","64","135","0","0","0","0","0","0","0","0","0","0","0","0","0","0","0","0","0","0","0","0","0","0","0","0"
"L32534","computerListeners","hudson.model.Hudson.computerListeners;Lhudson/util/CopyOnWriteList;","L2897","L103","C:\GIT\pris2\SourceMeter\Guille\jenkins-jenkins-2.328\core\src\main\java\hudson\model\Hudson.java","70","5","71","147","0","0","0","0","0","0","0","0","0","0","0","0","0","0","0","0","0","0","0","0","0","0","0","0"
"L32679","PERMISSIONS","hudson.model.Item.PERMISSIONS;Lhudson/security/PermissionGroup;","L2768","L103","C:\GIT\pris2\SourceMeter\Guille\jenkins-jenkins-2.328\core\src\main\java\hudson\model\Item.java","252","5","252","103","0","0","0","0","0","0","0","0","0","0","0","0","0","0","0","0","0","0","0","0","0","0","0","0"
"L4753","CREATE","hudson.model.Item.CREATE;Lhudson/security/Permission;","L2768","L103","C:\GIT\pris2\SourceMeter\Guille\jenkins-jenkins-2.328\core\src\main\java\hudson\model\Item.java","253","5","259","49","0","0","0","0","0","0","0","0","0","0","0","0","0","0","0","0","0","0","0","0","0","0","0","0"
"L3155","DELETE","hudson.model.Item.DELETE;Lhudson/security/Permission;","L2768","L103","C:\GIT\pris2\SourceMeter\Guille\jenkins-jenkins-2.328\core\src\main\java\hudson\model\Item.java","260","5","266","43","0","0","0","0","0","0","0","0","0","0","0","0","0","0","0","0","0","0","0","0","0","0","0","0"
"L3954","CONFIGURE","hudson.model.Item.CONFIGURE;Lhudson/security/Permission;","L2768","L103","C:\GIT\pris2\SourceMeter\Guille\jenkins-jenkins-2.328\core\src\main\java\hudson\model\Item.java","267","5","273","43","0","0","0","0","0","0","0","0","0","0","0","0","0","0","0","0","0","0","0","0","0","0","0","0"
"L2682","READ","hudson.model.Item.READ;Lhudson/security/Permission;","L2768","L103","C:\GIT\pris2\SourceMeter\Guille\jenkins-jenkins-2.328\core\src\main\java\hudson\model\Item.java","274","5","280","43","0","0","0","0","0","0","0","0","0","0","0","0","0","0","0","0","0","0","0","0","0","0","0","0"
"L26660","DISCOVER","hudson.model.Item.DISCOVER;Lhudson/security/Permission;","L2768","L103","C:\GIT\pris2\SourceMeter\Guille\jenkins-jenkins-2.328\core\src\main\java\hudson\model\Item.java","281","5","287","43","0","0","0","0","0","0","0","0","0","0","0","0","0","0","0","0","0","0","0","0","0","0","0","0"
"L4755","EXTENDED_READ","hudson.model.Item.EXTENDED_READ;Lhudson/security/Permission;","L2768","L103","C:\GIT\pris2\SourceMeter\Guille\jenkins-jenkins-2.328\core\src\main\java\hudson\model\Item.java","293","5","300","67","0","0","0","0","0","0","0","0","0","0","0","0","0","0","0","0","0","0","0","0","0","0","0","0"
"L1726","BUILD","hudson.model.Item.BUILD;Lhudson/security/Permission;","L2768","L103","C:\GIT\pris2\SourceMeter\Guille\jenkins-jenkins-2.328\core\src\main\java\hudson\model\Item.java","302","5","308","43","0","0","0","0","0","0","0","0","0","0","0","0","0","0","0","0","0","0","0","0","0","0","0","0"
"L27812","WORKSPACE","hudson.model.Item.WORKSPACE;Lhudson/security/Permission;","L2768","L103","C:\GIT\pris2\SourceMeter\Guille\jenkins-jenkins-2.328\core\src\main\java\hudson\model\Item.java","309","5","315","43","0","0","0","0","0","0","0","0","0","0","0","0","0","0","0","0","0","0","0","0","0","0","0","0"
"L27820","WIPEOUT","hudson.model.Item.WIPEOUT;Lhudson/security/Permission;","L2768","L103","C:\GIT\pris2\SourceMeter\Guille\jenkins-jenkins-2.328\core\src\main\java\hudson\model\Item.java","316","5","323","67","0","0","0","0","0","0","0","0","0","0","0","0","0","0","0","0","0","0","0","0","0","0","0","0"
"L27481","CANCEL","hudson.model.Item.CANCEL;Lhudson/security/Permission;","L2768","L103","C:\GIT\pris2\SourceMeter\Guille\jenkins-jenkins-2.328\core\src\main\java\hudson\model\Item.java","324","5","330","43","0","0","0","0","0","0","0","0","0","0","0","0","0","0","0","0","0","0","0","0","0","0","0","0"
"L32779","parent","hudson.model.ItemGroupMixIn.parent;Lhudson/model/ItemGroup;","L32777","L103","C:\GIT\pris2\SourceMeter\Guille\jenkins-jenkins-2.328\core\src\main\java\hudson\model\ItemGroupMixIn.java","68","5","68","36","0","0","0","0","0","0","0","0","0","0","0","0","0","0","0","0","0","0","0","0","0","0","0","0"
"L32781","acl","hudson.model.ItemGroupMixIn.acl;Lhudson/security/AccessControlled;","L32777","L103","C:\GIT\pris2\SourceMeter\Guille\jenkins-jenkins-2.328\core\src\main\java\hudson\model\ItemGroupMixIn.java","69","5","69","40","0","0","0","0","0","0","0","0","0","0","0","0","0","0","0","0","0","0","0","0","0","0","0","0"
"L32823","KEYED_BY_NAME","hudson.model.ItemGroupMixIn.KEYED_BY_NAME;Lhudson/util/Function1;","L32777","L103","C:\GIT\pris2\SourceMeter\Guille\jenkins-jenkins-2.328\core\src\main\java\hudson\model\ItemGroupMixIn.java","137","5","137","79","0","0","0","0","0","0","0","0","0","0","0","0","0","0","0","0","0","0","0","0","0","0","0","0"
"L32908","LIST","hudson.model.Items.LIST;Ljava/util/List;","L32905","L103","C:\GIT\pris2\SourceMeter\Guille\jenkins-jenkins-2.328\core\src\main\java\hudson\model\Items.java","72","5","73","109","0","0","0","0","0","0","0","0","0","0","0","0","0","0","0","0","0","0","0","0","0","0","0","0"
"L32918","updatingByXml","hudson.model.Items.updatingByXml;Ljava/lang/ThreadLocal;","L32905","L103","C:\GIT\pris2\SourceMeter\Guille\jenkins-jenkins-2.328\core\src\main\java\hudson\model\Items.java","80","5","80","100","0","0","0","0","0","0","0","0","0","0","0","0","0","0","0","0","0","0","0","0","0","0","0","0"
"L32923","BY_NAME","hudson.model.Items.BY_NAME;Ljava/util/Comparator;","L32905","L103","C:\GIT\pris2\SourceMeter\Guille\jenkins-jenkins-2.328\core\src\main\java\hudson\model\Items.java","88","5","100","7","0","0","0","0","0","0","0","0","0","0","0","0","0","0","0","0","0","0","0","0","0","0","0","0"
"L32936","BY_FULL_NAME","hudson.model.Items.BY_FULL_NAME;Ljava/util/Comparator;","L32905","L103","C:\GIT\pris2\SourceMeter\Guille\jenkins-jenkins-2.328\core\src\main\java\hudson\model\Items.java","106","5","118","7","0","0","0","0","0","0","0","0","0","0","0","0","0","0","0","0","0","0","0","0","0","0","0","0"
"L26870","XSTREAM","hudson.model.Items.XSTREAM;LXStream;","L32905","L103","C:\GIT\pris2\SourceMeter\Guille\jenkins-jenkins-2.328\core\src\main\java\hudson\model\Items.java","727","5","727","58","0","0","0","0","0","0","0","0","0","0","0","0","0","0","0","0","0","0","0","0","0","0","0","0"
"L17089","XSTREAM2","hudson.model.Items.XSTREAM2;Lhudson/util/XStream2;","L32905","L103","C:\GIT\pris2\SourceMeter\Guille\jenkins-jenkins-2.328\core\src\main\java\hudson\model\Items.java","732","5","732","64","0","0","0","0","0","0","0","0","0","0","0","0","0","0","0","0","0","0","0","0","0","0","0","0"
"L33214","DEFAULT_NAME","hudson.model.JDK.DEFAULT_NAME;Ljava/lang/String;","L22210","L103","C:\GIT\pris2\SourceMeter\Guille\jenkins-jenkins-2.328\core\src\main\java\hudson\model\JDK.java","65","5","65","58","0","0","0","0","0","0","0","0","0","0","0","0","0","0","0","0","0","0","0","0","0","0","0","0"
"L33216","serialVersionUID","hudson.model.JDK.serialVersionUID;J","L22210","L103","C:\GIT\pris2\SourceMeter\Guille\jenkins-jenkins-2.328\core\src\main\java\hudson\model\JDK.java","66","5","66","72","0","0","0","0","0","0","0","0","0","0","0","0","0","0","0","0","0","0","0","0","0","0","0","0"
"L33219","javaHome","hudson.model.JDK.javaHome;Ljava/lang/String;","L22210","L103","C:\GIT\pris2\SourceMeter\Guille\jenkins-jenkins-2.328\core\src\main\java\hudson\model\JDK.java","80","5","81","39","0","0","0","0","0","0","0","0","0","0","0","0","0","0","0","0","0","0","0","0","0","0","0","0"
"L33297","LOGGER","hudson.model.JDK.LOGGER;Ljava/util/logging/Logger;","L22210","L103","C:\GIT\pris2\SourceMeter\Guille\jenkins-jenkins-2.328\core\src\main\java\hudson\model\JDK.java","233","5","233","80","0","0","0","0","0","0","0","0","0","0","0","0","0","0","0","0","0","0","0","0","0","0","0","0"
"L33318","LOGGER","hudson.model.Job.LOGGER;Ljava/util/logging/Logger;","L1702","L103","C:\GIT\pris2\SourceMeter\Guille\jenkins-jenkins-2.328\core\src\main\java\hudson\model\Job.java","139","5","139","80","0","0","0","0","0","0","0","0","0","0","0","0","0","0","0","0","0","0","0","0","0","0","0","0"
"L33319","nextBuildNumber","hudson.model.Job.nextBuildNumber;I","L1702","L103","C:\GIT\pris2\SourceMeter\Guille\jenkins-jenkins-2.328\core\src\main\java\hudson\model\Job.java","149","5","149","58","0","0","0","0","0","0","0","0","0","0","0","0","0","0","0","0","0","0","0","0","0","0","0","0"
"L33321","holdOffBuildUntilSave","hudson.model.Job.holdOffBuildUntilSave;Z","L1702","L103","C:\GIT\pris2\SourceMeter\Guille\jenkins-jenkins-2.328\core\src\main\java\hudson\model\Job.java","155","5","155","62","0","0","0","0","0","0","0","0","0","0","0","0","0","0","0","0","0","0","0","0","0","0","0","0"
"L33323","holdOffBuildUntilUserSave","hudson.model.Job.holdOffBuildUntilUserSave;Z","L1702","L103","C:\GIT\pris2\SourceMeter\Guille\jenkins-jenkins-2.328\core\src\main\java\hudson\model\Job.java","162","5","162","66","0","0","0","0","0","0","0","0","0","0","0","0","0","0","0","0","0","0","0","0","0","0","0","0"
"L33325","logRotator","hudson.model.Job.logRotator;Ljenkins/model/BuildDiscarder;","L1702","L103","C:\GIT\pris2\SourceMeter\Guille\jenkins-jenkins-2.328\core\src\main\java\hudson\model\Job.java","165","5","166","48","0","0","0","0","0","0","0","0","0","0","0","0","0","0","0","0","0","0","0","0","0","0","0","0"
"L33330","cachedBuildHealthReportsBuildNumber","hudson.model.Job.cachedBuildHealthReportsBuildNumber;Ljava/lang/Integer;","L1702","L103","C:\GIT\pris2\SourceMeter\Guille\jenkins-jenkins-2.328\core\src\main\java\hudson\model\Job.java","173","5","173","74","0","0","0","0","0","0","0","0","0","0","0","0","0","0","0","0","0","0","0","0","0","0","0","0"
"L33332","cachedBuildHealthReports","hudson.model.Job.cachedBuildHealthReports;Ljava/util/List;","L1702","L103","C:\GIT\pris2\SourceMeter\Guille\jenkins-jenkins-2.328\core\src\main\java\hudson\model\Job.java","174","5","174","74","0","0","0","0","0","0","0","0","0","0","0","0","0","0","0","0","0","0","0","0","0","0","0","0"
"L27777","keepDependencies","hudson.model.Job.keepDependencies;Z","L1702","L103","C:\GIT\pris2\SourceMeter\Guille\jenkins-jenkins-2.328\core\src\main\java\hudson\model\Job.java","176","5","176","30","0","0","0","0","0","0","0","0","0","0","0","0","0","0","0","0","0","0","0","0","0","0","0","0"
"L27263","properties","hudson.model.Job.properties;Lhudson/util/CopyOnWriteList;","L1702","L103","C:\GIT\pris2\SourceMeter\Guille\jenkins-jenkins-2.328\core\src\main\java\hudson\model\Job.java","182","5","182","95","0","0","0","0","0","0","0","0","0","0","0","0","0","0","0","0","0","0","0","0","0","0","0","0"
"L33344","runIdMigrator","hudson.model.Job.runIdMigrator;Ljenkins/model/RunIdMigrator;","L1702","L103","C:\GIT\pris2\SourceMeter\Guille\jenkins-jenkins-2.328\core\src\main\java\hudson\model\Job.java","184","5","185","50","0","0","0","0","0","0","0","0","0","0","0","0","0","0","0","0","0","0","0","0","0","0","0","0"
"L33535","HISTORY_ADAPTER","hudson.model.Job.HISTORY_ADAPTER;Lhudson/widgets/HistoryWidget$Adapter;","L1702","L103","C:\GIT\pris2\SourceMeter\Guille\jenkins-jenkins-2.328\core\src\main\java\hudson\model\Job.java","626","5","656","7","0","0","0","0","0","0","0","0","0","0","0","0","0","0","0","0","0","0","0","0","0","0","0","0"
"L33406","SERVER_COOKIE","hudson.model.Job.SERVER_COOKIE;Ljenkins/security/HexStringConfidentialKey;","L1702","L103","C:\GIT\pris2\SourceMeter\Guille\jenkins-jenkins-2.328\core\src\main\java\hudson\model\Job.java","1606","5","1606","127","0","0","0","0","0","0","0","0","0","0","0","0","0","0","0","0","0","0","0","0","0","0","0","0"
"L33916","owner","hudson.model.JobProperty.owner;Lhudson/model/Job;","L17052","L103","C:\GIT\pris2\SourceMeter\Guille\jenkins-jenkins-2.328\core\src\main\java\hudson\model\JobProperty.java","84","5","84","33","0","0","0","0","0","0","0","0","0","0","0","0","0","0","0","0","0","0","0","0","0","0","0","0"
"L33991","PROPERTIES","hudson.model.Jobs.PROPERTIES;Ljava/util/List;","L33988","L103","C:\GIT\pris2\SourceMeter\Guille\jenkins-jenkins-2.328\core\src\main\java\hudson\model\Jobs.java","51","5","53","75","0","0","0","0","0","0","0","0","0","0","0","0","0","0","0","0","0","0","0","0","0","0","0","0"
"L34000","name","hudson.model.Label.name;Ljava/lang/String;","L5171","L103","C:\GIT\pris2\SourceMeter\Guille\jenkins-jenkins-2.328\core\src\main\java\hudson\model\Label.java","89","5","90","43","0","0","0","0","0","0","0","0","0","0","0","0","0","0","0","0","0","0","0","0","0","0","0","0"
"L34002","nodes","hudson.model.Label.nodes;Ljava/util/Set;","L5171","L103","C:\GIT\pris2\SourceMeter\Guille\jenkins-jenkins-2.328\core\src\main\java\hudson\model\Label.java","91","5","91","48","0","0","0","0","0","0","0","0","0","0","0","0","0","0","0","0","0","0","0","0","0","0","0","0"
"L34006","clouds","hudson.model.Label.clouds;Ljava/util/Set;","L5171","L103","C:\GIT\pris2\SourceMeter\Guille\jenkins-jenkins-2.328\core\src\main\java\hudson\model\Label.java","92","5","92","50","0","0","0","0","0","0","0","0","0","0","0","0","0","0","0","0","0","0","0","0","0","0","0","0"
"L34010","tiedJobsCount","hudson.model.Label.tiedJobsCount;I","L5171","L103","C:\GIT\pris2\SourceMeter\Guille\jenkins-jenkins-2.328\core\src\main\java\hudson\model\Label.java","93","5","93","50","0","0","0","0","0","0","0","0","0","0","0","0","0","0","0","0","0","0","0","0","0","0","0","0"
"L29303","loadStatistics","hudson.model.Label.loadStatistics;Lhudson/model/LoadStatistics;","L5171","L103","C:\GIT\pris2\SourceMeter\Guille\jenkins-jenkins-2.328\core\src\main\java\hudson\model\Label.java","95","5","97","58","0","0","0","0","0","0","0","0","0","0","0","0","0","0","0","0","0","0","0","0","0","0","0","0"
"L34011","nodeProvisioner","hudson.model.Label.nodeProvisioner;Lhudson/slaves/NodeProvisioner;","L5171","L103","C:\GIT\pris2\SourceMeter\Guille\jenkins-jenkins-2.328\core\src\main\java\hudson\model\Label.java","98","5","99","60","0","0","0","0","0","0","0","0","0","0","0","0","0","0","0","0","0","0","0","0","0","0","0","0"
"L34163","ATOM_COLLECTOR","hudson.model.Label.ATOM_COLLECTOR;Lhudson/model/labels/LabelVisitor;","L5171","L103","C:\GIT\pris2\SourceMeter\Guille\jenkins-jenkins-2.328\core\src\main\java\hudson\model\Label.java","618","5","660","7","0","0","0","0","0","0","0","0","0","0","0","0","0","0","0","0","0","0","0","0","0","0","0","0"
"L35157","jobNames","hudson.model.ListView.jobNames;Ljava/util/SortedSet;","L4147","L103","C:\GIT\pris2\SourceMeter\Guille\jenkins-jenkins-2.328\core\src\main\java\hudson\model\ListView.java","84","5","85","108","0","0","0","0","0","0","0","0","0","0","0","0","0","0","0","0","0","0","0","0","0","0","0","0"
"L35159","jobFilters","hudson.model.ListView.jobFilters;Lhudson/util/DescribableList;","L4147","L103","C:\GIT\pris2\SourceMeter\Guille\jenkins-jenkins-2.328\core\src\main\java\hudson\model\ListView.java","87","5","87","82","0","0","0","0","0","0","0","0","0","0","0","0","0","0","0","0","0","0","0","0","0","0","0","0"
"L35169","columns","hudson.model.ListView.columns;Lhudson/util/DescribableList;","L4147","L103","C:\GIT\pris2\SourceMeter\Guille\jenkins-jenkins-2.328\core\src\main\java\hudson\model\ListView.java","89","5","89","81","0","0","0","0","0","0","0","0","0","0","0","0","0","0","0","0","0","0","0","0","0","0","0","0"
"L35179","includeRegex","hudson.model.ListView.includeRegex;Ljava/lang/String;","L4147","L103","C:\GIT\pris2\SourceMeter\Guille\jenkins-jenkins-2.328\core\src\main\java\hudson\model\ListView.java","94","5","94","33","0","0","0","0","0","0","0","0","0","0","0","0","0","0","0","0","0","0","0","0","0","0","0","0"
"L35181","recurse","hudson.model.ListView.recurse;Z","L4147","L103","C:\GIT\pris2\SourceMeter\Guille\jenkins-jenkins-2.328\core\src\main\java\hudson\model\ListView.java","99","5","99","29","0","0","0","0","0","0","0","0","0","0","0","0","0","0","0","0","0","0","0","0","0","0","0","0"
"L35183","includePattern","hudson.model.ListView.includePattern;Ljava/util/regex/Pattern;","L4147","L103","C:\GIT\pris2\SourceMeter\Guille\jenkins-jenkins-2.328\core\src\main\java\hudson\model\ListView.java","104","5","104","46","0","0","0","0","0","0","0","0","0","0","0","0","0","0","0","0","0","0","0","0","0","0","0","0"
"L35185","statusFilter","hudson.model.ListView.statusFilter;Ljava/lang/Boolean;","L4147","L103","C:\GIT\pris2\SourceMeter\Guille\jenkins-jenkins-2.328\core\src\main\java\hudson\model\ListView.java","111","5","112","44","0","0","0","0","0","0","0","0","0","0","0","0","0","0","0","0","0","0","0","0","0","0","0","0"
"L35378","CONSISTENT_HASH","hudson.model.LoadBalancer.CONSISTENT_HASH;Lhudson/model/LoadBalancer;","L35365","L103","C:\GIT\pris2\SourceMeter\Guille\jenkins-jenkins-2.328\core\src\main\java\hudson\model\LoadBalancer.java","79","5","136","7","0","0","0","0","0","0","0","0","0","0","0","0","0","0","0","0","0","0","0","0","0","0","0","0"
"L35436","DEFAULT","hudson.model.LoadBalancer.DEFAULT;Lhudson/model/LoadBalancer;","L35365","L103","C:\GIT\pris2\SourceMeter\Guille\jenkins-jenkins-2.328\core\src\main\java\hudson\model\LoadBalancer.java","144","5","145","64","0","0","0","0","0","0","0","0","0","0","0","0","0","0","0","0","0","0","0","0","0","0","0","0"
"L35429","LOGGER","hudson.model.LoadBalancer.LOGGER;Ljava/util/logging/Logger;","L35365","L103","C:\GIT\pris2\SourceMeter\Guille\jenkins-jenkins-2.328\core\src\main\java\hudson\model\LoadBalancer.java","175","5","175","89","0","0","0","0","0","0","0","0","0","0","0","0","0","0","0","0","0","0","0","0","0","0","0","0"
"L35451","modern","hudson.model.LoadStatistics.modern;Z","L29296","L103","C:\GIT\pris2\SourceMeter\Guille\jenkins-jenkins-2.328\core\src\main\java\hudson\model\LoadStatistics.java","81","5","81","34","0","0","0","0","0","0","0","0","0","0","0","0","0","0","0","0","0","0","0","0","0","0","0","0"
"L35453","definedExecutors","hudson.model.LoadStatistics.definedExecutors;Lhudson/model/MultiStageTimeSeries;","L29296","L103","C:\GIT\pris2\SourceMeter\Guille\jenkins-jenkins-2.328\core\src\main\java\hudson\model\LoadStatistics.java","87","5","88","56","0","0","0","0","0","0","0","0","0","0","0","0","0","0","0","0","0","0","0","0","0","0","0","0"
"L35455","onlineExecutors","hudson.model.LoadStatistics.onlineExecutors;Lhudson/model/MultiStageTimeSeries;","L29296","L103","C:\GIT\pris2\SourceMeter\Guille\jenkins-jenkins-2.328\core\src\main\java\hudson\model\LoadStatistics.java","94","5","95","55","0","0","0","0","0","0","0","0","0","0","0","0","0","0","0","0","0","0","0","0","0","0","0","0"
"L35457","connectingExecutors","hudson.model.LoadStatistics.connectingExecutors;Lhudson/model/MultiStageTimeSeries;","L29296","L103","C:\GIT\pris2\SourceMeter\Guille\jenkins-jenkins-2.328\core\src\main\java\hudson\model\LoadStatistics.java","101","5","102","59","0","0","0","0","0","0","0","0","0","0","0","0","0","0","0","0","0","0","0","0","0","0","0","0"
"L35459","busyExecutors","hudson.model.LoadStatistics.busyExecutors;Lhudson/model/MultiStageTimeSeries;","L29296","L103","C:\GIT\pris2\SourceMeter\Guille\jenkins-jenkins-2.328\core\src\main\java\hudson\model\LoadStatistics.java","107","5","108","53","0","0","0","0","0","0","0","0","0","0","0","0","0","0","0","0","0","0","0","0","0","0","0","0"
"L35461","idleExecutors","hudson.model.LoadStatistics.idleExecutors;Lhudson/model/MultiStageTimeSeries;","L29296","L103","C:\GIT\pris2\SourceMeter\Guille\jenkins-jenkins-2.328\core\src\main\java\hudson\model\LoadStatistics.java","115","5","116","53","0","0","0","0","0","0","0","0","0","0","0","0","0","0","0","0","0","0","0","0","0","0","0","0"
"L35463","availableExecutors","hudson.model.LoadStatistics.availableExecutors;Lhudson/model/MultiStageTimeSeries;","L29296","L103","C:\GIT\pris2\SourceMeter\Guille\jenkins-jenkins-2.328\core\src\main\java\hudson\model\LoadStatistics.java","122","5","123","58","0","0","0","0","0","0","0","0","0","0","0","0","0","0","0","0","0","0","0","0","0","0","0","0"
"L35465","totalExecutors","hudson.model.LoadStatistics.totalExecutors;Lhudson/model/MultiStageTimeSeries;","L29296","L103","C:\GIT\pris2\SourceMeter\Guille\jenkins-jenkins-2.328\core\src\main\java\hudson\model\LoadStatistics.java","130","5","132","54","0","0","0","0","0","0","0","0","0","0","0","0","0","0","0","0","0","0","0","0","0","0","0","0"
"L35467","queueLength","hudson.model.LoadStatistics.queueLength;Lhudson/model/MultiStageTimeSeries;","L29296","L103","C:\GIT\pris2\SourceMeter\Guille\jenkins-jenkins-2.328\core\src\main\java\hudson\model\LoadStatistics.java","137","5","138","51","0","0","0","0","0","0","0","0","0","0","0","0","0","0","0","0","0","0","0","0","0","0","0","0"
"L35474","DECAY","hudson.model.LoadStatistics.DECAY;F","L29296","L103","C:\GIT\pris2\SourceMeter\Guille\jenkins-jenkins-2.328\core\src\main\java\hudson\model\LoadStatistics.java","378","5","378","134","0","0","0","0","0","0","0","0","0","0","0","0","0","0","0","0","0","0","0","0","0","0","0","0"
"L35593","CLOCK","hudson.model.LoadStatistics.CLOCK;I","L29296","L103","C:\GIT\pris2\SourceMeter\Guille\jenkins-jenkins-2.328\core\src\main\java\hudson\model\LoadStatistics.java","382","5","383","139","0","0","0","0","0","0","0","0","0","0","0","0","0","0","0","0","0","0","0","0","0","0","0","0"
"L35690","LIST","hudson.model.ManagementLink.LIST;Ljava/util/List;","L17239","L103","C:\GIT\pris2\SourceMeter\Guille\jenkins-jenkins-2.328\core\src\main\java\hudson\model\ManagementLink.java","109","5","110","104","0","0","0","0","0","0","0","0","0","0","0","0","0","0","0","0","0","0","0","0","0","0","0","0"
"L35712","LOGGER","hudson.model.ManagementLink.LOGGER;Ljava/util/logging/Logger;","L17239","L103","C:\GIT\pris2\SourceMeter\Guille\jenkins-jenkins-2.328\core\src\main\java\hudson\model\ManagementLink.java","218","5","218","91","0","0","0","0","0","0","0","0","0","0","0","0","0","0","0","0","0","0","0","0","0","0","0","0"
"L35755","title","hudson.model.MultiStageTimeSeries.title;LLocalizable;","L18974","L103","C:\GIT\pris2\SourceMeter\Guille\jenkins-jenkins-2.328\core\src\main\java\hudson\model\MultiStageTimeSeries.java","69","5","69","36","0","0","0","0","0","0","0","0","0","0","0","0","0","0","0","0","0","0","0","0","0","0","0","0"
"L35757","color","hudson.model.MultiStageTimeSeries.color;Ljava/awt/Color;","L18974","L103","C:\GIT\pris2\SourceMeter\Guille\jenkins-jenkins-2.328\core\src\main\java\hudson\model\MultiStageTimeSeries.java","74","5","74","30","0","0","0","0","0","0","0","0","0","0","0","0","0","0","0","0","0","0","0","0","0","0","0","0"
"L35759","sec10","hudson.model.MultiStageTimeSeries.sec10;Lhudson/model/TimeSeries;","L18974","L103","C:\GIT\pris2\SourceMeter\Guille\jenkins-jenkins-2.328\core\src\main\java\hudson\model\MultiStageTimeSeries.java","79","5","80","35","0","0","0","0","0","0","0","0","0","0","0","0","0","0","0","0","0","0","0","0","0","0","0","0"
"L35764","min","hudson.model.MultiStageTimeSeries.min;Lhudson/model/TimeSeries;","L18974","L103","C:\GIT\pris2\SourceMeter\Guille\jenkins-jenkins-2.328\core\src\main\java\hudson\model\MultiStageTimeSeries.java","84","5","85","33","0","0","0","0","0","0","0","0","0","0","0","0","0","0","0","0","0","0","0","0","0","0","0","0"
"L35766","hour","hudson.model.MultiStageTimeSeries.hour;Lhudson/model/TimeSeries;","L18974","L103","C:\GIT\pris2\SourceMeter\Guille\jenkins-jenkins-2.328\core\src\main\java\hudson\model\MultiStageTimeSeries.java","89","5","90","34","0","0","0","0","0","0","0","0","0","0","0","0","0","0","0","0","0","0","0","0","0","0","0","0"
"L35768","counter","hudson.model.MultiStageTimeSeries.counter;I","L18974","L103","C:\GIT\pris2\SourceMeter\Guille\jenkins-jenkins-2.328\core\src\main\java\hudson\model\MultiStageTimeSeries.java","92","5","92","25","0","0","0","0","0","0","0","0","0","0","0","0","0","0","0","0","0","0","0","0","0","0","0","0"
"L35769","CHART_FONT","hudson.model.MultiStageTimeSeries.CHART_FONT;Ljava/awt/Font;","L18974","L103","C:\GIT\pris2\SourceMeter\Guille\jenkins-jenkins-2.328\core\src\main\java\hudson\model\MultiStageTimeSeries.java","94","5","95","56","0","0","0","0","0","0","0","0","0","0","0","0","0","0","0","0","0","0","0","0","0","0","0","0"
"L35882","serialVersionUID","hudson.model.MultiStageTimeSeries.serialVersionUID;J","L18974","L103","C:\GIT\pris2\SourceMeter\Guille\jenkins-jenkins-2.328\core\src\main\java\hudson\model\MultiStageTimeSeries.java","310","5","310","53","0","0","0","0","0","0","0","0","0","0","0","0","0","0","0","0","0","0","0","0","0","0","0","0"
"L35911","primaryViewName","hudson.model.MyViewsProperty.primaryViewName;Ljava/lang/String;","L35904","L103","C:\GIT\pris2\SourceMeter\Guille\jenkins-jenkins-2.328\core\src\main\java\hudson\model\MyViewsProperty.java","67","5","68","36","0","0","0","0","0","0","0","0","0","0","0","0","0","0","0","0","0","0","0","0","0","0","0","0"
"L35913","views","hudson.model.MyViewsProperty.views;Ljava/util/concurrent/CopyOnWriteArrayList;","L35904","L103","C:\GIT\pris2\SourceMeter\Guille\jenkins-jenkins-2.328\core\src\main\java\hudson\model\MyViewsProperty.java","73","5","73","77","0","0","0","0","0","0","0","0","0","0","0","0","0","0","0","0","0","0","0","0","0","0","0","0"
"L35918","viewGroupMixIn","hudson.model.MyViewsProperty.viewGroupMixIn;Lhudson/model/ViewGroupMixIn;","L35904","L103","C:\GIT\pris2\SourceMeter\Guille\jenkins-jenkins-2.328\core\src\main\java\hudson\model\MyViewsProperty.java","75","5","75","53","0","0","0","0","0","0","0","0","0","0","0","0","0","0","0","0","0","0","0","0","0","0","0","0"
"L36039","LOGGER","hudson.model.Node.LOGGER;Ljava/util/logging/Logger;","L2795","L103","C:\GIT\pris2\SourceMeter\Guille\jenkins-jenkins-2.328\core\src\main\java\hudson\model\Node.java","100","5","100","81","0","0","0","0","0","0","0","0","0","0","0","0","0","0","0","0","0","0","0","0","0","0","0","0"
"L36040","SKIP_BUILD_CHECK_ON_FLYWEIGHTS","hudson.model.Node.SKIP_BUILD_CHECK_ON_FLYWEIGHTS;Z","L2795","L103","C:\GIT\pris2\SourceMeter\Guille\jenkins-jenkins-2.328\core\src\main\java\hudson\model\Node.java","103","5","104","168","0","0","0","0","0","0","0","0","0","0","0","0","0","0","0","0","0","0","0","0","0","0","0","0"
"L29876","holdOffLaunchUntilSave","hudson.model.Node.holdOffLaunchUntilSave;Z","L2795","L103","C:\GIT\pris2\SourceMeter\Guille\jenkins-jenkins-2.328\core\src\main\java\hudson\model\Node.java","110","5","110","65","0","0","0","0","0","0","0","0","0","0","0","0","0","0","0","0","0","0","0","0","0","0","0","0"
"L36066","temporaryOfflineCause","hudson.model.Node.temporaryOfflineCause;Lhudson/slaves/OfflineCause;","L2795","L103","C:\GIT\pris2\SourceMeter\Guille\jenkins-jenkins-2.328\core\src\main\java\hudson\model\Node.java","268","5","268","48","0","0","0","0","0","0","0","0","0","0","0","0","0","0","0","0","0","0","0","0","0","0","0","0"
"L36194","md5sum","hudson.model.NoFingerprintMatch.md5sum;Ljava/lang/String;","L36192","L103","C:\GIT\pris2\SourceMeter\Guille\jenkins-jenkins-2.328\core\src\main\java\hudson\model\NoFingerprintMatch.java","31","5","31","33","0","0","0","0","0","0","0","0","0","0","0","0","0","0","0","0","0","0","0","0","0","0","0","0"
"L36202","serialVersionUID","hudson.model.NullTaskListener.serialVersionUID;J","L36199","L103","C:\GIT\pris2\SourceMeter\Guille\jenkins-jenkins-2.328\core\src\main\java\hudson\model\NullTaskListener.java","35","5","35","53","0","0","0","0","0","0","0","0","0","0","0","0","0","0","0","0","0","0","0","0","0","0","0","0"
"L36208","totalQueueLength","hudson.model.OverallLoadStatistics.totalQueueLength;Lhudson/model/MultiStageTimeSeries;","L36206","L103","C:\GIT\pris2\SourceMeter\Guille\jenkins-jenkins-2.328\core\src\main\java\hudson\model\OverallLoadStatistics.java","50","5","53","70","0","0","0","0","0","0","0","0","0","0","0","0","0","0","0","0","0","0","0","0","0","0","0","0"
"L36243","ALL","hudson.model.PageDecorator.ALL;Ljava/util/List;","L23102","L103","C:\GIT\pris2\SourceMeter\Guille\jenkins-jenkins-2.328\core\src\main\java\hudson\model\PageDecorator.java","108","5","109","100","0","0","0","0","0","0","0","0","0","0","0","0","0","0","0","0","0","0","0","0","0","0","0","0"
"L36254","collapsed","hudson.model.PaneStatusProperties.collapsed;Lhudson/util/PersistedList;","L36252","L103","C:\GIT\pris2\SourceMeter\Guille\jenkins-jenkins-2.328\core\src\main\java\hudson\model\PaneStatusProperties.java","14","5","14","79","0","0","0","0","0","0","0","0","0","0","0","0","0","0","0","0","0","0","0","0","0","0","0","0"
"L36258","FALLBACK","hudson.model.PaneStatusProperties.FALLBACK;Lhudson/model/PaneStatusProperties;","L36252","L103","C:\GIT\pris2\SourceMeter\Guille\jenkins-jenkins-2.328\core\src\main\java\hudson\model\PaneStatusProperties.java","16","5","16","100","0","0","0","0","0","0","0","0","0","0","0","0","0","0","0","0","0","0","0","0","0","0","0","0"
"L36298","name","hudson.model.ParameterDefinition.name;Ljava/lang/String;","L1754","L103","C:\GIT\pris2\SourceMeter\Guille\jenkins-jenkins-2.328\core\src\main\java\hudson\model\ParameterDefinition.java","102","5","102","31","0","0","0","0","0","0","0","0","0","0","0","0","0","0","0","0","0","0","0","0","0","0","0","0"
"L36299","description","hudson.model.ParameterDefinition.description;Ljava/lang/String;","L1754","L103","C:\GIT\pris2\SourceMeter\Guille\jenkins-jenkins-2.328\core\src\main\java\hudson\model\ParameterDefinition.java","104","5","104","32","0","0","0","0","0","0","0","0","0","0","0","0","0","0","0","0","0","0","0","0","0","0","0","0"
"L36340","LIST","hudson.model.ParameterDefinition.LIST;Lhudson/util/DescriptorList;","L1754","L103","C:\GIT\pris2\SourceMeter\Guille\jenkins-jenkins-2.328\core\src\main\java\hudson\model\ParameterDefinition.java","284","5","285","116","0","0","0","0","0","0","0","0","0","0","0","0","0","0","0","0","0","0","0","0","0","0","0","0"
"L36318","LOGGER","hudson.model.ParameterDefinition.LOGGER;Ljava/util/logging/Logger;","L1754","L103","C:\GIT\pris2\SourceMeter\Guille\jenkins-jenkins-2.328\core\src\main\java\hudson\model\ParameterDefinition.java","314","5","314","96","0","0","0","0","0","0","0","0","0","0","0","0","0","0","0","0","0","0","0","0","0","0","0","0"
"L36366","KEEP_UNDEFINED_PARAMETERS_SYSTEM_PROPERTY_NAME","hudson.model.ParametersAction.KEEP_UNDEFINED_PARAMETERS_SYSTEM_PROPERTY_NAME;Ljava/lang/String;","L1728","L103","C:\GIT\pris2\SourceMeter\Guille\jenkins-jenkins-2.328\core\src\main\java\hudson\model\ParametersAction.java","78","5","80","40","0","0","0","0","0","0","0","0","0","0","0","0","0","0","0","0","0","0","0","0","0","0","0","0"
"L36368","SAFE_PARAMETERS_SYSTEM_PROPERTY_NAME","hudson.model.ParametersAction.SAFE_PARAMETERS_SYSTEM_PROPERTY_NAME;Ljava/lang/String;","L1728","L103","C:\GIT\pris2\SourceMeter\Guille\jenkins-jenkins-2.328\core\src\main\java\hudson\model\ParametersAction.java","82","5","84","31","0","0","0","0","0","0","0","0","0","0","0","0","0","0","0","0","0","0","0","0","0","0","0","0"
"L36369","safeParameters","hudson.model.ParametersAction.safeParameters;Ljava/util/Set;","L1728","L103","C:\GIT\pris2\SourceMeter\Guille\jenkins-jenkins-2.328\core\src\main\java\hudson\model\ParametersAction.java","86","5","86","40","0","0","0","0","0","0","0","0","0","0","0","0","0","0","0","0","0","0","0","0","0","0","0","0"
"L36370","parameters","hudson.model.ParametersAction.parameters;Ljava/util/List;","L1728","L103","C:\GIT\pris2\SourceMeter\Guille\jenkins-jenkins-2.328\core\src\main\java\hudson\model\ParametersAction.java","88","5","88","54","0","0","0","0","0","0","0","0","0","0","0","0","0","0","0","0","0","0","0","0","0","0","0","0"
"L36371","parameterDefinitionNames","hudson.model.ParametersAction.parameterDefinitionNames;Ljava/util/List;","L1728","L103","C:\GIT\pris2\SourceMeter\Guille\jenkins-jenkins-2.328\core\src\main\java\hudson\model\ParametersAction.java","90","5","90","51","0","0","0","0","0","0","0","0","0","0","0","0","0","0","0","0","0","0","0","0","0","0","0","0"
"L36372","build","hudson.model.ParametersAction.build;Lhudson/model/AbstractBuild;","L1728","L103","C:\GIT\pris2\SourceMeter\Guille\jenkins-jenkins-2.328\core\src\main\java\hudson\model\ParametersAction.java","95","5","96","49","0","0","0","0","0","0","0","0","0","0","0","0","0","0","0","0","0","0","0","0","0","0","0","0"
"L36374","run","hudson.model.ParametersAction.run;Lhudson/model/Run;","L1728","L103","C:\GIT\pris2\SourceMeter\Guille\jenkins-jenkins-2.328\core\src\main\java\hudson\model\ParametersAction.java","98","5","98","37","0","0","0","0","0","0","0","0","0","0","0","0","0","0","0","0","0","0","0","0","0","0","0","0"
"L36471","LOGGER","hudson.model.ParametersAction.LOGGER;Ljava/util/logging/Logger;","L1728","L103","C:\GIT\pris2\SourceMeter\Guille\jenkins-jenkins-2.328\core\src\main\java\hudson\model\ParametersAction.java","366","5","366","93","0","0","0","0","0","0","0","0","0","0","0","0","0","0","0","0","0","0","0","0","0","0","0","0"
"L36481","parameterDefinitions","hudson.model.ParametersDefinitionProperty.parameterDefinitions;Ljava/util/List;","L1734","L103","C:\GIT\pris2\SourceMeter\Guille\jenkins-jenkins-2.328\core\src\main\java\hudson\model\ParametersDefinitionProperty.java","75","5","75","66","0","0","0","0","0","0","0","0","0","0","0","0","0","0","0","0","0","0","0","0","0","0","0","0"
"L36596","LOGGER","hudson.model.ParameterValue.LOGGER;Ljava/util/logging/Logger;","L1742","L103","C:\GIT\pris2\SourceMeter\Guille\jenkins-jenkins-2.328\core\src\main\java\hudson\model\ParameterValue.java","81","5","81","91","0","0","0","0","0","0","0","0","0","0","0","0","0","0","0","0","0","0","0","0","0","0","0","0"
"L28551","name","hudson.model.ParameterValue.name;Ljava/lang/String;","L1742","L103","C:\GIT\pris2\SourceMeter\Guille\jenkins-jenkins-2.328\core\src\main\java\hudson\model\ParameterValue.java","83","5","83","33","0","0","0","0","0","0","0","0","0","0","0","0","0","0","0","0","0","0","0","0","0","0","0","0"
"L36597","description","hudson.model.ParameterValue.description;Ljava/lang/String;","L1742","L103","C:\GIT\pris2\SourceMeter\Guille\jenkins-jenkins-2.328\core\src\main\java\hudson\model\ParameterValue.java","85","5","85","32","0","0","0","0","0","0","0","0","0","0","0","0","0","0","0","0","0","0","0","0","0","0","0","0"
"L23185","DEFAULT_VALUE","hudson.model.PasswordParameterDefinition.DEFAULT_VALUE;Ljava/lang/String;","L17108","L103","C:\GIT\pris2\SourceMeter\Guille\jenkins-jenkins-2.328\core\src\main\java\hudson\model\PasswordParameterDefinition.java","49","5","50","60","0","0","0","0","0","0","0","0","0","0","0","0","0","0","0","0","0","0","0","0","0","0","0","0"
"L36636","defaultValue","hudson.model.PasswordParameterDefinition.defaultValue;Lhudson/util/Secret;","L17108","L103","C:\GIT\pris2\SourceMeter\Guille\jenkins-jenkins-2.328\core\src\main\java\hudson\model\PasswordParameterDefinition.java","52","5","52","33","0","0","0","0","0","0","0","0","0","0","0","0","0","0","0","0","0","0","0","0","0","0","0","0"
"L36675","value","hudson.model.PasswordParameterValue.value;Lhudson/util/Secret;","L36648","L103","C:\GIT\pris2\SourceMeter\Guille\jenkins-jenkins-2.328\core\src\main\java\hudson\model\PasswordParameterValue.java","39","5","40","32","0","0","0","0","0","0","0","0","0","0","0","0","0","0","0","0","0","0","0","0","0","0","0","0"
"L28296","logger","hudson.model.PeriodicWork.logger;Ljava/util/logging/Logger;","L18880","L103","C:\GIT\pris2\SourceMeter\Guille\jenkins-jenkins-2.328\core\src\main\java\hudson\model\PeriodicWork.java","66","5","68","76","0","0","0","0","0","0","0","0","0","0","0","0","0","0","0","0","0","0","0","0","0","0","0","0"
"L36723","MIN","hudson.model.PeriodicWork.MIN;J","L18880","L103","C:\GIT\pris2\SourceMeter\Guille\jenkins-jenkins-2.328\core\src\main\java\hudson\model\PeriodicWork.java","119","5","119","49","0","0","0","0","0","0","0","0","0","0","0","0","0","0","0","0","0","0","0","0","0","0","0","0"
"L18887","HOUR","hudson.model.PeriodicWork.HOUR;J","L18880","L103","C:\GIT\pris2\SourceMeter\Guille\jenkins-jenkins-2.328\core\src\main\java\hudson\model\PeriodicWork.java","120","5","120","49","0","0","0","0","0","0","0","0","0","0","0","0","0","0","0","0","0","0","0","0","0","0","0","0"
"L32226","DAY","hudson.model.PeriodicWork.DAY;J","L18880","L103","C:\GIT\pris2\SourceMeter\Guille\jenkins-jenkins-2.328\core\src\main\java\hudson\model\PeriodicWork.java","121","5","121","49","0","0","0","0","0","0","0","0","0","0","0","0","0","0","0","0","0","0","0","0","0","0","0","0"
"L36702","RANDOM","hudson.model.PeriodicWork.RANDOM;Ljava/util/Random;","L18880","L103","C:\GIT\pris2\SourceMeter\Guille\jenkins-jenkins-2.328\core\src\main\java\hudson\model\PeriodicWork.java","123","5","123","55","0","0","0","0","0","0","0","0","0","0","0","0","0","0","0","0","0","0","0","0","0","0","0","0"
"L36821","builders","hudson.model.Project.builders;Lhudson/util/DescribableList;","L26672","L103","C:\GIT\pris2\SourceMeter\Guille\jenkins-jenkins-2.328\core\src\main\java\hudson\model\Project.java","69","5","69","77","0","0","0","0","0","0","0","0","0","0","0","0","0","0","0","0","0","0","0","0","0","0","0","0"
"L36826","buildersSetter","hudson.model.Project.buildersSetter;Ljava/util/concurrent/atomic/AtomicReferenceFieldUpdater;","L26672","L103","C:\GIT\pris2\SourceMeter\Guille\jenkins-jenkins-2.328\core\src\main\java\hudson\model\Project.java","70","5","71","104","0","0","0","0","0","0","0","0","0","0","0","0","0","0","0","0","0","0","0","0","0","0","0","0"
"L36830","publishers","hudson.model.Project.publishers;Lhudson/util/DescribableList;","L26672","L103","C:\GIT\pris2\SourceMeter\Guille\jenkins-jenkins-2.328\core\src\main\java\hudson\model\Project.java","76","5","76","83","0","0","0","0","0","0","0","0","0","0","0","0","0","0","0","0","0","0","0","0","0","0","0","0"
"L36832","publishersSetter","hudson.model.Project.publishersSetter;Ljava/util/concurrent/atomic/AtomicReferenceFieldUpdater;","L26672","L103","C:\GIT\pris2\SourceMeter\Guille\jenkins-jenkins-2.328\core\src\main\java\hudson\model\Project.java","77","5","78","106","0","0","0","0","0","0","0","0","0","0","0","0","0","0","0","0","0","0","0","0","0","0","0","0"
"L36833","buildWrappers","hudson.model.Project.buildWrappers;Lhudson/util/DescribableList;","L26672","L103","C:\GIT\pris2\SourceMeter\Guille\jenkins-jenkins-2.328\core\src\main\java\hudson\model\Project.java","83","5","83","92","0","0","0","0","0","0","0","0","0","0","0","0","0","0","0","0","0","0","0","0","0","0","0","0"
"L36835","buildWrappersSetter","hudson.model.Project.buildWrappersSetter;Ljava/util/concurrent/atomic/AtomicReferenceFieldUpdater;","L26672","L103","C:\GIT\pris2\SourceMeter\Guille\jenkins-jenkins-2.328\core\src\main\java\hudson\model\Project.java","84","5","85","109","0","0","0","0","0","0","0","0","0","0","0","0","0","0","0","0","0","0","0","0","0","0","0","0"
"L36911","LOGGER","hudson.model.Project.LOGGER;Ljava/util/logging/Logger;","L26672","L103","C:\GIT\pris2\SourceMeter\Guille\jenkins-jenkins-2.328\core\src\main\java\hudson\model\Project.java","273","5","273","84","0","0","0","0","0","0","0","0","0","0","0","0","0","0","0","0","0","0","0","0","0","0","0","0"
"L36920","proxiedViewName","hudson.model.ProxyView.proxiedViewName;Ljava/lang/String;","L36918","L103","C:\GIT\pris2\SourceMeter\Guille\jenkins-jenkins-2.328\core\src\main\java\hudson\model\ProxyView.java","54","5","54","36","0","0","0","0","0","0","0","0","0","0","0","0","0","0","0","0","0","0","0","0","0","0","0","0"
"L36959","waitingList","hudson.model.Queue.waitingList;Ljava/util/Set;","L1830","L103","C:\GIT\pris2\SourceMeter\Guille\jenkins-jenkins-2.328\core\src\main\java\hudson\model\Queue.java","184","5","184","66","0","0","0","0","0","0","0","0","0","0","0","0","0","0","0","0","0","0","0","0","0","0","0","0"
"L36967","blockedProjects","hudson.model.Queue.blockedProjects;Lhudson/model/Queue$ItemList;","L1830","L103","C:\GIT\pris2\SourceMeter\Guille\jenkins-jenkins-2.328\core\src\main\java\hudson\model\Queue.java","193","5","193","76","0","0","0","0","0","0","0","0","0","0","0","0","0","0","0","0","0","0","0","0","0","0","0","0"
"L36978","buildables","hudson.model.Queue.buildables;Lhudson/model/Queue$ItemList;","L1830","L103","C:\GIT\pris2\SourceMeter\Guille\jenkins-jenkins-2.328\core\src\main\java\hudson\model\Queue.java","200","5","200","73","0","0","0","0","0","0","0","0","0","0","0","0","0","0","0","0","0","0","0","0","0","0","0","0"
"L36983","pendings","hudson.model.Queue.pendings;Lhudson/model/Queue$ItemList;","L1830","L103","C:\GIT\pris2\SourceMeter\Guille\jenkins-jenkins-2.328\core\src\main\java\hudson\model\Queue.java","206","5","206","71","0","0","0","0","0","0","0","0","0","0","0","0","0","0","0","0","0","0","0","0","0","0","0","0"
"L36985","snapshot","hudson.model.Queue.snapshot;Lhudson/model/Queue$Snapshot;","L1830","L103","C:\GIT\pris2\SourceMeter\Guille\jenkins-jenkins-2.328\core\src\main\java\hudson\model\Queue.java","208","5","208","117","0","0","0","0","0","0","0","0","0","0","0","0","0","0","0","0","0","0","0","0","0","0","0","0"
"L36993","leftItems","hudson.model.Queue.leftItems;LCache;","L1830","L103","C:\GIT\pris2\SourceMeter\Guille\jenkins-jenkins-2.328\core\src\main\java\hudson\model\Queue.java","215","5","215","130","0","0","0","0","0","0","0","0","0","0","0","0","0","0","0","0","0","0","0","0","0","0","0","0"
"L37045","loadBalancer","hudson.model.Queue.loadBalancer;Lhudson/model/LoadBalancer;","L1830","L103","C:\GIT\pris2\SourceMeter\Guille\jenkins-jenkins-2.328\core\src\main\java\hudson\model\Queue.java","323","5","323","58","0","0","0","0","0","0","0","0","0","0","0","0","0","0","0","0","0","0","0","0","0","0","0","0"
"L37046","sorter","hudson.model.Queue.sorter;Lhudson/model/queue/QueueSorter;","L1830","L103","C:\GIT\pris2\SourceMeter\Guille\jenkins-jenkins-2.328\core\src\main\java\hudson\model\Queue.java","325","5","325","51","0","0","0","0","0","0","0","0","0","0","0","0","0","0","0","0","0","0","0","0","0","0","0","0"
"L37050","maintainerThread","hudson.model.Queue.maintainerThread;Ljenkins/util/AtmostOneTaskExecutor;","L1830","L103","C:\GIT\pris2\SourceMeter\Guille\jenkins-jenkins-2.328\core\src\main\java\hudson\model\Queue.java","327","5","338","8","0","0","0","0","0","0","0","0","0","0","0","0","0","0","0","0","0","0","0","0","0","0","0","0"
"L37063","lock","hudson.model.Queue.lock;Ljava/util/concurrent/locks/ReentrantLock;","L1830","L103","C:\GIT\pris2\SourceMeter\Guille\jenkins-jenkins-2.328\core\src\main\java\hudson\model\Queue.java","340","5","340","70","0","0","0","0","0","0","0","0","0","0","0","0","0","0","0","0","0","0","0","0","0","0","0","0"
"L37067","condition","hudson.model.Queue.condition;Ljava/util/concurrent/locks/Condition;","L1830","L103","C:\GIT\pris2\SourceMeter\Guille\jenkins-jenkins-2.328\core\src\main\java\hudson\model\Queue.java","342","5","342","71","0","0","0","0","0","0","0","0","0","0","0","0","0","0","0","0","0","0","0","0","0","0","0","0"
"L37568","NODE_HASH","hudson.model.Queue.NODE_HASH;Lhudson/util/ConsistentHash$Hash;","L1830","L103","C:\GIT\pris2\SourceMeter\Guille\jenkins-jenkins-2.328\core\src\main\java\hudson\model\Queue.java","1794","5","1794","82","0","0","0","0","0","0","0","0","0","0","0","0","0","0","0","0","0","0","0","0","0","0","0","0"
"L37028","LOGGER","hudson.model.Queue.LOGGER;Ljava/util/logging/Logger;","L1830","L103","C:\GIT\pris2\SourceMeter\Guille\jenkins-jenkins-2.328\core\src\main\java\hudson\model\Queue.java","2806","5","2806","82","0","0","0","0","0","0","0","0","0","0","0","0","0","0","0","0","0","0","0","0","0","0","0","0"
"L37113","XSTREAM","hudson.model.Queue.XSTREAM;LXStream;","L1830","L103","C:\GIT\pris2\SourceMeter\Guille\jenkins-jenkins-2.328\core\src\main\java\hudson\model\Queue.java","2811","5","2811","58","0","0","0","0","0","0","0","0","0","0","0","0","0","0","0","0","0","0","0","0","0","0","0","0"
"L38912","displayName","hudson.model.Resource.displayName;Ljava/lang/String;","L27486","L103","C:\GIT\pris2\SourceMeter\Guille\jenkins-jenkins-2.328\core\src\main\java\hudson\model\Resource.java","49","5","49","46","0","0","0","0","0","0","0","0","0","0","0","0","0","0","0","0","0","0","0","0","0","0","0","0"
"L38914","parent","hudson.model.Resource.parent;Lhudson/model/Resource;","L27486","L103","C:\GIT\pris2\SourceMeter\Guille\jenkins-jenkins-2.328\core\src\main\java\hudson\model\Resource.java","59","5","59","48","0","0","0","0","0","0","0","0","0","0","0","0","0","0","0","0","0","0","0","0","0","0","0","0"
"L38916","numConcurrentWrite","hudson.model.Resource.numConcurrentWrite;I","L27486","L103","C:\GIT\pris2\SourceMeter\Guille\jenkins-jenkins-2.328\core\src\main\java\hudson\model\Resource.java","64","5","64","41","0","0","0","0","0","0","0","0","0","0","0","0","0","0","0","0","0","0","0","0","0","0","0","0"
"L38949","inProgress","hudson.model.ResourceController.inProgress;Ljava/util/Set;","L36956","L103","C:\GIT\pris2\SourceMeter\Guille\jenkins-jenkins-2.328\core\src\main\java\hudson\model\ResourceController.java","46","5","46","82","0","0","0","0","0","0","0","0","0","0","0","0","0","0","0","0","0","0","0","0","0","0","0","0"
"L38954","resourceView","hudson.model.ResourceController.resourceView;Ljava/util/Collection;","L36956","L103","C:\GIT\pris2\SourceMeter\Guille\jenkins-jenkins-2.328\core\src\main\java\hudson\model\ResourceController.java","51","5","66","7","0","0","0","0","0","0","0","0","0","0","0","0","0","0","0","0","0","0","0","0","0","0","0","0"
"L38982","inUse","hudson.model.ResourceController.inUse;Lhudson/model/ResourceList;","L36956","L103","C:\GIT\pris2\SourceMeter\Guille\jenkins-jenkins-2.328\core\src\main\java\hudson\model\ResourceController.java","72","5","72","53","0","0","0","0","0","0","0","0","0","0","0","0","0","0","0","0","0","0","0","0","0","0","0","0"
"L39048","LOGGER","hudson.model.ResourceList.LOGGER;Ljava/util/logging/Logger;","L27493","L103","C:\GIT\pris2\SourceMeter\Guille\jenkins-jenkins-2.328\core\src\main\java\hudson\model\ResourceList.java","50","5","50","89","0","0","0","0","0","0","0","0","0","0","0","0","0","0","0","0","0","0","0","0","0","0","0","0"
"L39049","all","hudson.model.ResourceList.all;Ljava/util/Set;","L27493","L103","C:\GIT\pris2\SourceMeter\Guille\jenkins-jenkins-2.328\core\src\main\java\hudson\model\ResourceList.java","55","5","55","55","0","0","0","0","0","0","0","0","0","0","0","0","0","0","0","0","0","0","0","0","0","0","0","0"
"L39057","write","hudson.model.ResourceList.write;Ljava/util/Map;","L27493","L103","C:\GIT\pris2\SourceMeter\Guille\jenkins-jenkins-2.328\core\src\main\java\hudson\model\ResourceList.java","63","5","63","66","0","0","0","0","0","0","0","0","0","0","0","0","0","0","0","0","0","0","0","0","0","0","0","0"
"L39065","MAX_INT","hudson.model.ResourceList.MAX_INT;Ljava/lang/Integer;","L27493","L103","C:\GIT\pris2\SourceMeter\Guille\jenkins-jenkins-2.328\core\src\main\java\hudson\model\ResourceList.java","64","5","64","62","0","0","0","0","0","0","0","0","0","0","0","0","0","0","0","0","0","0","0","0","0","0","0","0"
"L38790","EMPTY","hudson.model.ResourceList.EMPTY;Lhudson/model/ResourceList;","L27493","L103","C:\GIT\pris2\SourceMeter\Guille\jenkins-jenkins-2.328\core\src\main\java\hudson\model\ResourceList.java","164","5","164","65","0","0","0","0","0","0","0","0","0","0","0","0","0","0","0","0","0","0","0","0","0","0","0","0"
"L13978","SUCCESS","hudson.model.Result.SUCCESS;Lhudson/model/Result;","L13983","L103","C:\GIT\pris2\SourceMeter\Guille\jenkins-jenkins-2.328\core\src\main\java\hudson\model\Result.java","55","5","55","98","0","0","0","0","0","0","0","0","0","0","0","0","0","0","0","0","0","0","0","0","0","0","0","0"
"L33670","UNSTABLE","hudson.model.Result.UNSTABLE;Lhudson/model/Result;","L13983","L103","C:\GIT\pris2\SourceMeter\Guille\jenkins-jenkins-2.328\core\src\main\java\hudson\model\Result.java","60","5","60","102","0","0","0","0","0","0","0","0","0","0","0","0","0","0","0","0","0","0","0","0","0","0","0","0"
"L16455","FAILURE","hudson.model.Result.FAILURE;Lhudson/model/Result;","L13983","L103","C:\GIT\pris2\SourceMeter\Guille\jenkins-jenkins-2.328\core\src\main\java\hudson\model\Result.java","64","5","64","97","0","0","0","0","0","0","0","0","0","0","0","0","0","0","0","0","0","0","0","0","0","0","0","0"
"L33831","NOT_BUILT","hudson.model.Result.NOT_BUILT;Lhudson/model/Result;","L13983","L103","C:\GIT\pris2\SourceMeter\Guille\jenkins-jenkins-2.328\core\src\main\java\hudson\model\Result.java","71","5","71","107","0","0","0","0","0","0","0","0","0","0","0","0","0","0","0","0","0","0","0","0","0","0","0","0"
"L26810","ABORTED","hudson.model.Result.ABORTED;Lhudson/model/Result;","L13983","L103","C:\GIT\pris2\SourceMeter\Guille\jenkins-jenkins-2.328\core\src\main\java\hudson\model\Result.java","78","5","78","102","0","0","0","0","0","0","0","0","0","0","0","0","0","0","0","0","0","0","0","0","0","0","0","0"
"L39142","name","hudson.model.Result.name;Ljava/lang/String;","L13983","L103","C:\GIT\pris2\SourceMeter\Guille\jenkins-jenkins-2.328\core\src\main\java\hudson\model\Result.java","80","5","80","40","0","0","0","0","0","0","0","0","0","0","0","0","0","0","0","0","0","0","0","0","0","0","0","0"
"L1887","ordinal","hudson.model.Result.ordinal;I","L13983","L103","C:\GIT\pris2\SourceMeter\Guille\jenkins-jenkins-2.328\core\src\main\java\hudson\model\Result.java","85","5","85","65","0","0","0","0","0","0","0","0","0","0","0","0","0","0","0","0","0","0","0","0","0","0","0","0"
"L39144","color","hudson.model.Result.color;Lhudson/model/BallColor;","L13983","L103","C:\GIT\pris2\SourceMeter\Guille\jenkins-jenkins-2.328\core\src\main\java\hudson\model\Result.java","90","5","90","43","0","0","0","0","0","0","0","0","0","0","0","0","0","0","0","0","0","0","0","0","0","0","0","0"
"L39146","completeBuild","hudson.model.Result.completeBuild;Z","L13983","L103","C:\GIT\pris2\SourceMeter\Guille\jenkins-jenkins-2.328\core\src\main\java\hudson\model\Result.java","96","5","96","40","0","0","0","0","0","0","0","0","0","0","0","0","0","0","0","0","0","0","0","0","0","0","0","0"
"L39180","serialVersionUID","hudson.model.Result.serialVersionUID;J","L13983","L103","C:\GIT\pris2\SourceMeter\Guille\jenkins-jenkins-2.328\core\src\main\java\hudson\model\Result.java","194","5","194","53","0","0","0","0","0","0","0","0","0","0","0","0","0","0","0","0","0","0","0","0","0","0","0","0"
"L39175","all","hudson.model.Result.all;[Lhudson/model/Result;","L13983","L103","C:\GIT\pris2\SourceMeter\Guille\jenkins-jenkins-2.328\core\src\main\java\hudson\model\Result.java","196","5","196","103","0","0","0","0","0","0","0","0","0","0","0","0","0","0","0","0","0","0","0","0","0","0","0","0"
"L39182","conv","hudson.model.Result.conv;LSingleValueConverter;","L13983","L103","C:\GIT\pris2\SourceMeter\Guille\jenkins-jenkins-2.328\core\src\main\java\hudson\model\Result.java","198","5","208","7","0","0","0","0","0","0","0","0","0","0","0","0","0","0","0","0","0","0","0","0","0","0","0","0"
"L39210","FIXED","hudson.model.ResultTrend.FIXED;Lhudson/model/ResultTrend;","L39203","L103","C:\GIT\pris2\SourceMeter\Guille\jenkins-jenkins-2.328\core\src\main\java\hudson\model\ResultTrend.java","41","5","41","41","0","0","0","0","0","0","0","0","0","0","0","0","0","0","0","0","0","0","0","0","0","0","0","0"
"L39212","SUCCESS","hudson.model.ResultTrend.SUCCESS;Lhudson/model/ResultTrend;","L39203","L103","C:\GIT\pris2\SourceMeter\Guille\jenkins-jenkins-2.328\core\src\main\java\hudson\model\ResultTrend.java","45","5","45","45","0","0","0","0","0","0","0","0","0","0","0","0","0","0","0","0","0","0","0","0","0","0","0","0"
"L39214","NOW_UNSTABLE","hudson.model.ResultTrend.NOW_UNSTABLE;Lhudson/model/ResultTrend;","L39203","L103","C:\GIT\pris2\SourceMeter\Guille\jenkins-jenkins-2.328\core\src\main\java\hudson\model\ResultTrend.java","49","5","49","54","0","0","0","0","0","0","0","0","0","0","0","0","0","0","0","0","0","0","0","0","0","0","0","0"
"L39216","STILL_UNSTABLE","hudson.model.ResultTrend.STILL_UNSTABLE;Lhudson/model/ResultTrend;","L39203","L103","C:\GIT\pris2\SourceMeter\Guille\jenkins-jenkins-2.328\core\src\main\java\hudson\model\ResultTrend.java","53","5","53","58","0","0","0","0","0","0","0","0","0","0","0","0","0","0","0","0","0","0","0","0","0","0","0","0"
"L39218","UNSTABLE","hudson.model.ResultTrend.UNSTABLE;Lhudson/model/ResultTrend;","L39203","L103","C:\GIT\pris2\SourceMeter\Guille\jenkins-jenkins-2.328\core\src\main\java\hudson\model\ResultTrend.java","57","5","57","47","0","0","0","0","0","0","0","0","0","0","0","0","0","0","0","0","0","0","0","0","0","0","0","0"
"L39220","STILL_FAILING","hudson.model.ResultTrend.STILL_FAILING;Lhudson/model/ResultTrend;","L39203","L103","C:\GIT\pris2\SourceMeter\Guille\jenkins-jenkins-2.328\core\src\main\java\hudson\model\ResultTrend.java","61","5","61","56","0","0","0","0","0","0","0","0","0","0","0","0","0","0","0","0","0","0","0","0","0","0","0","0"
"L39222","FAILURE","hudson.model.ResultTrend.FAILURE;Lhudson/model/ResultTrend;","L39203","L103","C:\GIT\pris2\SourceMeter\Guille\jenkins-jenkins-2.328\core\src\main\java\hudson\model\ResultTrend.java","66","5","66","45","0","0","0","0","0","0","0","0","0","0","0","0","0","0","0","0","0","0","0","0","0","0","0","0"
"L39224","ABORTED","hudson.model.ResultTrend.ABORTED;Lhudson/model/ResultTrend;","L39203","L103","C:\GIT\pris2\SourceMeter\Guille\jenkins-jenkins-2.328\core\src\main\java\hudson\model\ResultTrend.java","70","5","70","45","0","0","0","0","0","0","0","0","0","0","0","0","0","0","0","0","0","0","0","0","0","0","0","0"
"L39226","NOT_BUILT","hudson.model.ResultTrend.NOT_BUILT;Lhudson/model/ResultTrend;","L39203","L103","C:\GIT\pris2\SourceMeter\Guille\jenkins-jenkins-2.328\core\src\main\java\hudson\model\ResultTrend.java","74","5","74","48","0","0","0","0","0","0","0","0","0","0","0","0","0","0","0","0","0","0","0","0","0","0","0","0"
"L39228","description","hudson.model.ResultTrend.description;LLocalizable;","L39203","L103","C:\GIT\pris2\SourceMeter\Guille\jenkins-jenkins-2.328\core\src\main\java\hudson\model\ResultTrend.java","76","5","76","43","0","0","0","0","0","0","0","0","0","0","0","0","0","0","0","0","0","0","0","0","0","0","0","0"
"L39311","QUEUE_ID_UNKNOWN","hudson.model.Run.QUEUE_ID_UNKNOWN;J","L1850","L103","C:\GIT\pris2\SourceMeter\Guille\jenkins-jenkins-2.328\core\src\main\java\hudson\model\Run.java","162","5","162","52","0","0","0","0","0","0","0","0","0","0","0","0","0","0","0","0","0","0","0","0","0","0","0","0"
"L39313","TRUNCATED_DESCRIPTION_LIMIT","hudson.model.Run.TRUNCATED_DESCRIPTION_LIMIT;I","L1850","L103","C:\GIT\pris2\SourceMeter\Guille\jenkins-jenkins-2.328\core\src\main\java\hudson\model\Run.java","171","5","171","148","0","0","0","0","0","0","0","0","0","0","0","0","0","0","0","0","0","0","0","0","0","0","0","0"
"L25994","project","hudson.model.Run.project;Lhudson/model/Job;","L1850","L103","C:\GIT\pris2\SourceMeter\Guille\jenkins-jenkins-2.328\core\src\main\java\hudson\model\Run.java","173","5","173","53","0","0","0","0","0","0","0","0","0","0","0","0","0","0","0","0","0","0","0","0","0","0","0","0"
"L3139","number","hudson.model.Run.number;I","L1850","L103","C:\GIT\pris2\SourceMeter\Guille\jenkins-jenkins-2.328\core\src\main\java\hudson\model\Run.java","182","5","182","43","0","0","0","0","0","0","0","0","0","0","0","0","0","0","0","0","0","0","0","0","0","0","0","0"
"L39319","queueId","hudson.model.Run.queueId;J","L1850","L103","C:\GIT\pris2\SourceMeter\Guille\jenkins-jenkins-2.328\core\src\main\java\hudson\model\Run.java","187","5","187","49","0","0","0","0","0","0","0","0","0","0","0","0","0","0","0","0","0","0","0","0","0","0","0","0"
"L39322","previousBuild","hudson.model.Run.previousBuild;Lhudson/model/Run;","L1850","L103","C:\GIT\pris2\SourceMeter\Guille\jenkins-jenkins-2.328\core\src\main\java\hudson\model\Run.java","195","5","196","53","0","0","0","0","0","0","0","0","0","0","0","0","0","0","0","0","0","0","0","0","0","0","0","0"
"L39324","nextBuild","hudson.model.Run.nextBuild;Lhudson/model/Run;","L1850","L103","C:\GIT\pris2\SourceMeter\Guille\jenkins-jenkins-2.328\core\src\main\java\hudson\model\Run.java","203","5","204","49","0","0","0","0","0","0","0","0","0","0","0","0","0","0","0","0","0","0","0","0","0","0","0","0"
"L39326","previousBuildInProgress","hudson.model.Run.previousBuildInProgress;Lhudson/model/Run;","L1850","L103","C:\GIT\pris2\SourceMeter\Guille\jenkins-jenkins-2.328\core\src\main\java\hudson\model\Run.java","211","45","211","93","0","0","0","0","0","0","0","0","0","0","0","0","0","0","0","0","0","0","0","0","0","0","0","0"
"L39329","id","hudson.model.Run.id;Ljava/lang/String;","L1850","L103","C:\GIT\pris2\SourceMeter\Guille\jenkins-jenkins-2.328\core\src\main\java\hudson\model\Run.java","214","5","214","37","0","0","0","0","0","0","0","0","0","0","0","0","0","0","0","0","0","0","0","0","0","0","0","0"
"L39331","timestamp","hudson.model.Run.timestamp;J","L1850","L103","C:\GIT\pris2\SourceMeter\Guille\jenkins-jenkins-2.328\core\src\main\java\hudson\model\Run.java","219","5","219","40","0","0","0","0","0","0","0","0","0","0","0","0","0","0","0","0","0","0","0","0","0","0","0","0"
"L39333","startTime","hudson.model.Run.startTime;J","L1850","L103","C:\GIT\pris2\SourceMeter\Guille\jenkins-jenkins-2.328\core\src\main\java\hudson\model\Run.java","228","5","228","28","0","0","0","0","0","0","0","0","0","0","0","0","0","0","0","0","0","0","0","0","0","0","0","0"
"L39335","result","hudson.model.Run.result;Lhudson/model/Result;","L1850","L103","C:\GIT\pris2\SourceMeter\Guille\jenkins-jenkins-2.328\core\src\main\java\hudson\model\Run.java","234","5","234","38","0","0","0","0","0","0","0","0","0","0","0","0","0","0","0","0","0","0","0","0","0","0","0","0"
"L39337","description","hudson.model.Run.description;Ljava/lang/String;","L1850","L103","C:\GIT\pris2\SourceMeter\Guille\jenkins-jenkins-2.328\core\src\main\java\hudson\model\Run.java","242","5","243","43","0","0","0","0","0","0","0","0","0","0","0","0","0","0","0","0","0","0","0","0","0","0","0","0"
"L39339","displayName","hudson.model.Run.displayName;Ljava/lang/String;","L1850","L103","C:\GIT\pris2\SourceMeter\Guille\jenkins-jenkins-2.328\core\src\main\java\hudson\model\Run.java","250","5","250","41","0","0","0","0","0","0","0","0","0","0","0","0","0","0","0","0","0","0","0","0","0","0","0","0"
"L39341","state","hudson.model.Run.state;Lhudson/model/Run$State;","L1850","L103","C:\GIT\pris2\SourceMeter\Guille\jenkins-jenkins-2.328\core\src\main\java\hudson\model\Run.java","255","5","255","44","0","0","0","0","0","0","0","0","0","0","0","0","0","0","0","0","0","0","0","0","0","0","0","0"
"L39362","duration","hudson.model.Run.duration;J","L1850","L103","C:\GIT\pris2\SourceMeter\Guille\jenkins-jenkins-2.328\core\src\main\java\hudson\model\Run.java","285","5","285","29","0","0","0","0","0","0","0","0","0","0","0","0","0","0","0","0","0","0","0","0","0","0","0","0"
"L39364","charset","hudson.model.Run.charset;Ljava/lang/String;","L1850","L103","C:\GIT\pris2\SourceMeter\Guille\jenkins-jenkins-2.328\core\src\main\java\hudson\model\Run.java","295","5","295","30","0","0","0","0","0","0","0","0","0","0","0","0","0","0","0","0","0","0","0","0","0","0","0","0"
"L39366","keepLog","hudson.model.Run.keepLog;Z","L1850","L103","C:\GIT\pris2\SourceMeter\Guille\jenkins-jenkins-2.328\core\src\main\java\hudson\model\Run.java","300","5","300","29","0","0","0","0","0","0","0","0","0","0","0","0","0","0","0","0","0","0","0","0","0","0","0","0"
"L39368","runner","hudson.model.Run.runner;Lhudson/model/Run$RunExecution;","L1850","L103","C:\GIT\pris2\SourceMeter\Guille\jenkins-jenkins-2.328\core\src\main\java\hudson\model\Run.java","306","5","306","52","0","0","0","0","0","0","0","0","0","0","0","0","0","0","0","0","0","0","0","0","0","0","0","0"
"L39373","artifactManager","hudson.model.Run.artifactManager;Ljenkins/model/ArtifactManager;","L1850","L103","C:\GIT\pris2\SourceMeter\Guille\jenkins-jenkins-2.328\core\src\main\java\hudson\model\Run.java","312","5","312","59","0","0","0","0","0","0","0","0","0","0","0","0","0","0","0","0","0","0","0","0","0","0","0","0"
"L39378","isPendingDelete","hudson.model.Run.isPendingDelete;Z","L1850","L103","C:\GIT\pris2\SourceMeter\Guille\jenkins-jenkins-2.328\core\src\main\java\hudson\model\Run.java","317","5","317","47","0","0","0","0","0","0","0","0","0","0","0","0","0","0","0","0","0","0","0","0","0","0","0","0"
"L39644","LIST_CUTOFF","hudson.model.Run.LIST_CUTOFF;I","L1850","L103","C:\GIT\pris2\SourceMeter\Guille\jenkins-jenkins-2.328\core\src\main\java\hudson\model\Run.java","1242","5","1242","138","0","0","0","0","0","0","0","0","0","0","0","0","0","0","0","0","0","0","0","0","0","0","0","0"
"L39646","TREE_CUTOFF","hudson.model.Run.TREE_CUTOFF;I","L1850","L103","C:\GIT\pris2\SourceMeter\Guille\jenkins-jenkins-2.328\core\src\main\java\hudson\model\Run.java","1247","5","1247","138","0","0","0","0","0","0","0","0","0","0","0","0","0","0","0","0","0","0","0","0","0","0","0","0"
"L16457","XSTREAM","hudson.model.Run.XSTREAM;LXStream;","L1850","L103","C:\GIT\pris2\SourceMeter\Guille\jenkins-jenkins-2.328\core\src\main\java\hudson\model\Run.java","2526","5","2526","58","0","0","0","0","0","0","0","0","0","0","0","0","0","0","0","0","0","0","0","0","0","0","0","0"
"L40019","XSTREAM2","hudson.model.Run.XSTREAM2;Lhudson/util/XStream2;","L1850","L103","C:\GIT\pris2\SourceMeter\Guille\jenkins-jenkins-2.328\core\src\main\java\hudson\model\Run.java","2531","5","2531","64","0","0","0","0","0","0","0","0","0","0","0","0","0","0","0","0","0","0","0","0","0","0","0","0"
"L39385","LOGGER","hudson.model.Run.LOGGER;Ljava/util/logging/Logger;","L1850","L103","C:\GIT\pris2\SourceMeter\Guille\jenkins-jenkins-2.328\core\src\main\java\hudson\model\Run.java","2538","5","2538","80","0","0","0","0","0","0","0","0","0","0","0","0","0","0","0","0","0","0","0","0","0","0","0","0"
"L40023","ORDER_BY_DATE","hudson.model.Run.ORDER_BY_DATE;Ljava/util/Comparator;","L1850","L103","C:\GIT\pris2\SourceMeter\Guille\jenkins-jenkins-2.328\core\src\main\java\hudson\model\Run.java","2543","5","2550","7","0","0","0","0","0","0","0","0","0","0","0","0","0","0","0","0","0","0","0","0","0","0","0","0"
"L39302","FEED_ADAPTER","hudson.model.Run.FEED_ADAPTER;Lhudson/FeedAdapter;","L1850","L103","C:\GIT\pris2\SourceMeter\Guille\jenkins-jenkins-2.328\core\src\main\java\hudson\model\Run.java","2555","5","2555","82","0","0","0","0","0","0","0","0","0","0","0","0","0","0","0","0","0","0","0","0","0","0","0","0"
"L40037","FEED_ADAPTER_LATEST","hudson.model.Run.FEED_ADAPTER_LATEST;Lhudson/FeedAdapter;","L1850","L103","C:\GIT\pris2\SourceMeter\Guille\jenkins-jenkins-2.328\core\src\main\java\hudson\model\Run.java","2560","5","2570","7","0","0","0","0","0","0","0","0","0","0","0","0","0","0","0","0","0","0","0","0","0","0","0","0"
"L40051","PERMISSIONS","hudson.model.Run.PERMISSIONS;Lhudson/security/PermissionGroup;","L1850","L103","C:\GIT\pris2\SourceMeter\Guille\jenkins-jenkins-2.328\core\src\main\java\hudson\model\Run.java","2588","5","2588","121","0","0","0","0","0","0","0","0","0","0","0","0","0","0","0","0","0","0","0","0","0","0","0","0"
"L3130","DELETE","hudson.model.Run.DELETE;Lhudson/security/Permission;","L1850","L103","C:\GIT\pris2\SourceMeter\Guille\jenkins-jenkins-2.328\core\src\main\java\hudson\model\Run.java","2589","5","2589","169","0","0","0","0","0","0","0","0","0","0","0","0","0","0","0","0","0","0","0","0","0","0","0","0"
"L3996","UPDATE","hudson.model.Run.UPDATE;Lhudson/security/Permission;","L1850","L103","C:\GIT\pris2\SourceMeter\Guille\jenkins-jenkins-2.328\core\src\main\java\hudson\model\Run.java","2590","5","2590","169","0","0","0","0","0","0","0","0","0","0","0","0","0","0","0","0","0","0","0","0","0","0","0","0"
"L39958","ARTIFACTS","hudson.model.Run.ARTIFACTS;Lhudson/security/Permission;","L1850","L103","C:\GIT\pris2\SourceMeter\Guille\jenkins-jenkins-2.328\core\src\main\java\hudson\model\Run.java","2592","5","2593","149","0","0","0","0","0","0","0","0","0","0","0","0","0","0","0","0","0","0","0","0","0","0","0","0"
"L40083","SKIP_PERMISSION_CHECK","hudson.model.Run.SKIP_PERMISSION_CHECK;Z","L1850","L103","C:\GIT\pris2\SourceMeter\Guille\jenkins-jenkins-2.328\core\src\main\java\hudson\model\Run.java","2667","5","2669","157","0","0","0","0","0","0","0","0","0","0","0","0","0","0","0","0","0","0","0","0","0","0","0","0"
"L40102","view","hudson.model.RunMap.view;Ljava/util/SortedMap;","L27000","L103","C:\GIT\pris2\SourceMeter\Guille\jenkins-jenkins-2.328\core\src\main\java\hudson\model\RunMap.java","66","5","66","88","0","0","0","0","0","0","0","0","0","0","0","0","0","0","0","0","0","0","0","0","0","0","0","0"
"L40104","cons","hudson.model.RunMap.cons;Lhudson/model/RunMap$Constructor;","L27000","L103","C:\GIT\pris2\SourceMeter\Guille\jenkins-jenkins-2.328\core\src\main\java\hudson\model\RunMap.java","68","5","68","33","0","0","0","0","0","0","0","0","0","0","0","0","0","0","0","0","0","0","0","0","0","0","0","0"
"L40111","runIdMigrator","hudson.model.RunMap.runIdMigrator;Ljenkins/model/RunIdMigrator;","L27000","L103","C:\GIT\pris2\SourceMeter\Guille\jenkins-jenkins-2.328\core\src\main\java\hudson\model\RunMap.java","71","5","72","62","0","0","0","0","0","0","0","0","0","0","0","0","0","0","0","0","0","0","0","0","0","0","0","0"
"L40164","COMPARATOR","hudson.model.RunMap.COMPARATOR;Ljava/util/Comparator;","L27000","L103","C:\GIT\pris2\SourceMeter\Guille\jenkins-jenkins-2.328\core\src\main\java\hudson\model\RunMap.java","165","5","166","87","0","0","0","0","0","0","0","0","0","0","0","0","0","0","0","0","0","0","0","0","0","0","0","0"
"L40203","LOGGER","hudson.model.RunMap.LOGGER;Ljava/util/logging/Logger;","L27000","L103","C:\GIT\pris2\SourceMeter\Guille\jenkins-jenkins-2.328\core\src\main\java\hudson\model\RunMap.java","265","5","265","83","0","0","0","0","0","0","0","0","0","0","0","0","0","0","0","0","0","0","0","0","0","0","0","0"
"L40221","stack","hudson.model.RunnerStack.stack;Ljava/util/Map;","L40218","L103","C:\GIT\pris2\SourceMeter\Guille\jenkins-jenkins-2.328\core\src\main\java\hudson\model\RunnerStack.java","41","5","41","82","0","0","0","0","0","0","0","0","0","0","0","0","0","0","0","0","0","0","0","0","0","0","0","0"
"L39786","INSTANCE","hudson.model.RunnerStack.INSTANCE;Lhudson/model/RunnerStack;","L40218","L103","C:\GIT\pris2\SourceMeter\Guille\jenkins-jenkins-2.328\core\src\main\java\hudson\model\RunnerStack.java","75","5","75","59","0","0","0","0","0","0","0","0","0","0","0","0","0","0","0","0","0","0","0","0","0","0","0","0"
"L40257","projectName","hudson.model.RunParameterDefinition.projectName;Ljava/lang/String;","L40238","L103","C:\GIT\pris2\SourceMeter\Guille\jenkins-jenkins-2.328\core\src\main\java\hudson\model\RunParameterDefinition.java","65","5","65","38","0","0","0","0","0","0","0","0","0","0","0","0","0","0","0","0","0","0","0","0","0","0","0","0"
"L40258","runId","hudson.model.RunParameterDefinition.runId;Ljava/lang/String;","L40238","L103","C:\GIT\pris2\SourceMeter\Guille\jenkins-jenkins-2.328\core\src\main\java\hudson\model\RunParameterDefinition.java","66","5","66","32","0","0","0","0","0","0","0","0","0","0","0","0","0","0","0","0","0","0","0","0","0","0","0","0"
"L40259","filter","hudson.model.RunParameterDefinition.filter;Lhudson/model/RunParameterDefinition$RunParameterFilter;","L40238","L103","C:\GIT\pris2\SourceMeter\Guille\jenkins-jenkins-2.328\core\src\main\java\hudson\model\RunParameterDefinition.java","67","5","67","45","0","0","0","0","0","0","0","0","0","0","0","0","0","0","0","0","0","0","0","0","0","0","0","0"
"L40331","LOGGER","hudson.model.RunParameterDefinition.LOGGER;Ljava/util/logging/Logger;","L40238","L103","C:\GIT\pris2\SourceMeter\Guille\jenkins-jenkins-2.328\core\src\main\java\hudson\model\RunParameterDefinition.java","246","5","246","99","0","0","0","0","0","0","0","0","0","0","0","0","0","0","0","0","0","0","0","0","0","0","0","0"
"L40332","runId","hudson.model.RunParameterValue.runId;Ljava/lang/String;","L40285","L103","C:\GIT\pris2\SourceMeter\Guille\jenkins-jenkins-2.328\core\src\main\java\hudson\model\RunParameterValue.java","36","5","36","32","0","0","0","0","0","0","0","0","0","0","0","0","0","0","0","0","0","0","0","0","0","0","0","0"
"L12081","NOOP","hudson.model.Saveable.NOOP;Lhudson/model/Saveable;","L7788","L103","C:\GIT\pris2\SourceMeter\Guille\jenkins-jenkins-2.328\core\src\main\java\hudson\model\Saveable.java","56","5","57","7","0","0","0","0","0","0","0","0","0","0","0","0","0","0","0","0","0","0","0","0","0","0","0","0"
"L40392","LOGGER","hudson.model.Slave.LOGGER;Ljava/util/logging/Logger;","L4652","L103","C:\GIT\pris2\SourceMeter\Guille\jenkins-jenkins-2.328\core\src\main\java\hudson\model\Slave.java","107","5","107","82","0","0","0","0","0","0","0","0","0","0","0","0","0","0","0","0","0","0","0","0","0","0","0","0"
"L40393","name","hudson.model.Slave.name;Ljava/lang/String;","L4652","L103","C:\GIT\pris2\SourceMeter\Guille\jenkins-jenkins-2.328\core\src\main\java\hudson\model\Slave.java","112","5","112","27","0","0","0","0","0","0","0","0","0","0","0","0","0","0","0","0","0","0","0","0","0","0","0","0"
"L40395","description","hudson.model.Slave.description;Ljava/lang/String;","L4652","L103","C:\GIT\pris2\SourceMeter\Guille\jenkins-jenkins-2.328\core\src\main\java\hudson\model\Slave.java","117","5","117","32","0","0","0","0","0","0","0","0","0","0","0","0","0","0","0","0","0","0","0","0","0","0","0","0"
"L40397","remoteFS","hudson.model.Slave.remoteFS;Ljava/lang/String;","L4652","L103","C:\GIT\pris2\SourceMeter\Guille\jenkins-jenkins-2.328\core\src\main\java\hudson\model\Slave.java","127","5","127","37","0","0","0","0","0","0","0","0","0","0","0","0","0","0","0","0","0","0","0","0","0","0","0","0"
"L40399","numExecutors","hudson.model.Slave.numExecutors;I","L4652","L103","C:\GIT\pris2\SourceMeter\Guille\jenkins-jenkins-2.328\core\src\main\java\hudson\model\Slave.java","132","5","132","34","0","0","0","0","0","0","0","0","0","0","0","0","0","0","0","0","0","0","0","0","0","0","0","0"
"L40401","mode","hudson.model.Slave.mode;Lhudson/model/Node$Mode;","L4652","L103","C:\GIT\pris2\SourceMeter\Guille\jenkins-jenkins-2.328\core\src\main\java\hudson\model\Slave.java","137","5","137","37","0","0","0","0","0","0","0","0","0","0","0","0","0","0","0","0","0","0","0","0","0","0","0","0"
"L40403","retentionStrategy","hudson.model.Slave.retentionStrategy;Lhudson/slaves/RetentionStrategy;","L4652","L103","C:\GIT\pris2\SourceMeter\Guille\jenkins-jenkins-2.328\core\src\main\java\hudson\model\Slave.java","142","5","142","49","0","0","0","0","0","0","0","0","0","0","0","0","0","0","0","0","0","0","0","0","0","0","0","0"
"L40405","launcher","hudson.model.Slave.launcher;Lhudson/slaves/ComputerLauncher;","L4652","L103","C:\GIT\pris2\SourceMeter\Guille\jenkins-jenkins-2.328\core\src\main\java\hudson\model\Slave.java","147","5","147","39","0","0","0","0","0","0","0","0","0","0","0","0","0","0","0","0","0","0","0","0","0","0","0","0"
"L40407","label","hudson.model.Slave.label;Ljava/lang/String;","L4652","L103","C:\GIT\pris2\SourceMeter\Guille\jenkins-jenkins-2.328\core\src\main\java\hudson\model\Slave.java","152","5","152","31","0","0","0","0","0","0","0","0","0","0","0","0","0","0","0","0","0","0","0","0","0","0","0","0"
"L40409","nodeProperties","hudson.model.Slave.nodeProperties;Lhudson/util/DescribableList;","L4652","L103","C:\GIT\pris2\SourceMeter\Guille\jenkins-jenkins-2.328\core\src\main\java\hudson\model\Slave.java","154","5","155","41","0","0","0","0","0","0","0","0","0","0","0","0","0","0","0","0","0","0","0","0","0","0","0","0"
"L40410","userId","hudson.model.Slave.userId;Ljava/lang/String;","L4652","L103","C:\GIT\pris2\SourceMeter\Guille\jenkins-jenkins-2.328\core\src\main\java\hudson\model\Slave.java","160","5","161","37","0","0","0","0","0","0","0","0","0","0","0","0","0","0","0","0","0","0","0","0","0","0","0","0"
"L40472","agentCommand","hudson.model.Slave.agentCommand;Ljava/lang/String;","L4652","L103","C:\GIT\pris2\SourceMeter\Guille\jenkins-jenkins-2.328\core\src\main\java\hudson\model\Slave.java","679","5","680","43","0","0","0","0","0","0","0","0","0","0","0","0","0","0","0","0","0","0","0","0","0","0","0","0"
"L40528","WORKSPACE_ROOT","hudson.model.Slave.WORKSPACE_ROOT;Ljava/lang/String;","L4652","L103","C:\GIT\pris2\SourceMeter\Guille\jenkins-jenkins-2.328\core\src\main\java\hudson\model\Slave.java","741","5","741","132","0","0","0","0","0","0","0","0","0","0","0","0","0","0","0","0","0","0","0","0","0","0","0","0"
"L40550","ALLOWED_JNLPJARS_FILES","hudson.model.Slave.ALLOWED_JNLPJARS_FILES;Ljava/util/Set;","L4652","L103","C:\GIT\pris2\SourceMeter\Guille\jenkins-jenkins-2.328\core\src\main\java\hudson\model\Slave.java","746","5","746","200","0","0","0","0","0","0","0","0","0","0","0","0","0","0","0","0","0","0","0","0","0","0","0","0"
"L40661","description","hudson.model.StockStatusIcon.description;LLocalizable;","L40657","L103","C:\GIT\pris2\SourceMeter\Guille\jenkins-jenkins-2.328\core\src\main\java\hudson\model\StockStatusIcon.java","15","5","15","43","0","0","0","0","0","0","0","0","0","0","0","0","0","0","0","0","0","0","0","0","0","0","0","0"
"L40662","image","hudson.model.StockStatusIcon.image;Ljava/lang/String;","L40657","L103","C:\GIT\pris2\SourceMeter\Guille\jenkins-jenkins-2.328\core\src\main\java\hudson\model\StockStatusIcon.java","16","5","16","32","0","0","0","0","0","0","0","0","0","0","0","0","0","0","0","0","0","0","0","0","0","0","0","0"
"L40688","serialVersionUID","hudson.model.StreamBuildListener.serialVersionUID;J","L39849","L103","C:\GIT\pris2\SourceMeter\Guille\jenkins-jenkins-2.328\core\src\main\java\hudson\model\StreamBuildListener.java","68","5","68","53","0","0","0","0","0","0","0","0","0","0","0","0","0","0","0","0","0","0","0","0","0","0","0","0"
"L40690","defaultValue","hudson.model.StringParameterDefinition.defaultValue;Ljava/lang/String;","L4222","L103","C:\GIT\pris2\SourceMeter\Guille\jenkins-jenkins-2.328\core\src\main\java\hudson\model\StringParameterDefinition.java","46","5","46","33","0","0","0","0","0","0","0","0","0","0","0","0","0","0","0","0","0","0","0","0","0","0","0","0"
"L40691","trim","hudson.model.StringParameterDefinition.trim;Z","L4222","L103","C:\GIT\pris2\SourceMeter\Guille\jenkins-jenkins-2.328\core\src\main\java\hudson\model\StringParameterDefinition.java","47","5","47","26","0","0","0","0","0","0","0","0","0","0","0","0","0","0","0","0","0","0","0","0","0","0","0","0"
"L29115","value","hudson.model.StringParameterValue.value;Ljava/lang/String;","L4298","L103","C:\GIT\pris2\SourceMeter\Guille\jenkins-jenkins-2.328\core\src\main\java\hudson\model\StringParameterValue.java","41","5","43","25","0","0","0","0","0","0","0","0","0","0","0","0","0","0","0","0","0","0","0","0","0","0","0","0"
"L40761","workerThread","hudson.model.TaskAction.workerThread;Lhudson/model/TaskThread;","L40758","L103","C:\GIT\pris2\SourceMeter\Guille\jenkins-jenkins-2.328\core\src\main\java\hudson\model\TaskAction.java","55","5","55","58","0","0","0","0","0","0","0","0","0","0","0","0","0","0","0","0","0","0","0","0","0","0","0","0"
"L40766","log","hudson.model.TaskAction.log;Ljava/lang/ref/WeakReference;","L40758","L103","C:\GIT\pris2\SourceMeter\Guille\jenkins-jenkins-2.328\core\src\main\java\hudson\model\TaskAction.java","60","5","60","63","0","0","0","0","0","0","0","0","0","0","0","0","0","0","0","0","0","0","0","0","0","0","0","0"
"L9835","NULL","hudson.model.TaskListener.NULL;Lhudson/model/TaskListener;","L1915","L103","C:\GIT\pris2\SourceMeter\Guille\jenkins-jenkins-2.328\core\src\main\java\hudson\model\TaskListener.java","158","5","158","48","0","0","0","0","0","0","0","0","0","0","0","0","0","0","0","0","0","0","0","0","0","0","0","0"
"L40836","text","hudson.model.TaskThread.text;LLargeText;","L40763","L103","C:\GIT\pris2\SourceMeter\Guille\jenkins-jenkins-2.328\core\src\main\java\hudson\model\TaskThread.java","55","5","56","34","0","0","0","0","0","0","0","0","0","0","0","0","0","0","0","0","0","0","0","0","0","0","0","0"
"L40838","log","hudson.model.TaskThread.log;Lhudson/console/AnnotatedLargeText;","L40763","L103","C:\GIT\pris2\SourceMeter\Guille\jenkins-jenkins-2.328\core\src\main\java\hudson\model\TaskThread.java","61","5","61","54","0","0","0","0","0","0","0","0","0","0","0","0","0","0","0","0","0","0","0","0","0","0","0","0"
"L40845","listener","hudson.model.TaskThread.listener;Lhudson/model/TaskListener;","L40763","L103","C:\GIT\pris2\SourceMeter\Guille\jenkins-jenkins-2.328\core\src\main\java\hudson\model\TaskThread.java","66","5","66","35","0","0","0","0","0","0","0","0","0","0","0","0","0","0","0","0","0","0","0","0","0","0","0","0"
"L40847","owner","hudson.model.TaskThread.owner;Lhudson/model/TaskAction;","L40763","L103","C:\GIT\pris2\SourceMeter\Guille\jenkins-jenkins-2.328\core\src\main\java\hudson\model\TaskThread.java","68","5","68","36","0","0","0","0","0","0","0","0","0","0","0","0","0","0","0","0","0","0","0","0","0","0","0","0"
"L40848","isRunning","hudson.model.TaskThread.isRunning;Z","L40763","L103","C:\GIT\pris2\SourceMeter\Guille\jenkins-jenkins-2.328\core\src\main\java\hudson\model\TaskThread.java","70","5","70","40","0","0","0","0","0","0","0","0","0","0","0","0","0","0","0","0","0","0","0","0","0","0","0","0"
"L40941","decay","hudson.model.TimeSeries.decay;F","L35761","L103","C:\GIT\pris2\SourceMeter\Guille\jenkins-jenkins-2.328\core\src\main\java\hudson\model\TimeSeries.java","46","5","46","31","0","0","0","0","0","0","0","0","0","0","0","0","0","0","0","0","0","0","0","0","0","0","0","0"
"L40943","history","hudson.model.TimeSeries.history;[F","L35761","L103","C:\GIT\pris2\SourceMeter\Guille\jenkins-jenkins-2.328\core\src\main\java\hudson\model\TimeSeries.java","51","5","52","38","0","0","0","0","0","0","0","0","0","0","0","0","0","0","0","0","0","0","0","0","0","0","0","0"
"L40945","historySize","hudson.model.TimeSeries.historySize;I","L35761","L103","C:\GIT\pris2\SourceMeter\Guille\jenkins-jenkins-2.328\core\src\main\java\hudson\model\TimeSeries.java","57","5","57","35","0","0","0","0","0","0","0","0","0","0","0","0","0","0","0","0","0","0","0","0","0","0","0","0"
"L40960","serialVersionUID","hudson.model.TimeSeries.serialVersionUID;J","L35761","L103","C:\GIT\pris2\SourceMeter\Guille\jenkins-jenkins-2.328\core\src\main\java\hudson\model\TimeSeries.java","107","5","107","53","0","0","0","0","0","0","0","0","0","0","0","0","0","0","0","0","0","0","0","0","0","0","0","0"
"L40963","timeZoneName","hudson.model.TimeZoneProperty.timeZoneName;Ljava/lang/String;","L40961","L103","C:\GIT\pris2\SourceMeter\Guille\jenkins-jenkins-2.328\core\src\main\java\hudson\model\TimeZoneProperty.java","31","5","32","33","0","0","0","0","0","0","0","0","0","0","0","0","0","0","0","0","0","0","0","0","0","0","0","0"
"L40965","LOGGER","hudson.model.TimeZoneProperty.LOGGER;Ljava/util/logging/Logger;","L40961","L103","C:\GIT\pris2\SourceMeter\Guille\jenkins-jenkins-2.328\core\src\main\java\hudson\model\TimeZoneProperty.java","34","5","34","93","0","0","0","0","0","0","0","0","0","0","0","0","0","0","0","0","0","0","0","0","0","0","0","0"
"L41018","LOGGER","hudson.model.TopLevelItemDescriptor.LOGGER;Ljava/util/logging/Logger;","L27826","L103","C:\GIT\pris2\SourceMeter\Guille\jenkins-jenkins-2.328\core\src\main\java\hudson\model\TopLevelItemDescriptor.java","56","5","56","99","0","0","0","0","0","0","0","0","0","0","0","0","0","0","0","0","0","0","0","0","0","0","0","0"
"L41144","LOGGER","hudson.model.UpdateCenter.LOGGER;Ljava/util/logging/Logger;","L41142","L103","C:\GIT\pris2\SourceMeter\Guille\jenkins-jenkins-2.328\core\src\main\java\hudson\model\UpdateCenter.java","159","5","159","40","0","0","0","0","0","0","0","0","0","0","0","0","0","0","0","0","0","0","0","0","0","0","0","0"
"L41145","UPDATE_CENTER_URL","hudson.model.UpdateCenter.UPDATE_CENTER_URL;Ljava/lang/String;","L41142","L103","C:\GIT\pris2\SourceMeter\Guille\jenkins-jenkins-2.328\core\src\main\java\hudson\model\UpdateCenter.java","160","5","160","51","0","0","0","0","0","0","0","0","0","0","0","0","0","0","0","0","0","0","0","0","0","0","0","0"
"L41146","PLUGIN_DOWNLOAD_READ_TIMEOUT","hudson.model.UpdateCenter.PLUGIN_DOWNLOAD_READ_TIMEOUT;I","L41142","L103","C:\GIT\pris2\SourceMeter\Guille\jenkins-jenkins-2.328\core\src\main\java\hudson\model\UpdateCenter.java","165","5","165","194","0","0","0","0","0","0","0","0","0","0","0","0","0","0","0","0","0","0","0","0","0","0","0","0"
"L41150","PREDEFINED_UPDATE_SITE_ID","hudson.model.UpdateCenter.PREDEFINED_UPDATE_SITE_ID;Ljava/lang/String;","L41142","L103","C:\GIT\pris2\SourceMeter\Guille\jenkins-jenkins-2.328\core\src\main\java\hudson\model\UpdateCenter.java","167","5","167","70","0","0","0","0","0","0","0","0","0","0","0","0","0","0","0","0","0","0","0","0","0","0","0","0"
"L41151","ID_DEFAULT","hudson.model.UpdateCenter.ID_DEFAULT;Ljava/lang/String;","L41142","L103","C:\GIT\pris2\SourceMeter\Guille\jenkins-jenkins-2.328\core\src\main\java\hudson\model\UpdateCenter.java","173","5","173","154","0","0","0","0","0","0","0","0","0","0","0","0","0","0","0","0","0","0","0","0","0","0","0","0"
"L41154","ID_UPLOAD","hudson.model.UpdateCenter.ID_UPLOAD;Ljava/lang/String;","L41142","L103","C:\GIT\pris2\SourceMeter\Guille\jenkins-jenkins-2.328\core\src\main\java\hudson\model\UpdateCenter.java","175","5","176","54","0","0","0","0","0","0","0","0","0","0","0","0","0","0","0","0","0","0","0","0","0","0","0","0"
"L41155","installerService","hudson.model.UpdateCenter.installerService;Ljava/util/concurrent/ExecutorService;","L41142","L103","C:\GIT\pris2\SourceMeter\Guille\jenkins-jenkins-2.328\core\src\main\java\hudson\model\UpdateCenter.java","182","5","183","95","0","0","0","0","0","0","0","0","0","0","0","0","0","0","0","0","0","0","0","0","0","0","0","0"
"L41157","updateService","hudson.model.UpdateCenter.updateService;Ljava/util/concurrent/ExecutorService;","L41142","L103","C:\GIT\pris2\SourceMeter\Guille\jenkins-jenkins-2.328\core\src\main\java\hudson\model\UpdateCenter.java","188","5","189","92","0","0","0","0","0","0","0","0","0","0","0","0","0","0","0","0","0","0","0","0","0","0","0","0"
"L41159","jobs","hudson.model.UpdateCenter.jobs;Ljava/util/Vector;","L41142","L103","C:\GIT\pris2\SourceMeter\Guille\jenkins-jenkins-2.328\core\src\main\java\hudson\model\UpdateCenter.java","194","5","194","65","0","0","0","0","0","0","0","0","0","0","0","0","0","0","0","0","0","0","0","0","0","0","0","0"
"L41167","sourcesUsed","hudson.model.UpdateCenter.sourcesUsed;Ljava/util/Set;","L41142","L103","C:\GIT\pris2\SourceMeter\Guille\jenkins-jenkins-2.328\core\src\main\java\hudson\model\UpdateCenter.java","200","5","200","65","0","0","0","0","0","0","0","0","0","0","0","0","0","0","0","0","0","0","0","0","0","0","0","0"
"L41175","sites","hudson.model.UpdateCenter.sites;Lhudson/util/PersistedList;","L41142","L103","C:\GIT\pris2\SourceMeter\Guille\jenkins-jenkins-2.328\core\src\main\java\hudson\model\UpdateCenter.java","205","5","205","79","0","0","0","0","0","0","0","0","0","0","0","0","0","0","0","0","0","0","0","0","0","0","0","0"
"L41180","config","hudson.model.UpdateCenter.config;Lhudson/model/UpdateCenter$UpdateCenterConfiguration;","L41142","L103","C:\GIT\pris2\SourceMeter\Guille\jenkins-jenkins-2.328\core\src\main\java\hudson\model\UpdateCenter.java","210","5","210","46","0","0","0","0","0","0","0","0","0","0","0","0","0","0","0","0","0","0","0","0","0","0","0","0"
"L41185","requiresRestart","hudson.model.UpdateCenter.requiresRestart;Z","L41142","L103","C:\GIT\pris2\SourceMeter\Guille\jenkins-jenkins-2.328\core\src\main\java\hudson\model\UpdateCenter.java","212","5","212","37","0","0","0","0","0","0","0","0","0","0","0","0","0","0","0","0","0","0","0","0","0","0","0","0"
"L41186","siteDataLoading","hudson.model.UpdateCenter.siteDataLoading;Z","L41142","L103","C:\GIT\pris2\SourceMeter\Guille\jenkins-jenkins-2.328\core\src\main\java\hudson\model\UpdateCenter.java","215","5","215","56","0","0","0","0","0","0","0","0","0","0","0","0","0","0","0","0","0","0","0","0","0","0","0","0"
"L42124","SKIP_PERMISSION_CHECK","hudson.model.UpdateCenter.SKIP_PERMISSION_CHECK;Z","L41142","L103","C:\GIT\pris2\SourceMeter\Guille\jenkins-jenkins-2.328\core\src\main\java\hudson\model\UpdateCenter.java","2686","5","2688","166","0","0","0","0","0","0","0","0","0","0","0","0","0","0","0","0","0","0","0","0","0","0","0","0"
"L41654","iota","hudson.model.UpdateCenter.iota;Ljava/util/concurrent/atomic/AtomicInteger;","L41142","L103","C:\GIT\pris2\SourceMeter\Guille\jenkins-jenkins-2.328\core\src\main\java\hudson\model\UpdateCenter.java","2694","5","2694","67","0","0","0","0","0","0","0","0","0","0","0","0","0","0","0","0","0","0","0","0","0","0","0","0"
"L42128","neverUpdate","hudson.model.UpdateCenter.neverUpdate;Z","L41142","L103","C:\GIT\pris2\SourceMeter\Guille\jenkins-jenkins-2.328\core\src\main\java\hudson\model\UpdateCenter.java","2700","5","2701","110","0","0","0","0","0","0","0","0","0","0","0","0","0","0","0","0","0","0","0","0","0","0","0","0"
"L41480","XSTREAM","hudson.model.UpdateCenter.XSTREAM;Lhudson/util/XStream2;","L41142","L103","C:\GIT\pris2\SourceMeter\Guille\jenkins-jenkins-2.328\core\src\main\java\hudson\model\UpdateCenter.java","2703","5","2703","59","0","0","0","0","0","0","0","0","0","0","0","0","0","0","0","0","0","0","0","0","0","0","0","0"
"L42133","dataTimestamp","hudson.model.UpdateSite.dataTimestamp;J","L3723","L103","C:\GIT\pris2\SourceMeter\Guille\jenkins-jenkins-2.328\core\src\main\java\hudson\model\UpdateSite.java","115","5","115","51","0","0","0","0","0","0","0","0","0","0","0","0","0","0","0","0","0","0","0","0","0","0","0","0"
"L42135","lastAttempt","hudson.model.UpdateSite.lastAttempt;J","L3723","L103","C:\GIT\pris2\SourceMeter\Guille\jenkins-jenkins-2.328\core\src\main\java\hudson\model\UpdateSite.java","126","5","126","49","0","0","0","0","0","0","0","0","0","0","0","0","0","0","0","0","0","0","0","0","0","0","0","0"
"L42137","retryWindow","hudson.model.UpdateSite.retryWindow;J","L3723","L103","C:\GIT\pris2\SourceMeter\Guille\jenkins-jenkins-2.328\core\src\main\java\hudson\model\UpdateSite.java","132","5","132","49","0","0","0","0","0","0","0","0","0","0","0","0","0","0","0","0","0","0","0","0","0","0","0","0"
"L42139","data","hudson.model.UpdateSite.data;Lhudson/model/UpdateSite$Data;","L3723","L103","C:\GIT\pris2\SourceMeter\Guille\jenkins-jenkins-2.328\core\src\main\java\hudson\model\UpdateSite.java","137","5","137","33","0","0","0","0","0","0","0","0","0","0","0","0","0","0","0","0","0","0","0","0","0","0","0","0"
"L42141","id","hudson.model.UpdateSite.id;Ljava/lang/String;","L3723","L103","C:\GIT\pris2\SourceMeter\Guille\jenkins-jenkins-2.328\core\src\main\java\hudson\model\UpdateSite.java","142","5","142","29","0","0","0","0","0","0","0","0","0","0","0","0","0","0","0","0","0","0","0","0","0","0","0","0"
"L42143","url","hudson.model.UpdateSite.url;Ljava/lang/String;","L3723","L103","C:\GIT\pris2\SourceMeter\Guille\jenkins-jenkins-2.328\core\src\main\java\hudson\model\UpdateSite.java","147","5","147","30","0","0","0","0","0","0","0","0","0","0","0","0","0","0","0","0","0","0","0","0","0","0","0","0"
"L42145","signatureValidatorPrefix","hudson.model.UpdateSite.signatureValidatorPrefix;Ljava/lang/String;","L3723","L103","C:\GIT\pris2\SourceMeter\Guille\jenkins-jenkins-2.328\core\src\main\java\hudson\model\UpdateSite.java","152","5","152","74","0","0","0","0","0","0","0","0","0","0","0","0","0","0","0","0","0","0","0","0","0","0","0","0"
"L42147","warnedMissing","hudson.model.UpdateSite.warnedMissing;Ljava/util/Set;","L3723","L103","C:\GIT\pris2\SourceMeter\Guille\jenkins-jenkins-2.328\core\src\main\java\hudson\model\UpdateSite.java","154","5","154","99","0","0","0","0","0","0","0","0","0","0","0","0","0","0","0","0","0","0","0","0","0","0","0","0"
"L42439","IS_DEP_PREDICATE","hudson.model.UpdateSite.IS_DEP_PREDICATE;Ljava/util/function/Predicate;","L3723","L103","C:\GIT\pris2\SourceMeter\Guille\jenkins-jenkins-2.328\core\src\main\java\hudson\model\UpdateSite.java","1079","5","1079","123","0","0","0","0","0","0","0","0","0","0","0","0","0","0","0","0","0","0","0","0","0","0","0","0"
"L42446","IS_NOT_OPTIONAL","hudson.model.UpdateSite.IS_NOT_OPTIONAL;Ljava/util/function/Predicate;","L3723","L103","C:\GIT\pris2\SourceMeter\Guille\jenkins-jenkins-2.328\core\src\main\java\hudson\model\UpdateSite.java","1080","5","1080","107","0","0","0","0","0","0","0","0","0","0","0","0","0","0","0","0","0","0","0","0","0","0","0","0"
"L42214","DAY","hudson.model.UpdateSite.DAY;J","L3723","L103","C:\GIT\pris2\SourceMeter\Guille\jenkins-jenkins-2.328\core\src\main\java\hudson\model\UpdateSite.java","1724","5","1724","54","0","0","0","0","0","0","0","0","0","0","0","0","0","0","0","0","0","0","0","0","0","0","0","0"
"L42183","LOGGER","hudson.model.UpdateSite.LOGGER;Ljava/util/logging/Logger;","L3723","L103","C:\GIT\pris2\SourceMeter\Guille\jenkins-jenkins-2.328\core\src\main\java\hudson\model\UpdateSite.java","1726","5","1726","87","0","0","0","0","0","0","0","0","0","0","0","0","0","0","0","0","0","0","0","0","0","0","0","0"
"L42212","neverUpdate","hudson.model.UpdateSite.neverUpdate;Z","L3723","L103","C:\GIT\pris2\SourceMeter\Guille\jenkins-jenkins-2.328\core\src\main\java\hudson\model\UpdateSite.java","1729","5","1730","110","0","0","0","0","0","0","0","0","0","0","0","0","0","0","0","0","0","0","0","0","0","0","0","0"
"L42634","LOG","hudson.model.UsageStatistics.LOG;Ljava/util/logging/Logger;","L42630","L103","C:\GIT\pris2\SourceMeter\Guille\jenkins-jenkins-2.328\core\src\main\java\hudson\model\UsageStatistics.java","76","5","76","89","0","0","0","0","0","0","0","0","0","0","0","0","0","0","0","0","0","0","0","0","0","0","0","0"
"L42637","keyImage","hudson.model.UsageStatistics.keyImage;Ljava/lang/String;","L42630","L103","C:\GIT\pris2\SourceMeter\Guille\jenkins-jenkins-2.328\core\src\main\java\hudson\model\UsageStatistics.java","78","5","78","35","0","0","0","0","0","0","0","0","0","0","0","0","0","0","0","0","0","0","0","0","0","0","0","0"
"L42638","key","hudson.model.UsageStatistics.key;Ljava/security/interfaces/RSAPublicKey;","L42630","L103","C:\GIT\pris2\SourceMeter\Guille\jenkins-jenkins-2.328\core\src\main\java\hudson\model\UsageStatistics.java","83","5","83","49","0","0","0","0","0","0","0","0","0","0","0","0","0","0","0","0","0","0","0","0","0","0","0","0"
"L42640","lastAttempt","hudson.model.UsageStatistics.lastAttempt;J","L42630","L103","C:\GIT\pris2\SourceMeter\Guille\jenkins-jenkins-2.328\core\src\main\java\hudson\model\UsageStatistics.java","88","5","88","54","0","0","0","0","0","0","0","0","0","0","0","0","0","0","0","0","0","0","0","0","0","0","0","0"
"L42645","DEFAULT_KEY_BYTES","hudson.model.UsageStatistics.DEFAULT_KEY_BYTES;Ljava/lang/String;","L42630","L103","C:\GIT\pris2\SourceMeter\Guille\jenkins-jenkins-2.328\core\src\main\java\hudson\model\UsageStatistics.java","294","5","299","26","0","0","0","0","0","0","0","0","0","0","0","0","0","0","0","0","0","0","0","0","0","0","0","0"
"L42658","DAY","hudson.model.UsageStatistics.DAY;J","L42630","L103","C:\GIT\pris2\SourceMeter\Guille\jenkins-jenkins-2.328\core\src\main\java\hudson\model\UsageStatistics.java","301","5","301","54","0","0","0","0","0","0","0","0","0","0","0","0","0","0","0","0","0","0","0","0","0","0","0","0"
"L42655","DISABLED","hudson.model.UsageStatistics.DISABLED;Z","L42630","L103","C:\GIT\pris2\SourceMeter\Guille\jenkins-jenkins-2.328\core\src\main\java\hudson\model\UsageStatistics.java","303","5","304","113","0","0","0","0","0","0","0","0","0","0","0","0","0","0","0","0","0","0","0","0","0","0","0","0"
"L42740","XSTREAM","hudson.model.User.XSTREAM;Lhudson/util/XStream2;","L1906","L103","C:\GIT\pris2\SourceMeter\Guille\jenkins-jenkins-2.328\core\src\main\java\hudson\model\User.java","125","5","125","59","0","0","0","0","0","0","0","0","0","0","0","0","0","0","0","0","0","0","0","0","0","0","0","0"
"L42741","LOGGER","hudson.model.User.LOGGER;Ljava/util/logging/Logger;","L1906","L103","C:\GIT\pris2\SourceMeter\Guille\jenkins-jenkins-2.328\core\src\main\java\hudson\model\User.java","126","5","126","81","0","0","0","0","0","0","0","0","0","0","0","0","0","0","0","0","0","0","0","0","0","0","0","0"
"L42742","CONFIG_XML","hudson.model.User.CONFIG_XML;Ljava/lang/String;","L1906","L103","C:\GIT\pris2\SourceMeter\Guille\jenkins-jenkins-2.328\core\src\main\java\hudson\model\User.java","127","5","127","51","0","0","0","0","0","0","0","0","0","0","0","0","0","0","0","0","0","0","0","0","0","0","0","0"
"L42743","SKIP_PERMISSION_CHECK","hudson.model.User.SKIP_PERMISSION_CHECK;Z","L1906","L103","C:\GIT\pris2\SourceMeter\Guille\jenkins-jenkins-2.328\core\src\main\java\hudson\model\User.java","132","5","134","158","0","0","0","0","0","0","0","0","0","0","0","0","0","0","0","0","0","0","0","0","0","0","0","0"
"L42745","ALLOW_NON_EXISTENT_USER_TO_LOGIN","hudson.model.User.ALLOW_NON_EXISTENT_USER_TO_LOGIN;Z","L1906","L103","C:\GIT\pris2\SourceMeter\Guille\jenkins-jenkins-2.328\core\src\main\java\hudson\model\User.java","145","5","146","145","0","0","0","0","0","0","0","0","0","0","0","0","0","0","0","0","0","0","0","0","0","0","0","0"
"L42747","ALLOW_USER_CREATION_VIA_URL","hudson.model.User.ALLOW_USER_CREATION_VIA_URL;Z","L1906","L103","C:\GIT\pris2\SourceMeter\Guille\jenkins-jenkins-2.328\core\src\main\java\hudson\model\User.java","160","5","162","136","0","0","0","0","0","0","0","0","0","0","0","0","0","0","0","0","0","0","0","0","0","0","0","0"
"L42749","UNKNOWN_USERNAME","hudson.model.User.UNKNOWN_USERNAME;Ljava/lang/String;","L1906","L103","C:\GIT\pris2\SourceMeter\Guille\jenkins-jenkins-2.328\core\src\main\java\hudson\model\User.java","167","5","167","62","0","0","0","0","0","0","0","0","0","0","0","0","0","0","0","0","0","0","0","0","0","0","0","0"
"L42751","ILLEGAL_PERSISTED_USERNAMES","hudson.model.User.ILLEGAL_PERSISTED_USERNAMES;[Ljava/lang/String;","L1906","L103","C:\GIT\pris2\SourceMeter\Guille\jenkins-jenkins-2.328\core\src\main\java\hudson\model\User.java","173","5","174","52","0","0","0","0","0","0","0","0","0","0","0","0","0","0","0","0","0","0","0","0","0","0","0","0"
"L42758","version","hudson.model.User.version;I","L1906","L103","C:\GIT\pris2\SourceMeter\Guille\jenkins-jenkins-2.328\core\src\main\java\hudson\model\User.java","176","5","176","36","0","0","0","0","0","0","0","0","0","0","0","0","0","0","0","0","0","0","0","0","0","0","0","0"
"L42759","id","hudson.model.User.id;Ljava/lang/String;","L1906","L103","C:\GIT\pris2\SourceMeter\Guille\jenkins-jenkins-2.328\core\src\main\java\hudson\model\User.java","177","5","177","23","0","0","0","0","0","0","0","0","0","0","0","0","0","0","0","0","0","0","0","0","0","0","0","0"
"L42760","fullName","hudson.model.User.fullName;Ljava/lang/String;","L1906","L103","C:\GIT\pris2\SourceMeter\Guille\jenkins-jenkins-2.328\core\src\main\java\hudson\model\User.java","178","5","178","38","0","0","0","0","0","0","0","0","0","0","0","0","0","0","0","0","0","0","0","0","0","0","0","0"
"L42761","description","hudson.model.User.description;Ljava/lang/String;","L1906","L103","C:\GIT\pris2\SourceMeter\Guille\jenkins-jenkins-2.328\core\src\main\java\hudson\model\User.java","179","5","179","41","0","0","0","0","0","0","0","0","0","0","0","0","0","0","0","0","0","0","0","0","0","0","0","0"
"L42762","properties","hudson.model.User.properties;Ljava/util/List;","L1906","L103","C:\GIT\pris2\SourceMeter\Guille\jenkins-jenkins-2.328\core\src\main\java\hudson\model\User.java","181","5","182","72","0","0","0","0","0","0","0","0","0","0","0","0","0","0","0","0","0","0","0","0","0","0","0","0"
"L43192","XSTREAM","hudson.model.UserIdMapper.XSTREAM;Lhudson/util/XStream2;","L43191","L103","C:\GIT\pris2\SourceMeter\Guille\jenkins-jenkins-2.328\core\src\main\java\hudson\model\UserIdMapper.java","55","5","55","60","0","0","0","0","0","0","0","0","0","0","0","0","0","0","0","0","0","0","0","0","0","0","0","0"
"L43193","MAPPING_FILE","hudson.model.UserIdMapper.MAPPING_FILE;Ljava/lang/String;","L43191","L103","C:\GIT\pris2\SourceMeter\Guille\jenkins-jenkins-2.328\core\src\main\java\hudson\model\UserIdMapper.java","56","5","56","52","0","0","0","0","0","0","0","0","0","0","0","0","0","0","0","0","0","0","0","0","0","0","0","0"
"L43194","LOGGER","hudson.model.UserIdMapper.LOGGER;Ljava/util/logging/Logger;","L43191","L103","C:\GIT\pris2\SourceMeter\Guille\jenkins-jenkins-2.328\core\src\main\java\hudson\model\UserIdMapper.java","57","5","57","89","0","0","0","0","0","0","0","0","0","0","0","0","0","0","0","0","0","0","0","0","0","0","0","0"
"L43197","PREFIX_MAX","hudson.model.UserIdMapper.PREFIX_MAX;I","L43191","L103","C:\GIT\pris2\SourceMeter\Guille\jenkins-jenkins-2.328\core\src\main\java\hudson\model\UserIdMapper.java","58","5","58","46","0","0","0","0","0","0","0","0","0","0","0","0","0","0","0","0","0","0","0","0","0","0","0","0"
"L43198","PREFIX_PATTERN","hudson.model.UserIdMapper.PREFIX_PATTERN;Ljava/util/regex/Pattern;","L43191","L103","C:\GIT\pris2\SourceMeter\Guille\jenkins-jenkins-2.328\core\src\main\java\hudson\model\UserIdMapper.java","59","5","59","83","0","0","0","0","0","0","0","0","0","0","0","0","0","0","0","0","0","0","0","0","0","0","0","0"
"L43199","version","hudson.model.UserIdMapper.version;I","L43191","L103","C:\GIT\pris2\SourceMeter\Guille\jenkins-jenkins-2.328\core\src\main\java\hudson\model\UserIdMapper.java","60","5","60","35","0","0","0","0","0","0","0","0","0","0","0","0","0","0","0","0","0","0","0","0","0","0","0","0"
"L43200","usersDirectory","hudson.model.UserIdMapper.usersDirectory;Ljava/io/File;","L43191","L103","C:\GIT\pris2\SourceMeter\Guille\jenkins-jenkins-2.328\core\src\main\java\hudson\model\UserIdMapper.java","62","5","62","43","0","0","0","0","0","0","0","0","0","0","0","0","0","0","0","0","0","0","0","0","0","0","0","0"
"L43201","idToDirectoryNameMap","hudson.model.UserIdMapper.idToDirectoryNameMap;Ljava/util/Map;","L43191","L103","C:\GIT\pris2\SourceMeter\Guille\jenkins-jenkins-2.328\core\src\main\java\hudson\model\UserIdMapper.java","63","5","63","82","0","0","0","0","0","0","0","0","0","0","0","0","0","0","0","0","0","0","0","0","0","0","0","0"
"L43250","LOGGER","hudson.model.UserIdMigrator.LOGGER;Ljava/util/logging/Logger;","L43241","L103","C:\GIT\pris2\SourceMeter\Guille\jenkins-jenkins-2.328\core\src\main\java\hudson\model\UserIdMigrator.java","42","5","42","91","0","0","0","0","0","0","0","0","0","0","0","0","0","0","0","0","0","0","0","0","0","0","0","0"
"L43251","EMPTY_USERNAME_DIRECTORY_NAME","hudson.model.UserIdMigrator.EMPTY_USERNAME_DIRECTORY_NAME;Ljava/lang/String;","L43241","L103","C:\GIT\pris2\SourceMeter\Guille\jenkins-jenkins-2.328\core\src\main\java\hudson\model\UserIdMigrator.java","43","5","43","81","0","0","0","0","0","0","0","0","0","0","0","0","0","0","0","0","0","0","0","0","0","0","0","0"
"L43252","usersDirectory","hudson.model.UserIdMigrator.usersDirectory;Ljava/io/File;","L43241","L103","C:\GIT\pris2\SourceMeter\Guille\jenkins-jenkins-2.328\core\src\main\java\hudson\model\UserIdMigrator.java","45","5","45","39","0","0","0","0","0","0","0","0","0","0","0","0","0","0","0","0","0","0","0","0","0","0","0","0"
"L43253","idStrategy","hudson.model.UserIdMigrator.idStrategy;Ljenkins/model/IdStrategy;","L43241","L103","C:\GIT\pris2\SourceMeter\Guille\jenkins-jenkins-2.328\core\src\main\java\hudson\model\UserIdMigrator.java","46","5","46","41","0","0","0","0","0","0","0","0","0","0","0","0","0","0","0","0","0","0","0","0","0","0","0","0"
"L43284","LIST","hudson.model.UserProperties.LIST;Ljava/util/List;","L43281","L103","C:\GIT\pris2\SourceMeter\Guille\jenkins-jenkins-2.328\core\src\main\java\hudson\model\UserProperties.java","42","5","43","109","0","0","0","0","0","0","0","0","0","0","0","0","0","0","0","0","0","0","0","0","0","0","0","0"
"L35950","user","hudson.model.UserProperty.user;Lhudson/model/User;","L35906","L103","C:\GIT\pris2\SourceMeter\Guille\jenkins-jenkins-2.328\core\src\main\java\hudson\model\UserProperty.java","59","5","59","35","0","0","0","0","0","0","0","0","0","0","0","0","0","0","0","0","0","0","0","0","0","0","0","0"
"L26458","owner","hudson.model.View.owner;Lhudson/model/ViewGroup;","L1663","L103","C:\GIT\pris2\SourceMeter\Guille\jenkins-jenkins-2.328\core\src\main\java\hudson\model\View.java","156","5","156","41","0","0","0","0","0","0","0","0","0","0","0","0","0","0","0","0","0","0","0","0","0","0","0","0"
"L28063","name","hudson.model.View.name;Ljava/lang/String;","L1663","L103","C:\GIT\pris2\SourceMeter\Guille\jenkins-jenkins-2.328\core\src\main\java\hudson\model\View.java","161","5","161","27","0","0","0","0","0","0","0","0","0","0","0","0","0","0","0","0","0","0","0","0","0","0","0","0"
"L43324","description","hudson.model.View.description;Ljava/lang/String;","L1663","L103","C:\GIT\pris2\SourceMeter\Guille\jenkins-jenkins-2.328\core\src\main\java\hudson\model\View.java","166","5","166","34","0","0","0","0","0","0","0","0","0","0","0","0","0","0","0","0","0","0","0","0","0","0","0","0"
"L43326","filterExecutors","hudson.model.View.filterExecutors;Z","L1663","L103","C:\GIT\pris2\SourceMeter\Guille\jenkins-jenkins-2.328\core\src\main\java\hudson\model\View.java","171","5","171","39","0","0","0","0","0","0","0","0","0","0","0","0","0","0","0","0","0","0","0","0","0","0","0","0"
"L43328","filterQueue","hudson.model.View.filterQueue;Z","L1663","L103","C:\GIT\pris2\SourceMeter\Guille\jenkins-jenkins-2.328\core\src\main\java\hudson\model\View.java","176","5","176","35","0","0","0","0","0","0","0","0","0","0","0","0","0","0","0","0","0","0","0","0","0","0","0","0"
"L43330","properties","hudson.model.View.properties;Lhudson/util/DescribableList;","L1663","L103","C:\GIT\pris2\SourceMeter\Guille\jenkins-jenkins-2.328\core\src\main\java\hudson\model\View.java","182","5","182","112","0","0","0","0","0","0","0","0","0","0","0","0","0","0","0","0","0","0","0","0","0","0","0","0"
"L43456","FILTER_LOOP_MAX_COUNT","hudson.model.View.FILTER_LOOP_MAX_COUNT;I","L1663","L103","C:\GIT\pris2\SourceMeter\Guille\jenkins-jenkins-2.328\core\src\main\java\hudson\model\View.java","481","5","481","57","0","0","0","0","0","0","0","0","0","0","0","0","0","0","0","0","0","0","0","0","0","0","0","0"
"L43768","LIST","hudson.model.View.LIST;Lhudson/util/DescriptorList;","L1663","L103","C:\GIT\pris2\SourceMeter\Guille\jenkins-jenkins-2.328\core\src\main\java\hudson\model\View.java","1275","5","1276","86","0","0","0","0","0","0","0","0","0","0","0","0","0","0","0","0","0","0","0","0","0","0","0","0"
"L43793","SORTER","hudson.model.View.SORTER;Ljava/util/Comparator;","L1663","L103","C:\GIT\pris2\SourceMeter\Guille\jenkins-jenkins-2.328\core\src\main\java\hudson\model\View.java","1312","5","1312","91","0","0","0","0","0","0","0","0","0","0","0","0","0","0","0","0","0","0","0","0","0","0","0","0"
"L43797","PERMISSIONS","hudson.model.View.PERMISSIONS;Lhudson/security/PermissionGroup;","L1663","L103","C:\GIT\pris2\SourceMeter\Guille\jenkins-jenkins-2.328\core\src\main\java\hudson\model\View.java","1314","5","1314","123","0","0","0","0","0","0","0","0","0","0","0","0","0","0","0","0","0","0","0","0","0","0","0","0"
"L2815","CREATE","hudson.model.View.CREATE;Lhudson/security/Permission;","L1663","L103","C:\GIT\pris2\SourceMeter\Guille\jenkins-jenkins-2.328\core\src\main\java\hudson\model\View.java","1318","5","1318","177","0","0","0","0","0","0","0","0","0","0","0","0","0","0","0","0","0","0","0","0","0","0","0","0"
"L3184","DELETE","hudson.model.View.DELETE;Lhudson/security/Permission;","L1663","L103","C:\GIT\pris2\SourceMeter\Guille\jenkins-jenkins-2.328\core\src\main\java\hudson\model\View.java","1319","5","1319","177","0","0","0","0","0","0","0","0","0","0","0","0","0","0","0","0","0","0","0","0","0","0","0","0"
"L1681","CONFIGURE","hudson.model.View.CONFIGURE;Lhudson/security/Permission;","L1663","L103","C:\GIT\pris2\SourceMeter\Guille\jenkins-jenkins-2.328\core\src\main\java\hudson\model\View.java","1320","5","1320","189","0","0","0","0","0","0","0","0","0","0","0","0","0","0","0","0","0","0","0","0","0","0","0","0"
"L3392","READ","hudson.model.View.READ;Lhudson/security/Permission;","L1663","L103","C:\GIT\pris2\SourceMeter\Guille\jenkins-jenkins-2.328\core\src\main\java\hudson\model\View.java","1321","5","1321","169","0","0","0","0","0","0","0","0","0","0","0","0","0","0","0","0","0","0","0","0","0","0","0","0"
"L43410","NEW_PRONOUN","hudson.model.View.NEW_PRONOUN;Lhudson/util/AlternativeUiTextProvider$Message;","L1663","L103","C:\GIT\pris2\SourceMeter\Guille\jenkins-jenkins-2.328\core\src\main\java\hudson\model\View.java","1449","5","1449","69","0","0","0","0","0","0","0","0","0","0","0","0","0","0","0","0","0","0","0","0","0","0","0","0"
"L43466","LOGGER","hudson.model.View.LOGGER;Ljava/util/logging/Logger;","L1663","L103","C:\GIT\pris2\SourceMeter\Guille\jenkins-jenkins-2.328\core\src\main\java\hudson\model\View.java","1451","5","1451","81","0","0","0","0","0","0","0","0","0","0","0","0","0","0","0","0","0","0","0","0","0","0","0","0"
"L43897","owner","hudson.model.ViewGroupMixIn.owner;Lhudson/model/ViewGroup;","L35919","L103","C:\GIT\pris2\SourceMeter\Guille\jenkins-jenkins-2.328\core\src\main\java\hudson\model\ViewGroupMixIn.java","62","5","62","35","0","0","0","0","0","0","0","0","0","0","0","0","0","0","0","0","0","0","0","0","0","0","0","0"
"L43935","LOGGER","hudson.model.ViewJob.LOGGER;Ljava/util/logging/Logger;","L43924","L103","C:\GIT\pris2\SourceMeter\Guille\jenkins-jenkins-2.328\core\src\main\java\hudson\model\ViewJob.java","54","5","54","84","0","0","0","0","0","0","0","0","0","0","0","0","0","0","0","0","0","0","0","0","0","0","0","0"
"L43938","nextUpdate","hudson.model.ViewJob.nextUpdate;J","L43924","L103","C:\GIT\pris2\SourceMeter\Guille\jenkins-jenkins-2.328\core\src\main\java\hudson\model\ViewJob.java","60","5","60","43","0","0","0","0","0","0","0","0","0","0","0","0","0","0","0","0","0","0","0","0","0","0","0","0"
"L43940","runs","hudson.model.ViewJob.runs;Lhudson/model/RunMap;","L43924","L103","C:\GIT\pris2\SourceMeter\Guille\jenkins-jenkins-2.328\core\src\main\java\hudson\model\ViewJob.java","65","5","65","96","0","0","0","0","0","0","0","0","0","0","0","0","0","0","0","0","0","0","0","0","0","0","0","0"
"L43942","notLoaded","hudson.model.ViewJob.notLoaded;Z","L43924","L103","C:\GIT\pris2\SourceMeter\Guille\jenkins-jenkins-2.328\core\src\main\java\hudson\model\ViewJob.java","67","5","67","57","0","0","0","0","0","0","0","0","0","0","0","0","0","0","0","0","0","0","0","0","0","0","0","0"
"L43943","reloadingInProgress","hudson.model.ViewJob.reloadingInProgress;Z","L43924","L103","C:\GIT\pris2\SourceMeter\Guille\jenkins-jenkins-2.328\core\src\main\java\hudson\model\ViewJob.java","73","5","73","60","0","0","0","0","0","0","0","0","0","0","0","0","0","0","0","0","0","0","0","0","0","0","0","0"
"L43945","reloadThread","hudson.model.ViewJob.reloadThread;Lhudson/model/ViewJob$ReloadThread;","L43924","L103","C:\GIT\pris2\SourceMeter\Guille\jenkins-jenkins-2.328\core\src\main\java\hudson\model\ViewJob.java","75","5","75","46","0","0","0","0","0","0","0","0","0","0","0","0","0","0","0","0","0","0","0","0","0","0","0","0"
"L43984","reloadPeriodically","hudson.model.ViewJob.reloadPeriodically;Z","L43924","L103","C:\GIT\pris2\SourceMeter\Guille\jenkins-jenkins-2.328\core\src\main\java\hudson\model\ViewJob.java","236","5","237","125","0","0","0","0","0","0","0","0","0","0","0","0","0","0","0","0","0","0","0","0","0","0","0","0"
"L44015","view","hudson.model.ViewProperty.view;Lhudson/model/View;","L43333","L103","C:\GIT\pris2\SourceMeter\Guille\jenkins-jenkins-2.328\core\src\main\java\hudson\model\ViewProperty.java","56","5","56","35","0","0","0","0","0","0","0","0","0","0","0","0","0","0","0","0","0","0","0","0","0","0","0","0"
"L44046","workspaceList","hudson.model.WorkspaceBrowser.workspaceList;Lhudson/slaves/WorkspaceList;","L27185","L103","C:\GIT\pris2\SourceMeter\Guille\jenkins-jenkins-2.328\core\src\main\java\hudson\model\WorkspaceBrowser.java","43","5","43","69","0","0","0","0","0","0","0","0","0","0","0","0","0","0","0","0","0","0","0","0","0","0","0","0"
"L44065","LOGGER","hudson.model.WorkspaceCleanupThread.LOGGER;Ljava/util/logging/Logger;","L44052","L103","C:\GIT\pris2\SourceMeter\Guille\jenkins-jenkins-2.328\core\src\main\java\hudson\model\WorkspaceCleanupThread.java","151","5","151","99","0","0","0","0","0","0","0","0","0","0","0","0","0","0","0","0","0","0","0","0","0","0","0","0"
"L44063","disabled","hudson.model.WorkspaceCleanupThread.disabled;Z","L44052","L103","C:\GIT\pris2\SourceMeter\Guille\jenkins-jenkins-2.328\core\src\main\java\hudson\model\WorkspaceCleanupThread.java","156","5","157","120","0","0","0","0","0","0","0","0","0","0","0","0","0","0","0","0","0","0","0","0","0","0","0","0"
"L44056","recurrencePeriodHours","hudson.model.WorkspaceCleanupThread.recurrencePeriodHours;I","L44052","L103","C:\GIT\pris2\SourceMeter\Guille\jenkins-jenkins-2.328\core\src\main\java\hudson\model\WorkspaceCleanupThread.java","162","5","162","152","0","0","0","0","0","0","0","0","0","0","0","0","0","0","0","0","0","0","0","0","0","0","0","0"
"L44076","retainForDays","hudson.model.WorkspaceCleanupThread.retainForDays;I","L44052","L103","C:\GIT\pris2\SourceMeter\Guille\jenkins-jenkins-2.328\core\src\main\java\hudson\model\WorkspaceCleanupThread.java","167","5","168","130","0","0","0","0","0","0","0","0","0","0","0","0","0","0","0","0","0","0","0","0","0","0","0","0"
"L44128","thing","hudson.model.ActionableTest.thing;Lhudson/model/Actionable;","L44126","L103","C:\GIT\pris2\SourceMeter\Guille\jenkins-jenkins-2.328\core\src\test\java\hudson\model\ActionableTest.java","45","5","45","59","0","0","0","0","0","0","0","0","0","0","0","0","0","0","0","0","0","0","0","0","0","0","0","0"
"L44192","build","hudson.model.BuildStatusSummaryTest.build;Lhudson/model/Run;","L44189","L103","C:\GIT\pris2\SourceMeter\Guille\jenkins-jenkins-2.328\core\src\test\java\hudson\model\BuildStatusSummaryTest.java","21","5","21","23","0","0","0","0","0","0","0","0","0","0","0","0","0","0","0","0","0","0","0","0","0","0","0","0"
"L44193","prevBuild","hudson.model.BuildStatusSummaryTest.prevBuild;Lhudson/model/Run;","L44189","L103","C:\GIT\pris2\SourceMeter\Guille\jenkins-jenkins-2.328\core\src\test\java\hudson\model\BuildStatusSummaryTest.java","22","5","22","27","0","0","0","0","0","0","0","0","0","0","0","0","0","0","0","0","0","0","0","0","0","0","0","0"
"L44307","envVars","hudson.model.EnvironmentContributingActionTest.envVars;Lhudson/EnvVars;","L44275","L103","C:\GIT\pris2\SourceMeter\Guille\jenkins-jenkins-2.328\core\src\test\java\hudson\model\EnvironmentContributingActionTest.java","64","5","64","57","0","0","0","0","0","0","0","0","0","0","0","0","0","0","0","0","0","0","0","0","0","0","0","0"
"L44345","tmp","hudson.model.FingerprintTest.tmp;LTemporaryFolder;","L44342","L103","C:\GIT\pris2\SourceMeter\Guille\jenkins-jenkins-2.328\core\src\test\java\hudson\model\FingerprintTest.java","48","5","48","62","0","0","0","0","0","0","0","0","0","0","0","0","0","0","0","0","0","0","0","0","0","0","0","0"
"L44372","root","hudson.model.ItemsTest.root;Lhudson/model/ItemGroup;","L44369","L103","C:\GIT\pris2\SourceMeter\Guille\jenkins-jenkins-2.328\core\src\test\java\hudson\model\ItemsTest.java","16","5","16","38","0","0","0","0","0","0","0","0","0","0","0","0","0","0","0","0","0","0","0","0","0","0","0","0"
"L44373","foo","hudson.model.ItemsTest.foo;Lhudson/model/ItemGroup;","L44369","L103","C:\GIT\pris2\SourceMeter\Guille\jenkins-jenkins-2.328\core\src\test\java\hudson\model\ItemsTest.java","17","5","17","37","0","0","0","0","0","0","0","0","0","0","0","0","0","0","0","0","0","0","0","0","0","0","0","0"
"L44374","foo_bar","hudson.model.ItemsTest.foo_bar;Lhudson/model/ItemGroup;","L44369","L103","C:\GIT\pris2\SourceMeter\Guille\jenkins-jenkins-2.328\core\src\test\java\hudson\model\ItemsTest.java","18","5","18","41","0","0","0","0","0","0","0","0","0","0","0","0","0","0","0","0","0","0","0","0","0","0","0","0"
"L44534","baseParamsAB","hudson.model.ParametersActionTest.baseParamsAB;Lhudson/model/ParametersAction;","L44532","L103","C:\GIT\pris2\SourceMeter\Guille\jenkins-jenkins-2.328\core\src\test\java\hudson\model\ParametersActionTest.java","19","5","19","43","0","0","0","0","0","0","0","0","0","0","0","0","0","0","0","0","0","0","0","0","0","0","0","0"
"L44535","baseA","hudson.model.ParametersActionTest.baseA;Lhudson/model/StringParameterValue;","L44532","L103","C:\GIT\pris2\SourceMeter\Guille\jenkins-jenkins-2.328\core\src\test\java\hudson\model\ParametersActionTest.java","20","5","20","40","0","0","0","0","0","0","0","0","0","0","0","0","0","0","0","0","0","0","0","0","0","0","0","0"
"L44552","resp","hudson.model.QueueTest.resp;LStaplerResponse;","L5286","L103","C:\GIT\pris2\SourceMeter\Guille\jenkins-jenkins-2.328\core\src\test\java\hudson\model\QueueTest.java","22","5","23","26","0","0","0","0","0","0","0","0","0","0","0","0","0","0","0","0","0","0","0","0","0","0","0","0"
"L44553","task","hudson.model.QueueTest.task;Lhudson/model/Queue$Task;","L5286","L103","C:\GIT\pris2\SourceMeter\Guille\jenkins-jenkins-2.328\core\src\test\java\hudson\model\QueueTest.java","24","5","25","21","0","0","0","0","0","0","0","0","0","0","0","0","0","0","0","0","0","0","0","0","0","0","0","0"
"L44554","writer","hudson.model.QueueTest.writer;Ljava/io/PrintWriter;","L5286","L103","C:\GIT\pris2\SourceMeter\Guille\jenkins-jenkins-2.328\core\src\test\java\hudson\model\QueueTest.java","26","5","27","24","0","0","0","0","0","0","0","0","0","0","0","0","0","0","0","0","0","0","0","0","0","0","0","0"
"L44568","a1","hudson.model.ResourceListTest.a1;Lhudson/model/Resource;","L44565","L103","C:\GIT\pris2\SourceMeter\Guille\jenkins-jenkins-2.328\core\src\test\java\hudson\model\ResourceListTest.java","39","5","39","25","0","0","0","0","0","0","0","0","0","0","0","0","0","0","0","0","0","0","0","0","0","0","0","0"
"L44569","a2","hudson.model.ResourceListTest.a2;Lhudson/model/Resource;","L44565","L103","C:\GIT\pris2\SourceMeter\Guille\jenkins-jenkins-2.328\core\src\test\java\hudson\model\ResourceListTest.java","39","5","39","29","0","0","0","0","0","0","0","0","0","0","0","0","0","0","0","0","0","0","0","0","0","0","0","0"
"L44570","a3","hudson.model.ResourceListTest.a3;Lhudson/model/Resource;","L44565","L103","C:\GIT\pris2\SourceMeter\Guille\jenkins-jenkins-2.328\core\src\test\java\hudson\model\ResourceListTest.java","39","5","39","33","0","0","0","0","0","0","0","0","0","0","0","0","0","0","0","0","0","0","0","0","0","0","0","0"
"L44571","a4","hudson.model.ResourceListTest.a4;Lhudson/model/Resource;","L44565","L103","C:\GIT\pris2\SourceMeter\Guille\jenkins-jenkins-2.328\core\src\test\java\hudson\model\ResourceListTest.java","39","5","39","37","0","0","0","0","0","0","0","0","0","0","0","0","0","0","0","0","0","0","0","0","0","0","0","0"
"L44572","a","hudson.model.ResourceListTest.a;Lhudson/model/Resource;","L44565","L103","C:\GIT\pris2\SourceMeter\Guille\jenkins-jenkins-2.328\core\src\test\java\hudson\model\ResourceListTest.java","39","5","39","40","0","0","0","0","0","0","0","0","0","0","0","0","0","0","0","0","0","0","0","0","0","0","0","0"
"L44573","b1","hudson.model.ResourceListTest.b1;Lhudson/model/Resource;","L44565","L103","C:\GIT\pris2\SourceMeter\Guille\jenkins-jenkins-2.328\core\src\test\java\hudson\model\ResourceListTest.java","40","5","40","25","0","0","0","0","0","0","0","0","0","0","0","0","0","0","0","0","0","0","0","0","0","0","0","0"
"L44574","b2","hudson.model.ResourceListTest.b2;Lhudson/model/Resource;","L44565","L103","C:\GIT\pris2\SourceMeter\Guille\jenkins-jenkins-2.328\core\src\test\java\hudson\model\ResourceListTest.java","40","5","40","29","0","0","0","0","0","0","0","0","0","0","0","0","0","0","0","0","0","0","0","0","0","0","0","0"
"L44575","b3","hudson.model.ResourceListTest.b3;Lhudson/model/Resource;","L44565","L103","C:\GIT\pris2\SourceMeter\Guille\jenkins-jenkins-2.328\core\src\test\java\hudson\model\ResourceListTest.java","40","5","40","33","0","0","0","0","0","0","0","0","0","0","0","0","0","0","0","0","0","0","0","0","0","0","0","0"
"L44576","b4","hudson.model.ResourceListTest.b4;Lhudson/model/Resource;","L44565","L103","C:\GIT\pris2\SourceMeter\Guille\jenkins-jenkins-2.328\core\src\test\java\hudson\model\ResourceListTest.java","40","5","40","37","0","0","0","0","0","0","0","0","0","0","0","0","0","0","0","0","0","0","0","0","0","0","0","0"
"L44577","b","hudson.model.ResourceListTest.b;Lhudson/model/Resource;","L44565","L103","C:\GIT\pris2\SourceMeter\Guille\jenkins-jenkins-2.328\core\src\test\java\hudson\model\ResourceListTest.java","40","5","40","40","0","0","0","0","0","0","0","0","0","0","0","0","0","0","0","0","0","0","0","0","0","0","0","0"
"L44578","c1","hudson.model.ResourceListTest.c1;Lhudson/model/Resource;","L44565","L103","C:\GIT\pris2\SourceMeter\Guille\jenkins-jenkins-2.328\core\src\test\java\hudson\model\ResourceListTest.java","41","5","41","25","0","0","0","0","0","0","0","0","0","0","0","0","0","0","0","0","0","0","0","0","0","0","0","0"
"L44579","c2","hudson.model.ResourceListTest.c2;Lhudson/model/Resource;","L44565","L103","C:\GIT\pris2\SourceMeter\Guille\jenkins-jenkins-2.328\core\src\test\java\hudson\model\ResourceListTest.java","41","5","41","29","0","0","0","0","0","0","0","0","0","0","0","0","0","0","0","0","0","0","0","0","0","0","0","0"
"L44580","c3","hudson.model.ResourceListTest.c3;Lhudson/model/Resource;","L44565","L103","C:\GIT\pris2\SourceMeter\Guille\jenkins-jenkins-2.328\core\src\test\java\hudson\model\ResourceListTest.java","41","5","41","33","0","0","0","0","0","0","0","0","0","0","0","0","0","0","0","0","0","0","0","0","0","0","0","0"
"L44581","c4","hudson.model.ResourceListTest.c4;Lhudson/model/Resource;","L44565","L103","C:\GIT\pris2\SourceMeter\Guille\jenkins-jenkins-2.328\core\src\test\java\hudson\model\ResourceListTest.java","41","5","41","37","0","0","0","0","0","0","0","0","0","0","0","0","0","0","0","0","0","0","0","0","0","0","0","0"
"L44582","c","hudson.model.ResourceListTest.c;Lhudson/model/Resource;","L44565","L103","C:\GIT\pris2\SourceMeter\Guille\jenkins-jenkins-2.328\core\src\test\java\hudson\model\ResourceListTest.java","41","5","41","40","0","0","0","0","0","0","0","0","0","0","0","0","0","0","0","0","0","0","0","0","0","0","0","0"
"L44583","d","hudson.model.ResourceListTest.d;Lhudson/model/Resource;","L44565","L103","C:\GIT\pris2\SourceMeter\Guille\jenkins-jenkins-2.328\core\src\test\java\hudson\model\ResourceListTest.java","42","5","42","24","0","0","0","0","0","0","0","0","0","0","0","0","0","0","0","0","0","0","0","0","0","0","0","0"
"L44584","e","hudson.model.ResourceListTest.e;Lhudson/model/Resource;","L44565","L103","C:\GIT\pris2\SourceMeter\Guille\jenkins-jenkins-2.328\core\src\test\java\hudson\model\ResourceListTest.java","42","5","42","27","0","0","0","0","0","0","0","0","0","0","0","0","0","0","0","0","0","0","0","0","0","0","0","0"
"L44585","f","hudson.model.ResourceListTest.f;Lhudson/model/Resource;","L44565","L103","C:\GIT\pris2\SourceMeter\Guille\jenkins-jenkins-2.328\core\src\test\java\hudson\model\ResourceListTest.java","42","5","42","30","0","0","0","0","0","0","0","0","0","0","0","0","0","0","0","0","0","0","0","0","0","0","0","0"
"L44586","fWriteCount","hudson.model.ResourceListTest.fWriteCount;I","L44565","L103","C:\GIT\pris2\SourceMeter\Guille\jenkins-jenkins-2.328\core\src\test\java\hudson\model\ResourceListTest.java","43","5","43","29","0","0","0","0","0","0","0","0","0","0","0","0","0","0","0","0","0","0","0","0","0","0","0","0"
"L44587","entropy","hudson.model.ResourceListTest.entropy;Ljava/util/Random;","L44565","L103","C:\GIT\pris2\SourceMeter\Guille\jenkins-jenkins-2.328\core\src\test\java\hudson\model\ResourceListTest.java","44","5","44","28","0","0","0","0","0","0","0","0","0","0","0","0","0","0","0","0","0","0","0","0","0","0","0","0"
"L44588","x","hudson.model.ResourceListTest.x;Lhudson/model/ResourceList;","L44565","L103","C:\GIT\pris2\SourceMeter\Guille\jenkins-jenkins-2.328\core\src\test\java\hudson\model\ResourceListTest.java","45","5","45","28","0","0","0","0","0","0","0","0","0","0","0","0","0","0","0","0","0","0","0","0","0","0","0","0"
"L44589","y","hudson.model.ResourceListTest.y;Lhudson/model/ResourceList;","L44565","L103","C:\GIT\pris2\SourceMeter\Guille\jenkins-jenkins-2.328\core\src\test\java\hudson\model\ResourceListTest.java","46","5","46","28","0","0","0","0","0","0","0","0","0","0","0","0","0","0","0","0","0","0","0","0","0","0","0","0"
"L44590","z","hudson.model.ResourceListTest.z;Lhudson/model/ResourceList;","L44565","L103","C:\GIT\pris2\SourceMeter\Guille\jenkins-jenkins-2.328\core\src\test\java\hudson\model\ResourceListTest.java","47","5","47","28","0","0","0","0","0","0","0","0","0","0","0","0","0","0","0","0","0","0","0","0","0","0","0","0"
"L44639","SAMPLE_BUILD_OUTPUT","hudson.model.RunTest.SAMPLE_BUILD_OUTPUT;Ljava/lang/String;","L44637","L103","C:\GIT\pris2\SourceMeter\Guille\jenkins-jenkins-2.328\core\src\test\java\hudson\model\RunTest.java","59","5","59","87","0","0","0","0","0","0","0","0","0","0","0","0","0","0","0","0","0","0","0","0","0","0","0","0"
"L44640","tmp","hudson.model.RunTest.tmp;LTemporaryFolder;","L44637","L103","C:\GIT\pris2\SourceMeter\Guille\jenkins-jenkins-2.328\core\src\test\java\hudson\model\RunTest.java","61","5","61","62","0","0","0","0","0","0","0","0","0","0","0","0","0","0","0","0","0","0","0","0","0","0","0","0"
"L44389","DEFAULT_STUB_JOB_NAME","hudson.model.StubJob.DEFAULT_STUB_JOB_NAME;Ljava/lang/String;","L44266","L103","C:\GIT\pris2\SourceMeter\Guille\jenkins-jenkins-2.328\core\src\test\java\hudson\model\StubJob.java","38","5","38","66","0","0","0","0","0","0","0","0","0","0","0","0","0","0","0","0","0","0","0","0","0","0","0","0"
"L44802","usersDirectory","hudson.model.TestUserIdMapper.usersDirectory;Ljava/io/File;","L44801","L103","C:\GIT\pris2\SourceMeter\Guille\jenkins-jenkins-2.328\core\src\test\java\hudson\model\TestUserIdMapper.java","8","5","8","33","0","0","0","0","0","0","0","0","0","0","0","0","0","0","0","0","0","0","0","0","0","0","0","0"
"L44803","idStrategy","hudson.model.TestUserIdMapper.idStrategy;Ljenkins/model/IdStrategy;","L44801","L103","C:\GIT\pris2\SourceMeter\Guille\jenkins-jenkins-2.328\core\src\test\java\hudson\model\TestUserIdMapper.java","9","5","9","35","0","0","0","0","0","0","0","0","0","0","0","0","0","0","0","0","0","0","0","0","0","0","0","0"
"L44833","EMPTY_SHA1","hudson.model.UpdateCenterTest.EMPTY_SHA1;Ljava/lang/String;","L44816","L103","C:\GIT\pris2\SourceMeter\Guille\jenkins-jenkins-2.328\core\src\test\java\hudson\model\UpdateCenterTest.java","114","5","114","77","0","0","0","0","0","0","0","0","0","0","0","0","0","0","0","0","0","0","0","0","0","0","0","0"
"L44838","EMPTY_SHA256","hudson.model.UpdateCenterTest.EMPTY_SHA256;Ljava/lang/String;","L44816","L103","C:\GIT\pris2\SourceMeter\Guille\jenkins-jenkins-2.328\core\src\test\java\hudson\model\UpdateCenterTest.java","115","5","115","115","0","0","0","0","0","0","0","0","0","0","0","0","0","0","0","0","0","0","0","0","0","0","0","0"
"L44840","EMPTY_SHA512","hudson.model.UpdateCenterTest.EMPTY_SHA512;Ljava/lang/String;","L44816","L103","C:\GIT\pris2\SourceMeter\Guille\jenkins-jenkins-2.328\core\src\test\java\hudson\model\UpdateCenterTest.java","116","5","116","179","0","0","0","0","0","0","0","0","0","0","0","0","0","0","0","0","0","0","0","0","0","0","0","0"
"L44873","name","hudson.model.UserIdMapperTest.name;LTestName;","L44871","L103","C:\GIT\pris2\SourceMeter\Guille\jenkins-jenkins-2.328\core\src\test\java\hudson\model\UserIdMapperTest.java","46","5","47","43","0","0","0","0","0","0","0","0","0","0","0","0","0","0","0","0","0","0","0","0","0","0","0","0"
"L44921","BASE_RESOURCE_PATH","hudson.model.UserIdMigratorTest.BASE_RESOURCE_PATH;Ljava/lang/String;","L44919","L103","C:\GIT\pris2\SourceMeter\Guille\jenkins-jenkins-2.328\core\src\test\java\hudson\model\UserIdMigratorTest.java","46","5","46","89","0","0","0","0","0","0","0","0","0","0","0","0","0","0","0","0","0","0","0","0","0","0","0","0"
"L44922","name","hudson.model.UserIdMigratorTest.name;LTestName;","L44919","L103","C:\GIT\pris2\SourceMeter\Guille\jenkins-jenkins-2.328\core\src\test\java\hudson\model\UserIdMigratorTest.java","48","5","49","43","0","0","0","0","0","0","0","0","0","0","0","0","0","0","0","0","0","0","0","0","0","0","0","0"
"L45014","j","hudson.model.AbortedFreeStyleBuildTest.j;LJenkinsRule;","L45012","L103","C:\GIT\pris2\SourceMeter\Guille\jenkins-jenkins-2.328\test\src\test\java\hudson\model\AbortedFreeStyleBuildTest.java","15","5","16","46","0","0","0","0","0","0","0","0","0","0","0","0","0","0","0","0","0","0","0","0","0","0","0","0"
"L45035","buildWatcher","hudson.model.AbstractBuildTest.buildWatcher;LBuildWatcher;","L45032","L103","C:\GIT\pris2\SourceMeter\Guille\jenkins-jenkins-2.328\test\src\test\java\hudson\model\AbstractBuildTest.java","78","5","79","66","0","0","0","0","0","0","0","0","0","0","0","0","0","0","0","0","0","0","0","0","0","0","0","0"
"L45036","j","hudson.model.AbstractBuildTest.j;LJenkinsRule;","L45032","L103","C:\GIT\pris2\SourceMeter\Guille\jenkins-jenkins-2.328\test\src\test\java\hudson\model\AbstractBuildTest.java","81","5","82","46","0","0","0","0","0","0","0","0","0","0","0","0","0","0","0","0","0","0","0","0","0","0","0","0"
"L45129","sessions","hudson.model.AbstractItem2Test.sessions;LJenkinsSessionRule;","L45127","L103","C:\GIT\pris2\SourceMeter\Guille\jenkins-jenkins-2.328\test\src\test\java\hudson\model\AbstractItem2Test.java","42","5","43","67","0","0","0","0","0","0","0","0","0","0","0","0","0","0","0","0","0","0","0","0","0","0","0","0"
"L45130","logging","hudson.model.AbstractItem2Test.logging;LLoggerRule;","L45127","L103","C:\GIT\pris2\SourceMeter\Guille\jenkins-jenkins-2.328\test\src\test\java\hudson\model\AbstractItem2Test.java","45","5","46","100","0","0","0","0","0","0","0","0","0","0","0","0","0","0","0","0","0","0","0","0","0","0","0","0"
"L45151","jenkinsRule","hudson.model.AbstractItemSecurityTest.jenkinsRule;LJenkinsRule;","L45149","L103","C:\GIT\pris2\SourceMeter\Guille\jenkins-jenkins-2.328\test\src\test\java\hudson\model\AbstractItemSecurityTest.java","45","5","46","56","0","0","0","0","0","0","0","0","0","0","0","0","0","0","0","0","0","0","0","0","0","0","0","0"
"L45159","j","hudson.model.AbstractItemTest.j;LJenkinsRule;","L45157","L103","C:\GIT\pris2\SourceMeter\Guille\jenkins-jenkins-2.328\test\src\test\java\hudson\model\AbstractItemTest.java","34","5","35","46","0","0","0","0","0","0","0","0","0","0","0","0","0","0","0","0","0","0","0","0","0","0","0","0"
"L45190","j","hudson.model.AbstractProjectTest.j;LJenkinsRule;","L45188","L103","C:\GIT\pris2\SourceMeter\Guille\jenkins-jenkins-2.328\test\src\test\java\hudson\model\AbstractProjectTest.java","97","5","98","46","0","0","0","0","0","0","0","0","0","0","0","0","0","0","0","0","0","0","0","0","0","0","0","0"
"L45328","jr","hudson.model.AperiodicWorkTest.jr;LJenkinsRule;","L45326","L103","C:\GIT\pris2\SourceMeter\Guille\jenkins-jenkins-2.328\test\src\test\java\hudson\model\AperiodicWorkTest.java","16","5","17","47","0","0","0","0","0","0","0","0","0","0","0","0","0","0","0","0","0","0","0","0","0","0","0","0"
"L45346","j","hudson.model.ApiTest.j;LJenkinsRule;","L45343","L103","C:\GIT\pris2\SourceMeter\Guille\jenkins-jenkins-2.328\test\src\test\java\hudson\model\ApiTest.java","56","5","57","46","0","0","0","0","0","0","0","0","0","0","0","0","0","0","0","0","0","0","0","0","0","0","0","0"
"L45404","j","hudson.model.AsynchPeopleTest.j;LJenkinsRule;","L45402","L103","C:\GIT\pris2\SourceMeter\Guille\jenkins-jenkins-2.328\test\src\test\java\hudson\model\AsynchPeopleTest.java","41","5","41","52","0","0","0","0","0","0","0","0","0","0","0","0","0","0","0","0","0","0","0","0","0","0","0","0"
"L45410","j","hudson.model.AutoCompletionCandidatesTest.j;LJenkinsRule;","L45407","L103","C:\GIT\pris2\SourceMeter\Guille\jenkins-jenkins-2.328\test\src\test\java\hudson\model\AutoCompletionCandidatesTest.java","20","5","21","46","0","0","0","0","0","0","0","0","0","0","0","0","0","0","0","0","0","0","0","0","0","0","0","0"
"L45419","jr","hudson.model.BuildAuthorizationTokenTest.jr;LJenkinsRule;","L45417","L103","C:\GIT\pris2\SourceMeter\Guille\jenkins-jenkins-2.328\test\src\test\java\hudson\model\BuildAuthorizationTokenTest.java","23","5","24","47","0","0","0","0","0","0","0","0","0","0","0","0","0","0","0","0","0","0","0","0","0","0","0","0"
"L45420","token","hudson.model.BuildAuthorizationTokenTest.token;Ljava/lang/String;","L45417","L103","C:\GIT\pris2\SourceMeter\Guille\jenkins-jenkins-2.328\test\src\test\java\hudson\model\BuildAuthorizationTokenTest.java","26","5","26","52","0","0","0","0","0","0","0","0","0","0","0","0","0","0","0","0","0","0","0","0","0","0","0","0"
"L45432","r","hudson.model.BuildExecutionTest.r;LJenkinsRule;","L45430","L103","C:\GIT\pris2\SourceMeter\Guille\jenkins-jenkins-2.328\test\src\test\java\hudson\model\BuildExecutionTest.java","41","5","41","52","0","0","0","0","0","0","0","0","0","0","0","0","0","0","0","0","0","0","0","0","0","0","0","0"
"L45453","j","hudson.model.CauseTest.j;LJenkinsRule;","L45451","L103","C:\GIT\pris2\SourceMeter\Guille\jenkins-jenkins-2.328\test\src\test\java\hudson\model\CauseTest.java","54","5","54","52","0","0","0","0","0","0","0","0","0","0","0","0","0","0","0","0","0","0","0","0","0","0","0","0"
"L45545","rule","hudson.model.ComputerConfigDotXmlTest.rule;LJenkinsRule;","L45542","L103","C:\GIT\pris2\SourceMeter\Guille\jenkins-jenkins-2.328\test\src\test\java\hudson\model\ComputerConfigDotXmlTest.java","83","5","83","61","0","0","0","0","0","0","0","0","0","0","0","0","0","0","0","0","0","0","0","0","0","0","0","0"
"L45546","temporaryFolder","hudson.model.ComputerConfigDotXmlTest.temporaryFolder;LTemporaryFolder;","L45542","L103","C:\GIT\pris2\SourceMeter\Guille\jenkins-jenkins-2.328\test\src\test\java\hudson\model\ComputerConfigDotXmlTest.java","85","5","86","74","0","0","0","0","0","0","0","0","0","0","0","0","0","0","0","0","0","0","0","0","0","0","0","0"
"L45547","req","hudson.model.ComputerConfigDotXmlTest.req;LStaplerRequest;","L45542","L103","C:\GIT\pris2\SourceMeter\Guille\jenkins-jenkins-2.328\test\src\test\java\hudson\model\ComputerConfigDotXmlTest.java","88","5","88","38","0","0","0","0","0","0","0","0","0","0","0","0","0","0","0","0","0","0","0","0","0","0","0","0"
"L45548","rsp","hudson.model.ComputerConfigDotXmlTest.rsp;LStaplerResponse;","L45542","L103","C:\GIT\pris2\SourceMeter\Guille\jenkins-jenkins-2.328\test\src\test\java\hudson\model\ComputerConfigDotXmlTest.java","89","5","89","39","0","0","0","0","0","0","0","0","0","0","0","0","0","0","0","0","0","0","0","0","0","0","0","0"
"L45549","computer","hudson.model.ComputerConfigDotXmlTest.computer;Lhudson/model/Computer;","L45542","L103","C:\GIT\pris2\SourceMeter\Guille\jenkins-jenkins-2.328\test\src\test\java\hudson\model\ComputerConfigDotXmlTest.java","91","5","91","31","0","0","0","0","0","0","0","0","0","0","0","0","0","0","0","0","0","0","0","0","0","0","0","0"
"L45550","oldSecurityContext","hudson.model.ComputerConfigDotXmlTest.oldSecurityContext;LSecurityContext;","L45542","L103","C:\GIT\pris2\SourceMeter\Guille\jenkins-jenkins-2.328\test\src\test\java\hudson\model\ComputerConfigDotXmlTest.java","92","5","92","48","0","0","0","0","0","0","0","0","0","0","0","0","0","0","0","0","0","0","0","0","0","0","0","0"
"L45551","mocks","hudson.model.ComputerConfigDotXmlTest.mocks;Ljava/lang/AutoCloseable;","L45542","L103","C:\GIT\pris2\SourceMeter\Guille\jenkins-jenkins-2.328\test\src\test\java\hudson\model\ComputerConfigDotXmlTest.java","93","5","93","33","0","0","0","0","0","0","0","0","0","0","0","0","0","0","0","0","0","0","0","0","0","0","0","0"
"L45585","VALID_XML_BAD_NAME_XML","hudson.model.ComputerConfigDotXmlTest.VALID_XML_BAD_NAME_XML;Ljava/lang/String;","L45542","L103","C:\GIT\pris2\SourceMeter\Guille\jenkins-jenkins-2.328\test\src\test\java\hudson\model\ComputerConfigDotXmlTest.java","227","5","230","32","0","0","0","0","0","0","0","0","0","0","0","0","0","0","0","0","0","0","0","0","0","0","0","0"
"L45621","j","hudson.model.ComputerSetTest.j;LJenkinsRule;","L45618","L103","C:\GIT\pris2\SourceMeter\Guille\jenkins-jenkins-2.328\test\src\test\java\hudson\model\ComputerSetTest.java","54","5","55","46","0","0","0","0","0","0","0","0","0","0","0","0","0","0","0","0","0","0","0","0","0","0","0","0"
"L45631","j","hudson.model.ComputerTest.j;LJenkinsRule;","L45629","L103","C:\GIT\pris2\SourceMeter\Guille\jenkins-jenkins-2.328\test\src\test\java\hudson\model\ComputerTest.java","67","5","67","52","0","0","0","0","0","0","0","0","0","0","0","0","0","0","0","0","0","0","0","0","0","0","0","0"
"L45651","VALID_XML_BAD_FIELD_USER_XML","hudson.model.ComputerTest.VALID_XML_BAD_FIELD_USER_XML;Ljava/lang/String;","L45629","L103","C:\GIT\pris2\SourceMeter\Guille\jenkins-jenkins-2.328\test\src\test\java\hudson\model\ComputerTest.java","194","5","199","46","0","0","0","0","0","0","0","0","0","0","0","0","0","0","0","0","0","0","0","0","0","0","0","0"
"L45657","j","hudson.model.DependencyGraphTest.j;LJenkinsRule;","L45654","L103","C:\GIT\pris2\SourceMeter\Guille\jenkins-jenkins-2.328\test\src\test\java\hudson\model\DependencyGraphTest.java","53","5","53","52","0","0","0","0","0","0","0","0","0","0","0","0","0","0","0","0","0","0","0","0","0","0","0","0"
"L45697","rule","hudson.model.DescriptorTest.rule;LJenkinsRule;","L45695","L103","C:\GIT\pris2\SourceMeter\Guille\jenkins-jenkins-2.328\test\src\test\java\hudson\model\DescriptorTest.java","57","5","57","55","0","0","0","0","0","0","0","0","0","0","0","0","0","0","0","0","0","0","0","0","0","0","0","0"
"L45740","builderA","hudson.model.DescriptorTest.builderA;Lhudson/tasks/BuildStepDescriptor;","L45695","L103","C:\GIT\pris2\SourceMeter\Guille\jenkins-jenkins-2.328\test\src\test\java\hudson\model\DescriptorTest.java","127","5","127","128","0","0","0","0","0","0","0","0","0","0","0","0","0","0","0","0","0","0","0","0","0","0","0","0"
"L45743","builderB","hudson.model.DescriptorTest.builderB;Lhudson/tasks/BuildStepDescriptor;","L45695","L103","C:\GIT\pris2\SourceMeter\Guille\jenkins-jenkins-2.328\test\src\test\java\hudson\model\DescriptorTest.java","128","5","128","128","0","0","0","0","0","0","0","0","0","0","0","0","0","0","0","0","0","0","0","0","0","0","0","0"
"L45821","d3a","hudson.model.DescriptorTest.d3a;Lhudson/model/Descriptor;","L45695","L103","C:\GIT\pris2\SourceMeter\Guille\jenkins-jenkins-2.328\test\src\test\java\hudson\model\DescriptorTest.java","221","5","221","109","0","0","0","0","0","0","0","0","0","0","0","0","0","0","0","0","0","0","0","0","0","0","0","0"
"L45824","d3b","hudson.model.DescriptorTest.d3b;Lhudson/model/Descriptor;","L45695","L103","C:\GIT\pris2\SourceMeter\Guille\jenkins-jenkins-2.328\test\src\test\java\hudson\model\DescriptorTest.java","222","5","222","109","0","0","0","0","0","0","0","0","0","0","0","0","0","0","0","0","0","0","0","0","0","0","0","0"
"L45849","j","hudson.model.DescriptorVisibilityFilterTest.j;LJenkinsRule;","L45847","L103","C:\GIT\pris2\SourceMeter\Guille\jenkins-jenkins-2.328\test\src\test\java\hudson\model\DescriptorVisibilityFilterTest.java","28","5","28","52","0","0","0","0","0","0","0","0","0","0","0","0","0","0","0","0","0","0","0","0","0","0","0","0"
"L45850","logger","hudson.model.DescriptorVisibilityFilterTest.logger;LLoggerRule;","L45847","L103","C:\GIT\pris2\SourceMeter\Guille\jenkins-jenkins-2.328\test\src\test\java\hudson\model\DescriptorVisibilityFilterTest.java","30","5","30","55","0","0","0","0","0","0","0","0","0","0","0","0","0","0","0","0","0","0","0","0","0","0","0","0"
"L45903","j","hudson.model.DirectlyModifiableViewTest.j;LJenkinsRule;","L45901","L103","C:\GIT\pris2\SourceMeter\Guille\jenkins-jenkins-2.328\test\src\test\java\hudson\model\DirectlyModifiableViewTest.java","46","5","46","52","0","0","0","0","0","0","0","0","0","0","0","0","0","0","0","0","0","0","0","0","0","0","0","0"
"L45922","j","hudson.model.DirectoryBrowserSupportTest.j;LJenkinsRule;","L45919","L103","C:\GIT\pris2\SourceMeter\Guille\jenkins-jenkins-2.328\test\src\test\java\hudson\model\DirectoryBrowserSupportTest.java","106","5","106","52","0","0","0","0","0","0","0","0","0","0","0","0","0","0","0","0","0","0","0","0","0","0","0","0"
"L46169","j","hudson.model.DisplayNameTest.j;LJenkinsRule;","L46166","L103","C:\GIT\pris2\SourceMeter\Guille\jenkins-jenkins-2.328\test\src\test\java\hudson\model\DisplayNameTest.java","43","5","43","52","0","0","0","0","0","0","0","0","0","0","0","0","0","0","0","0","0","0","0","0","0","0","0","0"
"L46180","r","hudson.model.DownloadService2Test.r;LJenkinsRule;","L46178","L103","C:\GIT\pris2\SourceMeter\Guille\jenkins-jenkins-2.328\test\src\test\java\hudson\model\DownloadService2Test.java","44","5","44","52","0","0","0","0","0","0","0","0","0","0","0","0","0","0","0","0","0","0","0","0","0","0","0","0"
"L46245","j","hudson.model.EnvironmentContributorTest.j;LJenkinsRule;","L46243","L103","C:\GIT\pris2\SourceMeter\Guille\jenkins-jenkins-2.328\test\src\test\java\hudson\model\EnvironmentContributorTest.java","14","5","15","46","0","0","0","0","0","0","0","0","0","0","0","0","0","0","0","0","0","0","0","0","0","0","0","0"
"L46258","j","hudson.model.ExecutorTest.j;LJenkinsRule;","L46256","L103","C:\GIT\pris2\SourceMeter\Guille\jenkins-jenkins-2.328\test\src\test\java\hudson\model\ExecutorTest.java","33","5","34","46","0","0","0","0","0","0","0","0","0","0","0","0","0","0","0","0","0","0","0","0","0","0","0","0"
"L46299","j","hudson.model.FileParameterValueTest.j;LJenkinsRule;","L46297","L103","C:\GIT\pris2\SourceMeter\Guille\jenkins-jenkins-2.328\test\src\test\java\hudson\model\FileParameterValueTest.java","57","5","58","46","0","0","0","0","0","0","0","0","0","0","0","0","0","0","0","0","0","0","0","0","0","0","0","0"
"L46300","tmp","hudson.model.FileParameterValueTest.tmp;LTemporaryFolder;","L46297","L103","C:\GIT\pris2\SourceMeter\Guille\jenkins-jenkins-2.328\test\src\test\java\hudson\model\FileParameterValueTest.java","60","5","61","56","0","0","0","0","0","0","0","0","0","0","0","0","0","0","0","0","0","0","0","0","0","0","0","0"
"L46322","ptr","hudson.model.FingerprintCleanupThreadTest.ptr;Lhudson/model/Fingerprint$BuildPtr;","L46320","L103","C:\GIT\pris2\SourceMeter\Guille\jenkins-jenkins-2.328\test\src\test\java\hudson\model\FingerprintCleanupThreadTest.java","60","5","60","90","0","0","0","0","0","0","0","0","0","0","0","0","0","0","0","0","0","0","0","0","0","0","0","0"
"L46323","tempDirectory","hudson.model.FingerprintCleanupThreadTest.tempDirectory;Ljava/nio/file/Path;","L46320","L103","C:\GIT\pris2\SourceMeter\Guille\jenkins-jenkins-2.328\test\src\test\java\hudson\model\FingerprintCleanupThreadTest.java","61","5","61","39","0","0","0","0","0","0","0","0","0","0","0","0","0","0","0","0","0","0","0","0","0","0","0","0"
"L46324","fpFile","hudson.model.FingerprintCleanupThreadTest.fpFile;Ljava/nio/file/Path;","L46320","L103","C:\GIT\pris2\SourceMeter\Guille\jenkins-jenkins-2.328\test\src\test\java\hudson\model\FingerprintCleanupThreadTest.java","62","5","62","32","0","0","0","0","0","0","0","0","0","0","0","0","0","0","0","0","0","0","0","0","0","0","0","0"
"L46325","jenkinsRule","hudson.model.FingerprintCleanupThreadTest.jenkinsRule;LJenkinsRule;","L46320","L103","C:\GIT\pris2\SourceMeter\Guille\jenkins-jenkins-2.328\test\src\test\java\hudson\model\FingerprintCleanupThreadTest.java","64","5","65","56","0","0","0","0","0","0","0","0","0","0","0","0","0","0","0","0","0","0","0","0","0","0","0","0"
"L46451","SOME_MD5","hudson.model.FingerprintTest.SOME_MD5;Ljava/lang/String;","L46447","L103","C:\GIT\pris2\SourceMeter\Guille\jenkins-jenkins-2.328\test\src\test\java\hudson\model\FingerprintTest.java","91","5","91","73","0","0","0","0","0","0","0","0","0","0","0","0","0","0","0","0","0","0","0","0","0","0","0","0"
"L46452","rule","hudson.model.FingerprintTest.rule;LJenkinsRule;","L46447","L103","C:\GIT\pris2\SourceMeter\Guille\jenkins-jenkins-2.328\test\src\test\java\hudson\model\FingerprintTest.java","93","5","94","49","0","0","0","0","0","0","0","0","0","0","0","0","0","0","0","0","0","0","0","0","0","0","0","0"
"L46453","tmp","hudson.model.FingerprintTest.tmp;LTemporaryFolder;","L46447","L103","C:\GIT\pris2\SourceMeter\Guille\jenkins-jenkins-2.328\test\src\test\java\hudson\model\FingerprintTest.java","96","5","97","56","0","0","0","0","0","0","0","0","0","0","0","0","0","0","0","0","0","0","0","0","0","0","0","0"
"L46454","loggerRule","hudson.model.FingerprintTest.loggerRule;LLoggerRule;","L46447","L103","C:\GIT\pris2\SourceMeter\Guille\jenkins-jenkins-2.328\test\src\test\java\hudson\model\FingerprintTest.java","99","5","100","53","0","0","0","0","0","0","0","0","0","0","0","0","0","0","0","0","0","0","0","0","0","0","0","0"
"L46525","TEST_FINGERPRINT_ID","hudson.model.FingerprintTest.TEST_FINGERPRINT_ID;Ljava/lang/String;","L46447","L103","C:\GIT\pris2\SourceMeter\Guille\jenkins-jenkins-2.328\test\src\test\java\hudson\model\FingerprintTest.java","678","5","678","90","0","0","0","0","0","0","0","0","0","0","0","0","0","0","0","0","0","0","0","0","0","0","0","0"
"L46523","TEST_FINGERPRINT_CONFIG_FILE_CONTENT","hudson.model.FingerprintTest.TEST_FINGERPRINT_CONFIG_FILE_CONTENT;Ljava/lang/String;","L46447","L103","C:\GIT\pris2\SourceMeter\Guille\jenkins-jenkins-2.328\test\src\test\java\hudson\model\FingerprintTest.java","679","5","691","30","0","0","0","0","0","0","0","0","0","0","0","0","0","0","0","0","0","0","0","0","0","0","0","0"
"L46561","j","hudson.model.FreestyleJobPublisherTest.j;LJenkinsRule;","L46558","L103","C:\GIT\pris2\SourceMeter\Guille\jenkins-jenkins-2.328\test\src\test\java\hudson\model\FreestyleJobPublisherTest.java","25","5","26","46","0","0","0","0","0","0","0","0","0","0","0","0","0","0","0","0","0","0","0","0","0","0","0","0"
"L46574","j","hudson.model.FreeStyleProjectTest.j;LJenkinsRule;","L46571","L103","C:\GIT\pris2\SourceMeter\Guille\jenkins-jenkins-2.328\test\src\test\java\hudson\model\FreeStyleProjectTest.java","71","5","72","46","0","0","0","0","0","0","0","0","0","0","0","0","0","0","0","0","0","0","0","0","0","0","0","0"
"L46592","VALID_XML_BAD_FIELD_USER_XML","hudson.model.FreeStyleProjectTest.VALID_XML_BAD_FIELD_USER_XML;Ljava/lang/String;","L46571","L103","C:\GIT\pris2\SourceMeter\Guille\jenkins-jenkins-2.328\test\src\test\java\hudson\model\FreeStyleProjectTest.java","212","5","217","46","0","0","0","0","0","0","0","0","0","0","0","0","0","0","0","0","0","0","0","0","0","0","0","0"
"L46604","j","hudson.model.HelpLinkTest.j;LJenkinsRule;","L46601","L103","C:\GIT\pris2\SourceMeter\Guille\jenkins-jenkins-2.328\test\src\test\java\hudson\model\HelpLinkTest.java","67","5","68","46","0","0","0","0","0","0","0","0","0","0","0","0","0","0","0","0","0","0","0","0","0","0","0","0"
"L46639","j","hudson.model.HudsonTest.j;LJenkinsRule;","L46636","L103","C:\GIT\pris2\SourceMeter\Guille\jenkins-jenkins-2.328\test\src\test\java\hudson\model\HudsonTest.java","69","5","70","46","0","0","0","0","0","0","0","0","0","0","0","0","0","0","0","0","0","0","0","0","0","0","0","0"
"L46686","r","hudson.model.ItemGroupMixInTest.r;LJenkinsRule;","L46684","L103","C:\GIT\pris2\SourceMeter\Guille\jenkins-jenkins-2.328\test\src\test\java\hudson\model\ItemGroupMixInTest.java","68","5","68","52","0","0","0","0","0","0","0","0","0","0","0","0","0","0","0","0","0","0","0","0","0","0","0","0"
"L46744","VALID_XML_BAD_FIELD_USER_XML","hudson.model.ItemGroupMixInTest.VALID_XML_BAD_FIELD_USER_XML;Ljava/lang/String;","L46684","L103","C:\GIT\pris2\SourceMeter\Guille\jenkins-jenkins-2.328\test\src\test\java\hudson\model\ItemGroupMixInTest.java","305","3","310","44","0","0","0","0","0","0","0","0","0","0","0","0","0","0","0","0","0","0","0","0","0","0","0","0"
"L46749","r","hudson.model.ItemsTest.r;LJenkinsRule;","L46747","L103","C:\GIT\pris2\SourceMeter\Guille\jenkins-jenkins-2.328\test\src\test\java\hudson\model\ItemsTest.java","66","5","66","52","0","0","0","0","0","0","0","0","0","0","0","0","0","0","0","0","0","0","0","0","0","0","0","0"
"L46750","tmpRule","hudson.model.ItemsTest.tmpRule;LTemporaryFolder;","L46747","L103","C:\GIT\pris2\SourceMeter\Guille\jenkins-jenkins-2.328\test\src\test\java\hudson\model\ItemsTest.java","67","5","67","66","0","0","0","0","0","0","0","0","0","0","0","0","0","0","0","0","0","0","0","0","0","0","0","0"
"L46852","j","hudson.model.JobPropertyTest.j;LJenkinsRule;","L46850","L103","C:\GIT\pris2\SourceMeter\Guille\jenkins-jenkins-2.328\test\src\test\java\hudson\model\JobPropertyTest.java","48","5","49","46","0","0","0","0","0","0","0","0","0","0","0","0","0","0","0","0","0","0","0","0","0","0","0","0"
"L46853","logs","hudson.model.JobPropertyTest.logs;LLoggerRule;","L46850","L103","C:\GIT\pris2\SourceMeter\Guille\jenkins-jenkins-2.328\test\src\test\java\hudson\model\JobPropertyTest.java","51","5","52","47","0","0","0","0","0","0","0","0","0","0","0","0","0","0","0","0","0","0","0","0","0","0","0","0"
"L46903","j","hudson.model.JobQueueTest.j;LJenkinsRule;","L46901","L103","C:\GIT\pris2\SourceMeter\Guille\jenkins-jenkins-2.328\test\src\test\java\hudson\model\JobQueueTest.java","19","5","20","46","0","0","0","0","0","0","0","0","0","0","0","0","0","0","0","0","0","0","0","0","0","0","0","0"
"L46904","fireCompletedFlag","hudson.model.JobQueueTest.fireCompletedFlag;Z","L46901","L103","C:\GIT\pris2\SourceMeter\Guille\jenkins-jenkins-2.328\test\src\test\java\hudson\model\JobQueueTest.java","22","5","22","63","0","0","0","0","0","0","0","0","0","0","0","0","0","0","0","0","0","0","0","0","0","0","0","0"
"L46905","fireFinalizeFlag","hudson.model.JobQueueTest.fireFinalizeFlag;Z","L46901","L103","C:\GIT\pris2\SourceMeter\Guille\jenkins-jenkins-2.328\test\src\test\java\hudson\model\JobQueueTest.java","23","5","23","62","0","0","0","0","0","0","0","0","0","0","0","0","0","0","0","0","0","0","0","0","0","0","0","0"
"L46924","j","hudson.model.JobTest.j;LJenkinsRule;","L46921","L103","C:\GIT\pris2\SourceMeter\Guille\jenkins-jenkins-2.328\test\src\test\java\hudson\model\JobTest.java","85","5","85","52","0","0","0","0","0","0","0","0","0","0","0","0","0","0","0","0","0","0","0","0","0","0","0","0"
"L47053","LABEL_STRING","hudson.model.LabelLoadStatisticsQueueLengthTest.LABEL_STRING;Ljava/lang/String;","L47050","L103","C:\GIT\pris2\SourceMeter\Guille\jenkins-jenkins-2.328\test\src\test\java\hudson\model\LabelLoadStatisticsQueueLengthTest.java","32","5","33","30","0","0","0","0","0","0","0","0","0","0","0","0","0","0","0","0","0","0","0","0","0","0","0","0"
"L47056","ALT_LABEL_STRING","hudson.model.LabelLoadStatisticsQueueLengthTest.ALT_LABEL_STRING;Ljava/lang/String;","L47050","L103","C:\GIT\pris2\SourceMeter\Guille\jenkins-jenkins-2.328\test\src\test\java\hudson\model\LabelLoadStatisticsQueueLengthTest.java","35","5","35","73","0","0","0","0","0","0","0","0","0","0","0","0","0","0","0","0","0","0","0","0","0","0","0","0"
"L47058","PROJECT_NAME","hudson.model.LabelLoadStatisticsQueueLengthTest.PROJECT_NAME;Ljava/lang/String;","L47050","L103","C:\GIT\pris2\SourceMeter\Guille\jenkins-jenkins-2.328\test\src\test\java\hudson\model\LabelLoadStatisticsQueueLengthTest.java","37","5","38","30","0","0","0","0","0","0","0","0","0","0","0","0","0","0","0","0","0","0","0","0","0","0","0","0"
"L47059","PARAMETER_NAME","hudson.model.LabelLoadStatisticsQueueLengthTest.PARAMETER_NAME;Ljava/lang/String;","L47050","L103","C:\GIT\pris2\SourceMeter\Guille\jenkins-jenkins-2.328\test\src\test\java\hudson\model\LabelLoadStatisticsQueueLengthTest.java","40","5","40","62","0","0","0","0","0","0","0","0","0","0","0","0","0","0","0","0","0","0","0","0","0","0","0","0"
"L47060","CAUSE","hudson.model.LabelLoadStatisticsQueueLengthTest.CAUSE;Lhudson/model/Cause;","L47050","L103","C:\GIT\pris2\SourceMeter\Guille\jenkins-jenkins-2.328\test\src\test\java\hudson\model\LabelLoadStatisticsQueueLengthTest.java","42","5","47","7","0","0","0","0","0","0","0","0","0","0","0","0","0","0","0","0","0","0","0","0","0","0","0","0"
"L47064","j","hudson.model.LabelLoadStatisticsQueueLengthTest.j;LJenkinsRule;","L47050","L103","C:\GIT\pris2\SourceMeter\Guille\jenkins-jenkins-2.328\test\src\test\java\hudson\model\LabelLoadStatisticsQueueLengthTest.java","49","5","50","46","0","0","0","0","0","0","0","0","0","0","0","0","0","0","0","0","0","0","0","0","0","0","0","0"
"L47100","j","hudson.model.ListViewTest.j;LJenkinsRule;","L47098","L103","C:\GIT\pris2\SourceMeter\Guille\jenkins-jenkins-2.328\test\src\test\java\hudson\model\ListViewTest.java","81","5","81","52","0","0","0","0","0","0","0","0","0","0","0","0","0","0","0","0","0","0","0","0","0","0","0","0"
"L47101","testName","hudson.model.ListViewTest.testName;LTestName;","L47098","L103","C:\GIT\pris2\SourceMeter\Guille\jenkins-jenkins-2.328\test\src\test\java\hudson\model\ListViewTest.java","83","5","83","53","0","0","0","0","0","0","0","0","0","0","0","0","0","0","0","0","0","0","0","0","0","0","0","0"
"L47192","j","hudson.model.ManagementLinkTest.j;LJenkinsRule;","L47189","L103","C:\GIT\pris2\SourceMeter\Guille\jenkins-jenkins-2.328\test\src\test\java\hudson\model\ManagementLinkTest.java","46","5","47","46","0","0","0","0","0","0","0","0","0","0","0","0","0","0","0","0","0","0","0","0","0","0","0","0"
"L47205","rule","hudson.model.MyViewsPropertyTest.rule;LJenkinsRule;","L47202","L103","C:\GIT\pris2\SourceMeter\Guille\jenkins-jenkins-2.328\test\src\test\java\hudson\model\MyViewsPropertyTest.java","52","5","53","49","0","0","0","0","0","0","0","0","0","0","0","0","0","0","0","0","0","0","0","0","0","0","0","0"
"L47233","rule","hudson.model.MyViewTest.rule;LJenkinsRule;","L47230","L103","C:\GIT\pris2\SourceMeter\Guille\jenkins-jenkins-2.328\test\src\test\java\hudson\model\MyViewTest.java","54","5","55","49","0","0","0","0","0","0","0","0","0","0","0","0","0","0","0","0","0","0","0","0","0","0","0","0"
"L47234","logs","hudson.model.MyViewTest.logs;LLoggerRule;","L47230","L103","C:\GIT\pris2\SourceMeter\Guille\jenkins-jenkins-2.328\test\src\test\java\hudson\model\MyViewTest.java","57","5","58","47","0","0","0","0","0","0","0","0","0","0","0","0","0","0","0","0","0","0","0","0","0","0","0","0"
"L47247","j","hudson.model.NodeTest.j;LJenkinsRule;","L47244","L103","C:\GIT\pris2\SourceMeter\Guille\jenkins-jenkins-2.328\test\src\test\java\hudson\model\NodeTest.java","80","5","80","52","0","0","0","0","0","0","0","0","0","0","0","0","0","0","0","0","0","0","0","0","0","0","0","0"
"L47248","addDynamicLabel","hudson.model.NodeTest.addDynamicLabel;Z","L47244","L103","C:\GIT\pris2\SourceMeter\Guille\jenkins-jenkins-2.328\test\src\test\java\hudson\model\NodeTest.java","81","5","81","51","0","0","0","0","0","0","0","0","0","0","0","0","0","0","0","0","0","0","0","0","0","0","0","0"
"L47249","notTake","hudson.model.NodeTest.notTake;Z","L47244","L103","C:\GIT\pris2\SourceMeter\Guille\jenkins-jenkins-2.328\test\src\test\java\hudson\model\NodeTest.java","82","5","82","43","0","0","0","0","0","0","0","0","0","0","0","0","0","0","0","0","0","0","0","0","0","0","0","0"
"L47326","j","hudson.model.ParametersAction2Test.j;LJenkinsRule;","L47324","L103","C:\GIT\pris2\SourceMeter\Guille\jenkins-jenkins-2.328\test\src\test\java\hudson\model\ParametersAction2Test.java","29","5","30","46","0","0","0","0","0","0","0","0","0","0","0","0","0","0","0","0","0","0","0","0","0","0","0","0"
"L47327","logs","hudson.model.ParametersAction2Test.logs;LLoggerRule;","L47324","L103","C:\GIT\pris2\SourceMeter\Guille\jenkins-jenkins-2.328\test\src\test\java\hudson\model\ParametersAction2Test.java","32","5","33","86","0","0","0","0","0","0","0","0","0","0","0","0","0","0","0","0","0","0","0","0","0","0","0","0"
"L47360","r","hudson.model.ParametersDefinitionPropertyTest.r;LJenkinsRule;","L47358","L103","C:\GIT\pris2\SourceMeter\Guille\jenkins-jenkins-2.328\test\src\test\java\hudson\model\ParametersDefinitionPropertyTest.java","42","5","43","46","0","0","0","0","0","0","0","0","0","0","0","0","0","0","0","0","0","0","0","0","0","0","0","0"
"L47361","logs","hudson.model.ParametersDefinitionPropertyTest.logs;LLoggerRule;","L47358","L103","C:\GIT\pris2\SourceMeter\Guille\jenkins-jenkins-2.328\test\src\test\java\hudson\model\ParametersDefinitionPropertyTest.java","45","5","46","47","0","0","0","0","0","0","0","0","0","0","0","0","0","0","0","0","0","0","0","0","0","0","0","0"
"L47389","j","hudson.model.ParametersTest.j;LJenkinsRule;","L47386","L103","C:\GIT\pris2\SourceMeter\Guille\jenkins-jenkins-2.328\test\src\test\java\hudson\model\ParametersTest.java","40","5","41","46","0","0","0","0","0","0","0","0","0","0","0","0","0","0","0","0","0","0","0","0","0","0","0","0"
"L47390","collector","hudson.model.ParametersTest.collector;LErrorCollector;","L47386","L103","C:\GIT\pris2\SourceMeter\Guille\jenkins-jenkins-2.328\test\src\test\java\hudson\model\ParametersTest.java","43","5","44","60","0","0","0","0","0","0","0","0","0","0","0","0","0","0","0","0","0","0","0","0","0","0","0","0"
"L47417","j","hudson.model.PasswordParameterDefinitionTest.j;LJenkinsRule;","L47415","L103","C:\GIT\pris2\SourceMeter\Guille\jenkins-jenkins-2.328\test\src\test\java\hudson\model\PasswordParameterDefinitionTest.java","44","5","44","52","0","0","0","0","0","0","0","0","0","0","0","0","0","0","0","0","0","0","0","0","0","0","0","0"
"L47428","jr","hudson.model.PeriodicWorkTest.jr;LJenkinsRule;","L47426","L103","C:\GIT\pris2\SourceMeter\Guille\jenkins-jenkins-2.328\test\src\test\java\hudson\model\PeriodicWorkTest.java","16","5","17","47","0","0","0","0","0","0","0","0","0","0","0","0","0","0","0","0","0","0","0","0","0","0","0","0"
"L47443","j","hudson.model.ProjectTest.j;LJenkinsRule;","L47440","L103","C:\GIT\pris2\SourceMeter\Guille\jenkins-jenkins-2.328\test\src\test\java\hudson\model\ProjectTest.java","113","5","113","52","0","0","0","0","0","0","0","0","0","0","0","0","0","0","0","0","0","0","0","0","0","0","0","0"
"L47444","createAction","hudson.model.ProjectTest.createAction;Z","L47440","L103","C:\GIT\pris2\SourceMeter\Guille\jenkins-jenkins-2.328\test\src\test\java\hudson\model\ProjectTest.java","114","5","114","48","0","0","0","0","0","0","0","0","0","0","0","0","0","0","0","0","0","0","0","0","0","0","0","0"
"L47445","getFilePath","hudson.model.ProjectTest.getFilePath;Z","L47440","L103","C:\GIT\pris2\SourceMeter\Guille\jenkins-jenkins-2.328\test\src\test\java\hudson\model\ProjectTest.java","115","5","115","47","0","0","0","0","0","0","0","0","0","0","0","0","0","0","0","0","0","0","0","0","0","0","0","0"
"L47446","createSubTask","hudson.model.ProjectTest.createSubTask;Z","L47440","L103","C:\GIT\pris2\SourceMeter\Guille\jenkins-jenkins-2.328\test\src\test\java\hudson\model\ProjectTest.java","116","5","116","49","0","0","0","0","0","0","0","0","0","0","0","0","0","0","0","0","0","0","0","0","0","0","0","0"
"L47506","LOGGER","hudson.model.ProjectTest.LOGGER;Ljava/util/logging/Logger;","L47440","L103","C:\GIT\pris2\SourceMeter\Guille\jenkins-jenkins-2.328\test\src\test\java\hudson\model\ProjectTest.java","397","5","397","88","0","0","0","0","0","0","0","0","0","0","0","0","0","0","0","0","0","0","0","0","0","0","0","0"
"L47708","j","hudson.model.QueueRestartTest.j;LRestartableJenkinsRule;","L47706","L103","C:\GIT\pris2\SourceMeter\Guille\jenkins-jenkins-2.328\test\src\test\java\hudson\model\QueueRestartTest.java","40","5","41","68","0","0","0","0","0","0","0","0","0","0","0","0","0","0","0","0","0","0","0","0","0","0","0","0"
"L47730","r","hudson.model.QueueTest.r;LJenkinsRule;","L47727","L103","C:\GIT\pris2\SourceMeter\Guille\jenkins-jenkins-2.328\test\src\test\java\hudson\model\QueueTest.java","163","5","163","69","0","0","0","0","0","0","0","0","0","0","0","0","0","0","0","0","0","0","0","0","0","0","0","0"
"L47731","logging","hudson.model.QueueTest.logging;LLoggerRule;","L47727","L103","C:\GIT\pris2\SourceMeter\Guille\jenkins-jenkins-2.328\test\src\test\java\hudson\model\QueueTest.java","165","5","166","82","0","0","0","0","0","0","0","0","0","0","0","0","0","0","0","0","0","0","0","0","0","0","0","0"
"L47865","alice2","hudson.model.QueueTest.alice2;LAuthentication;","L47727","L103","C:\GIT\pris2\SourceMeter\Guille\jenkins-jenkins-2.328\test\src\test\java\hudson\model\QueueTest.java","715","5","715","126","0","0","0","0","0","0","0","0","0","0","0","0","0","0","0","0","0","0","0","0","0","0","0","0"
"L47858","alice","hudson.model.QueueTest.alice;Lorg/acegisecurity/Authentication;","L47727","L103","C:\GIT\pris2\SourceMeter\Guille\jenkins-jenkins-2.328\test\src\test\java\hudson\model\QueueTest.java","716","5","716","113","0","0","0","0","0","0","0","0","0","0","0","0","0","0","0","0","0","0","0","0","0","0","0","0"
"L48055","ROOT_PATH_PREFIX","hudson.model.RSSTest.ROOT_PATH_PREFIX;Ljava/lang/String;","L48053","L103","C:\GIT\pris2\SourceMeter\Guille\jenkins-jenkins-2.328\test\src\test\java\hudson\model\RSSTest.java","62","5","62","55","0","0","0","0","0","0","0","0","0","0","0","0","0","0","0","0","0","0","0","0","0","0","0","0"
"L48056","FAILED_BUILD_TITLE","hudson.model.RSSTest.FAILED_BUILD_TITLE;Ljava/lang/String;","L48053","L103","C:\GIT\pris2\SourceMeter\Guille\jenkins-jenkins-2.328\test\src\test\java\hudson\model\RSSTest.java","63","5","63","91","0","0","0","0","0","0","0","0","0","0","0","0","0","0","0","0","0","0","0","0","0","0","0","0"
"L48057","STABLE_BUILD_TITLE","hudson.model.RSSTest.STABLE_BUILD_TITLE;Ljava/lang/String;","L48053","L103","C:\GIT\pris2\SourceMeter\Guille\jenkins-jenkins-2.328\test\src\test\java\hudson\model\RSSTest.java","64","5","64","74","0","0","0","0","0","0","0","0","0","0","0","0","0","0","0","0","0","0","0","0","0","0","0","0"
"L48058","ALL_BUILD_TYPE","hudson.model.RSSTest.ALL_BUILD_TYPE;Ljava/lang/String;","L48053","L103","C:\GIT\pris2\SourceMeter\Guille\jenkins-jenkins-2.328\test\src\test\java\hudson\model\RSSTest.java","65","5","65","56","0","0","0","0","0","0","0","0","0","0","0","0","0","0","0","0","0","0","0","0","0","0","0","0"
"L48059","FAILED_BUILD_TYPE","hudson.model.RSSTest.FAILED_BUILD_TYPE;Ljava/lang/String;","L48053","L103","C:\GIT\pris2\SourceMeter\Guille\jenkins-jenkins-2.328\test\src\test\java\hudson\model\RSSTest.java","66","5","66","62","0","0","0","0","0","0","0","0","0","0","0","0","0","0","0","0","0","0","0","0","0","0","0","0"
"L48060","LATEST_BUILD_TYPE","hudson.model.RSSTest.LATEST_BUILD_TYPE;Ljava/lang/String;","L48053","L103","C:\GIT\pris2\SourceMeter\Guille\jenkins-jenkins-2.328\test\src\test\java\hudson\model\RSSTest.java","67","5","67","62","0","0","0","0","0","0","0","0","0","0","0","0","0","0","0","0","0","0","0","0","0","0","0","0"
"L48061","j","hudson.model.RSSTest.j;LJenkinsRule;","L48053","L103","C:\GIT\pris2\SourceMeter\Guille\jenkins-jenkins-2.328\test\src\test\java\hudson\model\RSSTest.java","69","5","70","46","0","0","0","0","0","0","0","0","0","0","0","0","0","0","0","0","0","0","0","0","0","0","0","0"
"L48228","sessions","hudson.model.RunActionTest.sessions;LJenkinsSessionRule;","L48226","L103","C:\GIT\pris2\SourceMeter\Guille\jenkins-jenkins-2.328\test\src\test\java\hudson\model\RunActionTest.java","41","5","42","67","0","0","0","0","0","0","0","0","0","0","0","0","0","0","0","0","0","0","0","0","0","0","0","0"
"L48245","r","hudson.model.RunMapTest.r;LJenkinsRule;","L48243","L103","C:\GIT\pris2\SourceMeter\Guille\jenkins-jenkins-2.328\test\src\test\java\hudson\model\RunMapTest.java","34","5","34","52","0","0","0","0","0","0","0","0","0","0","0","0","0","0","0","0","0","0","0","0","0","0","0","0"
"L48246","logs","hudson.model.RunMapTest.logs;LLoggerRule;","L48243","L103","C:\GIT\pris2\SourceMeter\Guille\jenkins-jenkins-2.328\test\src\test\java\hudson\model\RunMapTest.java","35","5","35","53","0","0","0","0","0","0","0","0","0","0","0","0","0","0","0","0","0","0","0","0","0","0","0","0"
"L48261","bombed","hudson.model.RunMapTest.bombed;Z","L48243","L103","C:\GIT\pris2\SourceMeter\Guille\jenkins-jenkins-2.328\test\src\test\java\hudson\model\RunMapTest.java","128","5","128","35","0","0","0","0","0","0","0","0","0","0","0","0","0","0","0","0","0","0","0","0","0","0","0","0"
"L48318","LOGGER","hudson.model.RunParameterDefinitionTest.LOGGER;Ljava/util/logging/Logger;","L48316","L103","C:\GIT\pris2\SourceMeter\Guille\jenkins-jenkins-2.328\test\src\test\java\hudson\model\RunParameterDefinitionTest.java","46","5","46","80","0","0","0","0","0","0","0","0","0","0","0","0","0","0","0","0","0","0","0","0","0","0","0","0"
"L48319","j","hudson.model.RunParameterDefinitionTest.j;LJenkinsRule;","L48316","L103","C:\GIT\pris2\SourceMeter\Guille\jenkins-jenkins-2.328\test\src\test\java\hudson\model\RunParameterDefinitionTest.java","48","5","49","46","0","0","0","0","0","0","0","0","0","0","0","0","0","0","0","0","0","0","0","0","0","0","0","0"
"L48355","j","hudson.model.RunTest.j;LJenkinsRule;","L48353","L103","C:\GIT\pris2\SourceMeter\Guille\jenkins-jenkins-2.328\test\src\test\java\hudson\model\RunTest.java","69","5","69","52","0","0","0","0","0","0","0","0","0","0","0","0","0","0","0","0","0","0","0","0","0","0","0","0"
"L48456","rule","hudson.model.SimpleJobTest.rule;LJenkinsRule;","L48453","L103","C:\GIT\pris2\SourceMeter\Guille\jenkins-jenkins-2.328\test\src\test\java\hudson\model\SimpleJobTest.java","19","5","20","49","0","0","0","0","0","0","0","0","0","0","0","0","0","0","0","0","0","0","0","0","0","0","0","0"
"L48507","j","hudson.model.SlaveTest.j;LJenkinsRule;","L48505","L103","C:\GIT\pris2\SourceMeter\Guille\jenkins-jenkins-2.328\test\src\test\java\hudson\model\SlaveTest.java","69","5","70","46","0","0","0","0","0","0","0","0","0","0","0","0","0","0","0","0","0","0","0","0","0","0","0","0"
"L48573","j","hudson.model.TimeZonePropertyTest.j;LJenkinsRule;","L48570","L103","C:\GIT\pris2\SourceMeter\Guille\jenkins-jenkins-2.328\test\src\test\java\hudson\model\TimeZonePropertyTest.java","18","5","19","46","0","0","0","0","0","0","0","0","0","0","0","0","0","0","0","0","0","0","0","0","0","0","0","0"
"L48581","j","hudson.model.UpdateCenter2Test.j;LJenkinsRule;","L48578","L103","C:\GIT\pris2\SourceMeter\Guille\jenkins-jenkins-2.328\test\src\test\java\hudson\model\UpdateCenter2Test.java","47","5","47","52","0","0","0","0","0","0","0","0","0","0","0","0","0","0","0","0","0","0","0","0","0","0","0","0"
"L48590","jenkinsRule","hudson.model.UpdateCenterConnectionStatusTest.jenkinsRule;LJenkinsRule;","L48587","L103","C:\GIT\pris2\SourceMeter\Guille\jenkins-jenkins-2.328\test\src\test\java\hudson\model\UpdateCenterConnectionStatusTest.java","43","5","44","56","0","0","0","0","0","0","0","0","0","0","0","0","0","0","0","0","0","0","0","0","0","0","0","0"
"L48594","updateSite","hudson.model.UpdateCenterConnectionStatusTest.updateSite;Lhudson/model/UpdateSite;","L48587","L103","C:\GIT\pris2\SourceMeter\Guille\jenkins-jenkins-2.328\test\src\test\java\hudson\model\UpdateCenterConnectionStatusTest.java","73","5","78","7","0","0","0","0","0","0","0","0","0","0","0","0","0","0","0","0","0","0","0","0","0","0","0","0"
"L48631","j","hudson.model.UpdateCenterCustomTest.j;LJenkinsRule;","L48628","L103","C:\GIT\pris2\SourceMeter\Guille\jenkins-jenkins-2.328\test\src\test\java\hudson\model\UpdateCenterCustomTest.java","41","5","42","87","0","0","0","0","0","0","0","0","0","0","0","0","0","0","0","0","0","0","0","0","0","0","0","0"
"L48658","jenkinsRule","hudson.model.UpdateCenterPluginInstallTest.jenkinsRule;LJenkinsRule;","L48655","L103","C:\GIT\pris2\SourceMeter\Guille\jenkins-jenkins-2.328\test\src\test\java\hudson\model\UpdateCenterPluginInstallTest.java","46","5","47","56","0","0","0","0","0","0","0","0","0","0","0","0","0","0","0","0","0","0","0","0","0","0","0","0"
"L48687","j","hudson.model.UpdateSiteTest.j;LJenkinsRule;","L48685","L103","C:\GIT\pris2\SourceMeter\Guille\jenkins-jenkins-2.328\test\src\test\java\hudson\model\UpdateSiteTest.java","68","5","68","52","0","0","0","0","0","0","0","0","0","0","0","0","0","0","0","0","0","0","0","0","0","0","0","0"
"L48688","RELATIVE_BASE","hudson.model.UpdateSiteTest.RELATIVE_BASE;Ljava/lang/String;","L48685","L103","C:\GIT\pris2\SourceMeter\Guille\jenkins-jenkins-2.328\test\src\test\java\hudson\model\UpdateSiteTest.java","70","5","70","56","0","0","0","0","0","0","0","0","0","0","0","0","0","0","0","0","0","0","0","0","0","0","0","0"
"L48689","server","hudson.model.UpdateSiteTest.server;LServer;","L48685","L103","C:\GIT\pris2\SourceMeter\Guille\jenkins-jenkins-2.328\test\src\test\java\hudson\model\UpdateSiteTest.java","71","5","71","27","0","0","0","0","0","0","0","0","0","0","0","0","0","0","0","0","0","0","0","0","0","0","0","0"
"L48690","baseUrl","hudson.model.UpdateSiteTest.baseUrl;Ljava/net/URL;","L48685","L103","C:\GIT\pris2\SourceMeter\Guille\jenkins-jenkins-2.328\test\src\test\java\hudson\model\UpdateSiteTest.java","72","5","72","25","0","0","0","0","0","0","0","0","0","0","0","0","0","0","0","0","0","0","0","0","0","0","0","0"
"L48753","j","hudson.model.UsageStatisticsTest.j;LJenkinsRule;","L48750","L103","C:\GIT\pris2\SourceMeter\Guille\jenkins-jenkins-2.328\test\src\test\java\hudson\model\UsageStatisticsTest.java","69","5","70","46","0","0","0","0","0","0","0","0","0","0","0","0","0","0","0","0","0","0","0","0","0","0","0","0"
"L48791","j","hudson.model.UserIdMigratorTest.j;LJenkinsRule;","L48789","L103","C:\GIT\pris2\SourceMeter\Guille\jenkins-jenkins-2.328\test\src\test\java\hudson\model\UserIdMigratorTest.java","37","5","37","52","0","0","0","0","0","0","0","0","0","0","0","0","0","0","0","0","0","0","0","0","0","0","0","0"
"L48797","j","hudson.model.UserPropertyTest.j;LJenkinsRule;","L48794","L103","C:\GIT\pris2\SourceMeter\Guille\jenkins-jenkins-2.328\test\src\test\java\hudson\model\UserPropertyTest.java","34","5","35","46","0","0","0","0","0","0","0","0","0","0","0","0","0","0","0","0","0","0","0","0","0","0","0","0"
"L48875","sessions","hudson.model.UserRestartTest.sessions;LJenkinsSessionRule;","L48873","L103","C:\GIT\pris2\SourceMeter\Guille\jenkins-jenkins-2.328\test\src\test\java\hudson\model\UserRestartTest.java","48","5","49","67","0","0","0","0","0","0","0","0","0","0","0","0","0","0","0","0","0","0","0","0","0","0","0","0"
"L48906","j","hudson.model.UserTest.j;LJenkinsRule;","L48904","L103","C:\GIT\pris2\SourceMeter\Guille\jenkins-jenkins-2.328\test\src\test\java\hudson\model\UserTest.java","91","5","91","52","0","0","0","0","0","0","0","0","0","0","0","0","0","0","0","0","0","0","0","0","0","0","0","0"
"L49033","r","hudson.model.ViewDescriptorTest.r;LJenkinsRule;","L49031","L103","C:\GIT\pris2\SourceMeter\Guille\jenkins-jenkins-2.328\test\src\test\java\hudson\model\ViewDescriptorTest.java","49","5","50","46","0","0","0","0","0","0","0","0","0","0","0","0","0","0","0","0","0","0","0","0","0","0","0","0"
"L49087","rule","hudson.model.ViewJobTest.rule;LJenkinsRule;","L49085","L103","C:\GIT\pris2\SourceMeter\Guille\jenkins-jenkins-2.328\test\src\test\java\hudson\model\ViewJobTest.java","40","5","40","55","0","0","0","0","0","0","0","0","0","0","0","0","0","0","0","0","0","0","0","0","0","0","0","0"
"L49141","j","hudson.model.ViewPropertyTest.j;LJenkinsRule;","L49138","L103","C:\GIT\pris2\SourceMeter\Guille\jenkins-jenkins-2.328\test\src\test\java\hudson\model\ViewPropertyTest.java","48","5","48","52","0","0","0","0","0","0","0","0","0","0","0","0","0","0","0","0","0","0","0","0","0","0","0","0"
"L49167","CREATE_VIEW","hudson.model.ViewTest.CREATE_VIEW;Ljava/lang/String;","L49164","L103","C:\GIT\pris2\SourceMeter\Guille\jenkins-jenkins-2.328\test\src\test\java\hudson\model\ViewTest.java","115","5","115","61","0","0","0","0","0","0","0","0","0","0","0","0","0","0","0","0","0","0","0","0","0","0","0","0"
"L49168","CONFIGURATOR","hudson.model.ViewTest.CONFIGURATOR;Ljava/lang/String;","L49164","L103","C:\GIT\pris2\SourceMeter\Guille\jenkins-jenkins-2.328\test\src\test\java\hudson\model\ViewTest.java","116","5","116","65","0","0","0","0","0","0","0","0","0","0","0","0","0","0","0","0","0","0","0","0","0","0","0","0"
"L49169","j","hudson.model.ViewTest.j;LJenkinsRule;","L49164","L103","C:\GIT\pris2\SourceMeter\Guille\jenkins-jenkins-2.328\test\src\test\java\hudson\model\ViewTest.java","118","5","118","52","0","0","0","0","0","0","0","0","0","0","0","0","0","0","0","0","0","0","0","0","0","0","0","0"
"L49170","logging","hudson.model.ViewTest.logging;LLoggerRule;","L49164","L103","C:\GIT\pris2\SourceMeter\Guille\jenkins-jenkins-2.328\test\src\test\java\hudson\model\ViewTest.java","119","5","120","50","0","0","0","0","0","0","0","0","0","0","0","0","0","0","0","0","0","0","0","0","0","0","0","0"
"L49288","VALID_XML_BAD_FIELD_USER_XML","hudson.model.ViewTest.VALID_XML_BAD_FIELD_USER_XML;Ljava/lang/String;","L49164","L103","C:\GIT\pris2\SourceMeter\Guille\jenkins-jenkins-2.328\test\src\test\java\hudson\model\ViewTest.java","803","5","808","46","0","0","0","0","0","0","0","0","0","0","0","0","0","0","0","0","0","0","0","0","0","0","0","0"
"L49284","ORIGINAL_BAD_USER_XML","hudson.model.ViewTest.ORIGINAL_BAD_USER_XML;Ljava/lang/String;","L49164","L103","C:\GIT\pris2\SourceMeter\Guille\jenkins-jenkins-2.328\test\src\test\java\hudson\model\ViewTest.java","810","5","814","45","0","0","0","0","0","0","0","0","0","0","0","0","0","0","0","0","0","0","0","0","0","0","0","0"
"L49367","r","hudson.model.WorkspaceCleanupThreadTest.r;LJenkinsRule;","L49365","L103","C:\GIT\pris2\SourceMeter\Guille\jenkins-jenkins-2.328\test\src\test\java\hudson\model\WorkspaceCleanupThreadTest.java","54","5","54","52","0","0","0","0","0","0","0","0","0","0","0","0","0","0","0","0","0","0","0","0","0","0","0","0"
"L49368","logs","hudson.model.WorkspaceCleanupThreadTest.logs;LLoggerRule;","L49365","L103","C:\GIT\pris2\SourceMeter\Guille\jenkins-jenkins-2.328\test\src\test\java\hudson\model\WorkspaceCleanupThreadTest.java","56","5","56","101","0","0","0","0","0","0","0","0","0","0","0","0","0","0","0","0","0","0","0","0","0","0","0","0"
"L49506","LOGGER","hudson.node_monitors.AbstractAsyncNodeMonitorDescriptor.LOGGER;Ljava/util/logging/Logger;","L49431","L103","C:\GIT\pris2\SourceMeter\Guille\jenkins-jenkins-2.328\core\src\main\java\hudson\node_monitors\AbstractAsyncNodeMonitorDescriptor.java","137","5","137","111","0","0","0","0","0","0","0","0","0","0","0","0","0","0","0","0","0","0","0","0","0","0","0","0"
"L49532","freeSpaceThreshold","hudson.node_monitors.AbstractDiskSpaceMonitor.freeSpaceThreshold;Ljava/lang/String;","L49530","L103","C:\GIT\pris2\SourceMeter\Guille\jenkins-jenkins-2.328\core\src\main\java\hudson\node_monitors\AbstractDiskSpaceMonitor.java","19","5","19","44","0","0","0","0","0","0","0","0","0","0","0","0","0","0","0","0","0","0","0","0","0","0","0","0"
"L49559","LOGGER","hudson.node_monitors.AbstractDiskSpaceMonitor.LOGGER;Ljava/util/logging/Logger;","L49530","L103","C:\GIT\pris2\SourceMeter\Guille\jenkins-jenkins-2.328\core\src\main\java\hudson\node_monitors\AbstractDiskSpaceMonitor.java","71","5","71","101","0","0","0","0","0","0","0","0","0","0","0","0","0","0","0","0","0","0","0","0","0","0","0","0"
"L49543","DEFAULT_THRESHOLD","hudson.node_monitors.AbstractDiskSpaceMonitor.DEFAULT_THRESHOLD;J","L49530","L103","C:\GIT\pris2\SourceMeter\Guille\jenkins-jenkins-2.328\core\src\main\java\hudson\node_monitors\AbstractDiskSpaceMonitor.java","72","5","72","71","0","0","0","0","0","0","0","0","0","0","0","0","0","0","0","0","0","0","0","0","0","0","0","0"
"L49570","PERIOD","hudson.node_monitors.AbstractNodeMonitorDescriptor.PERIOD;J","L49434","L103","C:\GIT\pris2\SourceMeter\Guille\jenkins-jenkins-2.328\core\src\main\java\hudson\node_monitors\AbstractNodeMonitorDescriptor.java","57","5","57","159","0","0","0","0","0","0","0","0","0","0","0","0","0","0","0","0","0","0","0","0","0","0","0","0"
"L49589","record","hudson.node_monitors.AbstractNodeMonitorDescriptor.record;Lhudson/node_monitors/AbstractNodeMonitorDescriptor$Record;","L49434","L103","C:\GIT\pris2\SourceMeter\Guille\jenkins-jenkins-2.328\core\src\main\java\hudson\node_monitors\AbstractNodeMonitorDescriptor.java","112","5","112","53","0","0","0","0","0","0","0","0","0","0","0","0","0","0","0","0","0","0","0","0","0","0","0","0"
"L49594","inProgress","hudson.node_monitors.AbstractNodeMonitorDescriptor.inProgress;Lhudson/node_monitors/AbstractNodeMonitorDescriptor$Record;","L49434","L103","C:\GIT\pris2\SourceMeter\Guille\jenkins-jenkins-2.328\core\src\main\java\hudson\node_monitors\AbstractNodeMonitorDescriptor.java","117","5","118","48","0","0","0","0","0","0","0","0","0","0","0","0","0","0","0","0","0","0","0","0","0","0","0","0"
"L49596","inProgressStarted","hudson.node_monitors.AbstractNodeMonitorDescriptor.inProgressStarted;J","L49434","L103","C:\GIT\pris2\SourceMeter\Guille\jenkins-jenkins-2.328\core\src\main\java\hudson\node_monitors\AbstractNodeMonitorDescriptor.java","123","5","124","63","0","0","0","0","0","0","0","0","0","0","0","0","0","0","0","0","0","0","0","0","0","0","0","0"
"L49607","LOGGER","hudson.node_monitors.AbstractNodeMonitorDescriptor.LOGGER;Ljava/util/logging/Logger;","L49434","L103","C:\GIT\pris2\SourceMeter\Guille\jenkins-jenkins-2.328\core\src\main\java\hudson\node_monitors\AbstractNodeMonitorDescriptor.java","325","5","325","106","0","0","0","0","0","0","0","0","0","0","0","0","0","0","0","0","0","0","0","0","0","0","0","0"
"L49676","DESCRIPTOR","hudson.node_monitors.ClockMonitor.DESCRIPTOR;Lhudson/node_monitors/AbstractNodeMonitorDescriptor;","L49671","L103","C:\GIT\pris2\SourceMeter\Guille\jenkins-jenkins-2.328\core\src\main\java\hudson\node_monitors\ClockMonitor.java","56","5","59","94","0","0","0","0","0","0","0","0","0","0","0","0","0","0","0","0","0","0","0","0","0","0","0","0"
"L49705","DESCRIPTOR","hudson.node_monitors.DiskSpaceMonitor.DESCRIPTOR;Lhudson/node_monitors/DiskSpaceMonitorDescriptor;","L49696","L103","C:\GIT\pris2\SourceMeter\Guille\jenkins-jenkins-2.328\core\src\main\java\hudson\node_monitors\DiskSpaceMonitor.java","63","5","79","7","0","0","0","0","0","0","0","0","0","0","0","0","0","0","0","0","0","0","0","0","0","0","0","0"
"L49634","active","hudson.node_monitors.MonitorMarkedNodeOffline.active;Z","L49631","L103","C:\GIT\pris2\SourceMeter\Guille\jenkins-jenkins-2.328\core\src\main\java\hudson\node_monitors\MonitorMarkedNodeOffline.java","46","5","46","35","0","0","0","0","0","0","0","0","0","0","0","0","0","0","0","0","0","0","0","0","0","0","0","0"
"L49799","ignored","hudson.node_monitors.NodeMonitor.ignored;Z","L29467","L103","C:\GIT\pris2\SourceMeter\Guille\jenkins-jenkins-2.328\core\src\main\java\hudson\node_monitors\NodeMonitor.java","69","5","69","38","0","0","0","0","0","0","0","0","0","0","0","0","0","0","0","0","0","0","0","0","0","0","0","0"
"L49811","LIST","hudson.node_monitors.NodeMonitor.LIST;Lhudson/util/DescriptorList;","L29467","L103","C:\GIT\pris2\SourceMeter\Guille\jenkins-jenkins-2.328\core\src\main\java\hudson\node_monitors\NodeMonitor.java","142","5","143","100","0","0","0","0","0","0","0","0","0","0","0","0","0","0","0","0","0","0","0","0","0","0","0","0"
"L49820","MONITOR_UPDATER","hudson.node_monitors.NodeMonitorUpdater.MONITOR_UPDATER;Ljava/lang/Runnable;","L49817","L103","C:\GIT\pris2\SourceMeter\Guille\jenkins-jenkins-2.328\core\src\main\java\hudson\node_monitors\NodeMonitorUpdater.java","22","5","29","7","0","0","0","0","0","0","0","0","0","0","0","0","0","0","0","0","0","0","0","0","0","0","0","0"
"L49824","future","hudson.node_monitors.NodeMonitorUpdater.future;Ljava/util/concurrent/Future;","L49817","L103","C:\GIT\pris2\SourceMeter\Guille\jenkins-jenkins-2.328\core\src\main\java\hudson\node_monitors\NodeMonitorUpdater.java","31","5","31","58","0","0","0","0","0","0","0","0","0","0","0","0","0","0","0","0","0","0","0","0","0","0","0","0"
"L49834","DESCRIPTOR","hudson.node_monitors.ResponseTimeMonitor.DESCRIPTOR;Lhudson/node_monitors/AbstractNodeMonitorDescriptor;","L49831","L103","C:\GIT\pris2\SourceMeter\Guille\jenkins-jenkins-2.328\core\src\main\java\hudson\node_monitors\ResponseTimeMonitor.java","46","5","92","7","0","0","0","0","0","0","0","0","0","0","0","0","0","0","0","0","0","0","0","0","0","0","0","0"
"L49924","TIMEOUT","hudson.node_monitors.ResponseTimeMonitor.TIMEOUT;J","L49831","L103","C:\GIT\pris2\SourceMeter\Guille\jenkins-jenkins-2.328\core\src\main\java\hudson\node_monitors\ResponseTimeMonitor.java","220","5","220","46","0","0","0","0","0","0","0","0","0","0","0","0","0","0","0","0","0","0","0","0","0","0","0","0"
"L49865","LOGGER","hudson.node_monitors.ResponseTimeMonitor.LOGGER;Ljava/util/logging/Logger;","L49831","L103","C:\GIT\pris2\SourceMeter\Guille\jenkins-jenkins-2.328\core\src\main\java\hudson\node_monitors\ResponseTimeMonitor.java","222","5","222","96","0","0","0","0","0","0","0","0","0","0","0","0","0","0","0","0","0","0","0","0","0","0","0","0"
"L49942","DESCRIPTOR","hudson.node_monitors.SwapSpaceMonitor.DESCRIPTOR;Lhudson/node_monitors/AbstractNodeMonitorDescriptor;","L49933","L103","C:\GIT\pris2\SourceMeter\Guille\jenkins-jenkins-2.328\core\src\main\java\hudson\node_monitors\SwapSpaceMonitor.java","89","5","90","90","0","0","0","0","0","0","0","0","0","0","0","0","0","0","0","0","0","0","0","0","0","0","0","0"
"L50004","DESCRIPTOR","hudson.node_monitors.TemporarySpaceMonitor.DESCRIPTOR;Lhudson/node_monitors/DiskSpaceMonitorDescriptor;","L49997","L103","C:\GIT\pris2\SourceMeter\Guille\jenkins-jenkins-2.328\core\src\main\java\hudson\node_monitors\TemporarySpaceMonitor.java","70","5","72","74","0","0","0","0","0","0","0","0","0","0","0","0","0","0","0","0","0","0","0","0","0","0","0","0"
"L50027","jenkins","hudson.node_monitors.ClockMonitorDescriptorTest.jenkins;LJenkinsRule;","L50024","L103","C:\GIT\pris2\SourceMeter\Guille\jenkins-jenkins-2.328\test\src\test\java\hudson\node_monitors\ClockMonitorDescriptorTest.java","20","5","21","53","0","0","0","0","0","0","0","0","0","0","0","0","0","0","0","0","0","0","0","0","0","0","0","0"
"L50035","j","hudson.node_monitors.DiskSpaceMonitorDescriptorTest.j;LJenkinsRule;","L50032","L103","C:\GIT\pris2\SourceMeter\Guille\jenkins-jenkins-2.328\test\src\test\java\hudson\node_monitors\DiskSpaceMonitorDescriptorTest.java","21","5","22","46","0","0","0","0","0","0","0","0","0","0","0","0","0","0","0","0","0","0","0","0","0","0","0","0"
"L50048","j","hudson.node_monitors.ResponseTimeMonitorTest.j;LJenkinsRule;","L50045","L103","C:\GIT\pris2\SourceMeter\Guille\jenkins-jenkins-2.328\test\src\test\java\hudson\node_monitors\ResponseTimeMonitorTest.java","27","5","28","46","0","0","0","0","0","0","0","0","0","0","0","0","0","0","0","0","0","0","0","0","0","0","0","0"
"L50069","posix","hudson.os.PosixAPI.posix;LPOSIX;","L50066","L103","C:\GIT\pris2\SourceMeter\Guille\jenkins-jenkins-2.328\core\src\main\java\hudson\os\PosixAPI.java","14","5","14","32","0","0","0","0","0","0","0","0","0","0","0","0","0","0","0","0","0","0","0","0","0","0","0","0"
"L50146","NEEDS_QUOTING","hudson.os.WindowsUtil.NEEDS_QUOTING;Ljava/util/regex/Pattern;","L50143","L103","C:\GIT\pris2\SourceMeter\Guille\jenkins-jenkins-2.328\core\src\main\java\hudson\os\WindowsUtil.java","44","5","44","77","0","0","0","0","0","0","0","0","0","0","0","0","0","0","0","0","0","0","0","0","0","0","0","0"
"L50151","CMD_METACHARS","hudson.os.WindowsUtil.CMD_METACHARS;Ljava/util/regex/Pattern;","L50143","L103","C:\GIT\pris2\SourceMeter\Guille\jenkins-jenkins-2.328\core\src\main\java\hudson\os\WindowsUtil.java","84","5","84","83","0","0","0","0","0","0","0","0","0","0","0","0","0","0","0","0","0","0","0","0","0","0","0","0"
"L50375","JENKINS","hudson.PluginManager$PMConstructor.JENKINS;Lhudson/PluginManager$PMConstructor;","L50367","L103","C:\GIT\pris2\SourceMeter\Guille\jenkins-jenkins-2.328\core\src\main\java\hudson\PluginManager.java","221","9","228","10","0","0","0","0","0","0","0","0","0","0","0","0","0","0","0","0","0","0","0","0","0","0","0","0"
"L50388","SC_FILE","hudson.PluginManager$PMConstructor.SC_FILE;Lhudson/PluginManager$PMConstructor;","L50367","L103","C:\GIT\pris2\SourceMeter\Guille\jenkins-jenkins-2.328\core\src\main\java\hudson\PluginManager.java","229","9","235","10","0","0","0","0","0","0","0","0","0","0","0","0","0","0","0","0","0","0","0","0","0","0","0","0"
"L50394","FILE","hudson.PluginManager$PMConstructor.FILE;Lhudson/PluginManager$PMConstructor;","L50367","L103","C:\GIT\pris2\SourceMeter\Guille\jenkins-jenkins-2.328\core\src\main\java\hudson\PluginManager.java","236","9","242","10","0","0","0","0","0","0","0","0","0","0","0","0","0","0","0","0","0","0","0","0","0","0","0","0"
"L50903","fileItem","hudson.PluginManager$FileUploadPluginCopier.fileItem;LFileItem;","L50900","L103","C:\GIT\pris2\SourceMeter\Guille\jenkins-jenkins-2.328\core\src\main\java\hudson\PluginManager.java","1758","9","1758","35","0","0","0","0","0","0","0","0","0","0","0","0","0","0","0","0","0","0","0","0","0","0","0","0"
"L50911","url","hudson.PluginManager$UrlPluginCopier.url;Ljava/lang/String;","L50910","L103","C:\GIT\pris2\SourceMeter\Guille\jenkins-jenkins-2.328\core\src\main\java\hudson\PluginManager.java","1776","9","1776","28","0","0","0","0","0","0","0","0","0","0","0","0","0","0","0","0","0","0","0","0","0","0","0","0"
"L51033","data","hudson.PluginManager$MetadataCache.data;Ljava/util/Map;","L41518","L103","C:\GIT\pris2\SourceMeter\Guille\jenkins-jenkins-2.328\core\src\main\java\hudson\PluginManager.java","2181","9","2181","66","0","0","0","0","0","0","0","0","0","0","0","0","0","0","0","0","0","0","0","0","0","0","0","0"
"L51047","activePlugins","hudson.PluginManager$UberClassLoader.activePlugins;Ljava/util/List;","L50444","L103","C:\GIT\pris2\SourceMeter\Guille\jenkins-jenkins-2.328\core\src\main\java\hudson\PluginManager.java","2192","9","2192","57","0","0","0","0","0","0","0","0","0","0","0","0","0","0","0","0","0","0","0","0","0","0","0","0"
"L50680","loaded","hudson.PluginManager$UberClassLoader.loaded;Ljava/util/concurrent/ConcurrentMap;","L50444","L103","C:\GIT\pris2\SourceMeter\Guille\jenkins-jenkins-2.328\core\src\main\java\hudson\PluginManager.java","2195","9","2195","100","0","0","0","0","0","0","0","0","0","0","0","0","0","0","0","0","0","0","0","0","0","0","0","0"
"L51089","name","hudson.PluginManager$FailedPlugin.name;Ljava/lang/String;","L50427","L103","C:\GIT\pris2\SourceMeter\Guille\jenkins-jenkins-2.328\core\src\main\java\hudson\PluginManager.java","2281","9","2281","34","0","0","0","0","0","0","0","0","0","0","0","0","0","0","0","0","0","0","0","0","0","0","0","0"
"L51090","cause","hudson.PluginManager$FailedPlugin.cause;Ljava/lang/Exception;","L50427","L103","C:\GIT\pris2\SourceMeter\Guille\jenkins-jenkins-2.328\core\src\main\java\hudson\PluginManager.java","2282","9","2282","38","0","0","0","0","0","0","0","0","0","0","0","0","0","0","0","0","0","0","0","0","0","0","0","0"
"L51091","pluginWrapper","hudson.PluginManager$FailedPlugin.pluginWrapper;Lhudson/PluginWrapper;","L50427","L103","C:\GIT\pris2\SourceMeter\Guille\jenkins-jenkins-2.328\core\src\main\java\hudson\PluginManager.java","2283","9","2284","50","0","0","0","0","0","0","0","0","0","0","0","0","0","0","0","0","0","0","0","0","0","0","0","0"
"L51104","store","hudson.PluginManager$PluginInstanceStore.store;Ljava/util/Map;","L50543","L103","C:\GIT\pris2\SourceMeter\Guille\jenkins-jenkins-2.328\core\src\main\java\hudson\PluginManager.java","2313","9","2313","76","0","0","0","0","0","0","0","0","0","0","0","0","0","0","0","0","0","0","0","0","0","0","0","0"
"L51115","isActive","hudson.PluginManager$PluginCycleDependenciesMonitor.isActive;Z","L51111","L103","C:\GIT\pris2\SourceMeter\Guille\jenkins-jenkins-2.328\core\src\main\java\hudson\PluginManager.java","2327","9","2327","61","0","0","0","0","0","0","0","0","0","0","0","0","0","0","0","0","0","0","0","0","0","0","0","0"
"L51116","pluginsWithCycle","hudson.PluginManager$PluginCycleDependenciesMonitor.pluginsWithCycle;Ljava/util/List;","L51111","L103","C:\GIT\pris2\SourceMeter\Guille\jenkins-jenkins-2.328\core\src\main\java\hudson\PluginManager.java","2329","9","2329","73","0","0","0","0","0","0","0","0","0","0","0","0","0","0","0","0","0","0","0","0","0","0","0","0"
"L51126","pluginsToBeUpdated","hudson.PluginManager$PluginUpdateMonitor.pluginsToBeUpdated;Ljava/util/Map;","L51123","L103","C:\GIT\pris2\SourceMeter\Guille\jenkins-jenkins-2.328\core\src\main\java\hudson\PluginManager.java","2357","9","2357","84","0","0","0","0","0","0","0","0","0","0","0","0","0","0","0","0","0","0","0","0","0","0","0","0"
"L3358","shortName","hudson.PluginWrapper$Dependency.shortName;Ljava/lang/String;","L3360","L103","C:\GIT\pris2\SourceMeter\Guille\jenkins-jenkins-2.328\core\src\main\java\hudson\PluginWrapper.java","437","9","438","39","0","0","0","0","0","0","0","0","0","0","0","0","0","0","0","0","0","0","0","0","0","0","0","0"
"L42300","version","hudson.PluginWrapper$Dependency.version;Ljava/lang/String;","L3360","L103","C:\GIT\pris2\SourceMeter\Guille\jenkins-jenkins-2.328\core\src\main\java\hudson\PluginWrapper.java","439","9","440","37","0","0","0","0","0","0","0","0","0","0","0","0","0","0","0","0","0","0","0","0","0","0","0","0"
"L17444","optional","hudson.PluginWrapper$Dependency.optional;Z","L3360","L103","C:\GIT\pris2\SourceMeter\Guille\jenkins-jenkins-2.328\core\src\main\java\hudson\PluginWrapper.java","441","9","442","39","0","0","0","0","0","0","0","0","0","0","0","0","0","0","0","0","0","0","0","0","0","0","0","0"
"L51490","plugins","hudson.PluginWrapper$PluginWrapperAdministrativeMonitor.plugins;Ljava/util/Map;","L51485","L103","C:\GIT\pris2\SourceMeter\Guille\jenkins-jenkins-2.328\core\src\main\java\hudson\PluginWrapper.java","1209","9","1209","76","0","0","0","0","0","0","0","0","0","0","0","0","0","0","0","0","0","0","0","0","0","0","0","0"
"L51510","plugin","hudson.PluginWrapper$PluginDisableResult.plugin;Ljava/lang/String;","L3234","L103","C:\GIT\pris2\SourceMeter\Guille\jenkins-jenkins-2.328\core\src\main\java\hudson\PluginWrapper.java","1257","9","1257","31","0","0","0","0","0","0","0","0","0","0","0","0","0","0","0","0","0","0","0","0","0","0","0","0"
"L51423","status","hudson.PluginWrapper$PluginDisableResult.status;Lhudson/PluginWrapper$PluginDisableStatus;","L3234","L103","C:\GIT\pris2\SourceMeter\Guille\jenkins-jenkins-2.328\core\src\main\java\hudson\PluginWrapper.java","1258","9","1258","44","0","0","0","0","0","0","0","0","0","0","0","0","0","0","0","0","0","0","0","0","0","0","0","0"
"L51511","message","hudson.PluginWrapper$PluginDisableResult.message;Ljava/lang/String;","L3234","L103","C:\GIT\pris2\SourceMeter\Guille\jenkins-jenkins-2.328\core\src\main\java\hudson\PluginWrapper.java","1259","9","1259","32","0","0","0","0","0","0","0","0","0","0","0","0","0","0","0","0","0","0","0","0","0","0","0","0"
"L51512","dependentsDisableStatus","hudson.PluginWrapper$PluginDisableResult.dependentsDisableStatus;Ljava/util/Set;","L3234","L103","C:\GIT\pris2\SourceMeter\Guille\jenkins-jenkins-2.328\core\src\main\java\hudson\PluginWrapper.java","1260","9","1260","84","0","0","0","0","0","0","0","0","0","0","0","0","0","0","0","0","0","0","0","0","0","0","0","0"
"L3306","NO_SUCH_PLUGIN","hudson.PluginWrapper$PluginDisableStatus.NO_SUCH_PLUGIN;Lhudson/PluginWrapper$PluginDisableStatus;","L3262","L103","C:\GIT\pris2\SourceMeter\Guille\jenkins-jenkins-2.328\core\src\main\java\hudson\PluginWrapper.java","1319","9","1319","23","0","0","0","0","0","0","0","0","0","0","0","0","0","0","0","0","0","0","0","0","0","0","0","0"
"L3270","DISABLED","hudson.PluginWrapper$PluginDisableStatus.DISABLED;Lhudson/PluginWrapper$PluginDisableStatus;","L3262","L103","C:\GIT\pris2\SourceMeter\Guille\jenkins-jenkins-2.328\core\src\main\java\hudson\PluginWrapper.java","1320","9","1320","17","0","0","0","0","0","0","0","0","0","0","0","0","0","0","0","0","0","0","0","0","0","0","0","0"
"L3272","ALREADY_DISABLED","hudson.PluginWrapper$PluginDisableStatus.ALREADY_DISABLED;Lhudson/PluginWrapper$PluginDisableStatus;","L3262","L103","C:\GIT\pris2\SourceMeter\Guille\jenkins-jenkins-2.328\core\src\main\java\hudson\PluginWrapper.java","1321","9","1321","25","0","0","0","0","0","0","0","0","0","0","0","0","0","0","0","0","0","0","0","0","0","0","0","0"
"L3303","NOT_DISABLED_DEPENDANTS","hudson.PluginWrapper$PluginDisableStatus.NOT_DISABLED_DEPENDANTS;Lhudson/PluginWrapper$PluginDisableStatus;","L3262","L103","C:\GIT\pris2\SourceMeter\Guille\jenkins-jenkins-2.328\core\src\main\java\hudson\PluginWrapper.java","1322","9","1322","32","0","0","0","0","0","0","0","0","0","0","0","0","0","0","0","0","0","0","0","0","0","0","0","0"
"L51425","ERROR_DISABLING","hudson.PluginWrapper$PluginDisableStatus.ERROR_DISABLING;Lhudson/PluginWrapper$PluginDisableStatus;","L3262","L103","C:\GIT\pris2\SourceMeter\Guille\jenkins-jenkins-2.328\core\src\main\java\hudson\PluginWrapper.java","1323","9","1323","24","0","0","0","0","0","0","0","0","0","0","0","0","0","0","0","0","0","0","0","0","0","0","0","0"
"L3205","NONE","hudson.PluginWrapper$PluginDisableStrategy.NONE;Lhudson/PluginWrapper$PluginDisableStrategy;","L3218","L103","C:\GIT\pris2\SourceMeter\Guille\jenkins-jenkins-2.328\core\src\main\java\hudson\PluginWrapper.java","1330","9","1330","13","0","0","0","0","0","0","0","0","0","0","0","0","0","0","0","0","0","0","0","0","0","0","0","0"
"L3229","MANDATORY","hudson.PluginWrapper$PluginDisableStrategy.MANDATORY;Lhudson/PluginWrapper$PluginDisableStrategy;","L3218","L103","C:\GIT\pris2\SourceMeter\Guille\jenkins-jenkins-2.328\core\src\main\java\hudson\PluginWrapper.java","1331","9","1331","18","0","0","0","0","0","0","0","0","0","0","0","0","0","0","0","0","0","0","0","0","0","0","0","0"
"L3231","ALL","hudson.PluginWrapper$PluginDisableStrategy.ALL;Lhudson/PluginWrapper$PluginDisableStrategy;","L3218","L103","C:\GIT\pris2\SourceMeter\Guille\jenkins-jenkins-2.328\core\src\main\java\hudson\PluginWrapper.java","1332","9","1332","12","0","0","0","0","0","0","0","0","0","0","0","0","0","0","0","0","0","0","0","0","0","0","0","0"
"L51594","proc","hudson.Proc$LocalProc.proc;Ljava/lang/Process;","L4466","L103","C:\GIT\pris2\SourceMeter\Guille\jenkins-jenkins-2.328\core\src\main\java\hudson\Proc.java","184","9","184","36","0","0","0","0","0","0","0","0","0","0","0","0","0","0","0","0","0","0","0","0","0","0","0","0"
"L51595","copier","hudson.Proc$LocalProc.copier;Ljava/lang/Thread;","L4466","L103","C:\GIT\pris2\SourceMeter\Guille\jenkins-jenkins-2.328\core\src\main\java\hudson\Proc.java","185","9","185","37","0","0","0","0","0","0","0","0","0","0","0","0","0","0","0","0","0","0","0","0","0","0","0","0"
"L51596","copier2","hudson.Proc$LocalProc.copier2;Ljava/lang/Thread;","L4466","L103","C:\GIT\pris2\SourceMeter\Guille\jenkins-jenkins-2.328\core\src\main\java\hudson\Proc.java","185","9","185","46","0","0","0","0","0","0","0","0","0","0","0","0","0","0","0","0","0","0","0","0","0","0","0","0"
"L51597","out","hudson.Proc$LocalProc.out;Ljava/io/OutputStream;","L4466","L103","C:\GIT\pris2\SourceMeter\Guille\jenkins-jenkins-2.328\core\src\main\java\hudson\Proc.java","186","9","186","40","0","0","0","0","0","0","0","0","0","0","0","0","0","0","0","0","0","0","0","0","0","0","0","0"
"L51598","cookie","hudson.Proc$LocalProc.cookie;Lhudson/EnvVars;","L4466","L103","C:\GIT\pris2\SourceMeter\Guille\jenkins-jenkins-2.328\core\src\main\java\hudson\Proc.java","187","9","187","38","0","0","0","0","0","0","0","0","0","0","0","0","0","0","0","0","0","0","0","0","0","0","0","0"
"L51599","name","hudson.Proc$LocalProc.name;Ljava/lang/String;","L4466","L103","C:\GIT\pris2\SourceMeter\Guille\jenkins-jenkins-2.328\core\src\main\java\hudson\Proc.java","188","9","188","35","0","0","0","0","0","0","0","0","0","0","0","0","0","0","0","0","0","0","0","0","0","0","0","0"
"L51600","stdout","hudson.Proc$LocalProc.stdout;Ljava/io/InputStream;","L4466","L103","C:\GIT\pris2\SourceMeter\Guille\jenkins-jenkins-2.328\core\src\main\java\hudson\Proc.java","190","9","190","42","0","0","0","0","0","0","0","0","0","0","0","0","0","0","0","0","0","0","0","0","0","0","0","0"
"L51601","stderr","hudson.Proc$LocalProc.stderr;Ljava/io/InputStream;","L4466","L103","C:\GIT\pris2\SourceMeter\Guille\jenkins-jenkins-2.328\core\src\main\java\hudson\Proc.java","190","9","190","50","0","0","0","0","0","0","0","0","0","0","0","0","0","0","0","0","0","0","0","0","0","0","0","0"
"L51602","stdin","hudson.Proc$LocalProc.stdin;Ljava/io/OutputStream;","L4466","L103","C:\GIT\pris2\SourceMeter\Guille\jenkins-jenkins-2.328\core\src\main\java\hudson\Proc.java","191","9","191","42","0","0","0","0","0","0","0","0","0","0","0","0","0","0","0","0","0","0","0","0","0","0","0","0"
"L24051","SELFPUMP_INPUT","hudson.Proc$LocalProc.SELFPUMP_INPUT;Ljava/io/InputStream;","L4466","L103","C:\GIT\pris2\SourceMeter\Guille\jenkins-jenkins-2.328\core\src\main\java\hudson\Proc.java","433","9","433","81","0","0","0","0","0","0","0","0","0","0","0","0","0","0","0","0","0","0","0","0","0","0","0","0"
"L24053","SELFPUMP_OUTPUT","hudson.Proc$LocalProc.SELFPUMP_OUTPUT;Ljava/io/OutputStream;","L4466","L103","C:\GIT\pris2\SourceMeter\Guille\jenkins-jenkins-2.328\core\src\main\java\hudson\Proc.java","434","9","434","77","0","0","0","0","0","0","0","0","0","0","0","0","0","0","0","0","0","0","0","0","0","0","0","0"
"L51707","process","hudson.Proc$RemoteProc.process;Ljava/util/concurrent/Future;","L51705","L103","C:\GIT\pris2\SourceMeter\Guille\jenkins-jenkins-2.328\core\src\main\java\hudson\Proc.java","444","9","444","47","0","0","0","0","0","0","0","0","0","0","0","0","0","0","0","0","0","0","0","0","0","0","0","0"
"L51937","LOWER_BOUNDS","hudson.scheduler.BaseParser.LOWER_BOUNDS;[I","L51935","L103","C:\GIT\pris2\SourceMeter\Guille\jenkins-jenkins-2.328\core\src\main\java\hudson\scheduler\BaseParser.java","42","5","42","65","0","0","0","0","0","0","0","0","0","0","0","0","0","0","0","0","0","0","0","0","0","0","0","0"
"L51939","UPPER_BOUNDS","hudson.scheduler.BaseParser.UPPER_BOUNDS;[I","L51935","L103","C:\GIT\pris2\SourceMeter\Guille\jenkins-jenkins-2.328\core\src\main\java\hudson\scheduler\BaseParser.java","43","5","43","69","0","0","0","0","0","0","0","0","0","0","0","0","0","0","0","0","0","0","0","0","0","0","0","0"
"L51940","hash","hudson.scheduler.BaseParser.hash;Lhudson/scheduler/Hash;","L51935","L103","C:\GIT\pris2\SourceMeter\Guille\jenkins-jenkins-2.328\core\src\main\java\hudson\scheduler\BaseParser.java","48","5","48","39","0","0","0","0","0","0","0","0","0","0","0","0","0","0","0","0","0","0","0","0","0","0","0","0"
"L51994","HASH_TOKENS","hudson.scheduler.BaseParser.HASH_TOKENS;Z","L51935","L103","C:\GIT\pris2\SourceMeter\Guille\jenkins-jenkins-2.328\core\src\main\java\hudson\scheduler\BaseParser.java","150","5","150","123","0","0","0","0","0","0","0","0","0","0","0","0","0","0","0","0","0","0","0","0","0","0","0","0"
"L51988","NO_STEP","hudson.scheduler.BaseParser.NO_STEP;I","L51935","L103","C:\GIT\pris2\SourceMeter\Guille\jenkins-jenkins-2.328\core\src\main\java\hudson\scheduler\BaseParser.java","155","5","155","41","0","0","0","0","0","0","0","0","0","0","0","0","0","0","0","0","0","0","0","0","0","0","0","0"
"L52002","bits","hudson.scheduler.CronTab.bits;[J","L52000","L103","C:\GIT\pris2\SourceMeter\Guille\jenkins-jenkins-2.328\core\src\main\java\hudson\scheduler\CronTab.java","56","5","56","37","0","0","0","0","0","0","0","0","0","0","0","0","0","0","0","0","0","0","0","0","0","0","0","0"
"L52004","dayOfWeek","hudson.scheduler.CronTab.dayOfWeek;I","L52000","L103","C:\GIT\pris2\SourceMeter\Guille\jenkins-jenkins-2.328\core\src\main\java\hudson\scheduler\CronTab.java","58","5","58","19","0","0","0","0","0","0","0","0","0","0","0","0","0","0","0","0","0","0","0","0","0","0","0","0"
"L52005","spec","hudson.scheduler.CronTab.spec;Ljava/lang/String;","L52000","L103","C:\GIT\pris2\SourceMeter\Guille\jenkins-jenkins-2.328\core\src\main\java\hudson\scheduler\CronTab.java","63","5","63","25","0","0","0","0","0","0","0","0","0","0","0","0","0","0","0","0","0","0","0","0","0","0","0","0"
"L52007","specTimezone","hudson.scheduler.CronTab.specTimezone;Ljava/lang/String;","L52000","L103","C:\GIT\pris2\SourceMeter\Guille\jenkins-jenkins-2.328\core\src\main\java\hudson\scheduler\CronTab.java","68","5","68","47","0","0","0","0","0","0","0","0","0","0","0","0","0","0","0","0","0","0","0","0","0","0","0","0"
"L52271","tabs","hudson.scheduler.CronTabList.tabs;Ljava/util/Vector;","L52269","L103","C:\GIT\pris2\SourceMeter\Guille\jenkins-jenkins-2.328\core\src\main\java\hudson\scheduler\CronTabList.java","45","5","45","40","0","0","0","0","0","0","0","0","0","0","0","0","0","0","0","0","0","0","0","0","0","0","0","0"
"L52300","LOGGER","hudson.scheduler.CronTabList.LOGGER;Ljava/util/logging/Logger;","L52269","L103","C:\GIT\pris2\SourceMeter\Guille\jenkins-jenkins-2.328\core\src\main\java\hudson\scheduler\CronTabList.java","154","5","154","88","0","0","0","0","0","0","0","0","0","0","0","0","0","0","0","0","0","0","0","0","0","0","0","0"
"L52327","ZERO","hudson.scheduler.Hash.ZERO;Lhudson/scheduler/Hash;","L51942","L103","C:\GIT\pris2\SourceMeter\Guille\jenkins-jenkins-2.328\core\src\main\java\hudson\scheduler\Hash.java","96","5","101","7","0","0","0","0","0","0","0","0","0","0","0","0","0","0","0","0","0","0","0","0","0","0","0","0"
"L52346","locale","hudson.scheduler.CronTabDayOfWeekLocaleTest.locale;Ljava/util/Locale;","L52334","L103","C:\GIT\pris2\SourceMeter\Guille\jenkins-jenkins-2.328\core\src\test\java\hudson\scheduler\CronTabDayOfWeekLocaleTest.java","40","5","40","33","0","0","0","0","0","0","0","0","0","0","0","0","0","0","0","0","0","0","0","0","0","0","0","0"
"L52388","name","hudson.scheduler.CronTabEventualityTest.name;Ljava/lang/String;","L52381","L103","C:\GIT\pris2\SourceMeter\Guille\jenkins-jenkins-2.328\core\src\test\java\hudson\scheduler\CronTabEventualityTest.java","35","5","35","25","0","0","0","0","0","0","0","0","0","0","0","0","0","0","0","0","0","0","0","0","0","0","0","0"
"L52389","hash","hudson.scheduler.CronTabEventualityTest.hash;Lhudson/scheduler/Hash;","L52381","L103","C:\GIT\pris2\SourceMeter\Guille\jenkins-jenkins-2.328\core\src\test\java\hudson\scheduler\CronTabEventualityTest.java","36","5","36","23","0","0","0","0","0","0","0","0","0","0","0","0","0","0","0","0","0","0","0","0","0","0","0","0"
"L52509","run","hudson.scm.AbstractScmTagAction.run;Lhudson/model/Run;","L52507","L103","C:\GIT\pris2\SourceMeter\Guille\jenkins-jenkins-2.328\core\src\main\java\hudson\scm\AbstractScmTagAction.java","51","5","51","47","0","0","0","0","0","0","0","0","0","0","0","0","0","0","0","0","0","0","0","0","0","0","0","0"
"L52510","build","hudson.scm.AbstractScmTagAction.build;Lhudson/model/AbstractBuild;","L52507","L103","C:\GIT\pris2\SourceMeter\Guille\jenkins-jenkins-2.328\core\src\main\java\hudson\scm\AbstractScmTagAction.java","52","5","53","55","0","0","0","0","0","0","0","0","0","0","0","0","0","0","0","0","0","0","0","0","0","0","0","0"
"L52544","cacheGeneration","hudson.scm.AutoBrowserHolder.cacheGeneration;I","L52542","L103","C:\GIT\pris2\SourceMeter\Guille\jenkins-jenkins-2.328\core\src\main\java\hudson\scm\AutoBrowserHolder.java","45","5","45","33","0","0","0","0","0","0","0","0","0","0","0","0","0","0","0","0","0","0","0","0","0","0","0","0"
"L52545","cache","hudson.scm.AutoBrowserHolder.cache;Lhudson/scm/RepositoryBrowser;","L52542","L103","C:\GIT\pris2\SourceMeter\Guille\jenkins-jenkins-2.328\core\src\main\java\hudson\scm\AutoBrowserHolder.java","46","5","46","37","0","0","0","0","0","0","0","0","0","0","0","0","0","0","0","0","0","0","0","0","0","0","0","0"
"L52546","owner","hudson.scm.AutoBrowserHolder.owner;Lhudson/scm/SCM;","L52542","L103","C:\GIT\pris2\SourceMeter\Guille\jenkins-jenkins-2.328\core\src\main\java\hudson\scm\AutoBrowserHolder.java","47","5","47","23","0","0","0","0","0","0","0","0","0","0","0","0","0","0","0","0","0","0","0","0","0","0","0","0"
"L52604","annotators","hudson.scm.ChangeLogAnnotator.annotators;Lhudson/util/CopyOnWriteList;","L52582","L103","C:\GIT\pris2\SourceMeter\Guille\jenkins-jenkins-2.328\core\src\main\java\hudson\scm\ChangeLogAnnotator.java","119","5","120","140","0","0","0","0","0","0","0","0","0","0","0","0","0","0","0","0","0","0","0","0","0","0","0","0"
"L52632","run","hudson.scm.ChangeLogSet.run;Lhudson/model/Run;","L3820","L103","C:\GIT\pris2\SourceMeter\Guille\jenkins-jenkins-2.328\core\src\main\java\hudson\scm\ChangeLogSet.java","60","5","60","33","0","0","0","0","0","0","0","0","0","0","0","0","0","0","0","0","0","0","0","0","0","0","0","0"
"L33708","build","hudson.scm.ChangeLogSet.build;Lhudson/model/AbstractBuild;","L3820","L103","C:\GIT\pris2\SourceMeter\Guille\jenkins-jenkins-2.328\core\src\main\java\hudson\scm\ChangeLogSet.java","61","5","62","44","0","0","0","0","0","0","0","0","0","0","0","0","0","0","0","0","0","0","0","0","0","0","0","0"
"L52634","browser","hudson.scm.ChangeLogSet.browser;Lhudson/scm/RepositoryBrowser;","L3820","L103","C:\GIT\pris2\SourceMeter\Guille\jenkins-jenkins-2.328\core\src\main\java\hudson\scm\ChangeLogSet.java","63","5","63","63","0","0","0","0","0","0","0","0","0","0","0","0","0","0","0","0","0","0","0","0","0","0","0","0"
"L52710","name","hudson.scm.EditType.name;Ljava/lang/String;","L52706","L103","C:\GIT\pris2\SourceMeter\Guille\jenkins-jenkins-2.328\core\src\main\java\hudson\scm\EditType.java","38","5","38","25","0","0","0","0","0","0","0","0","0","0","0","0","0","0","0","0","0","0","0","0","0","0","0","0"
"L52711","description","hudson.scm.EditType.description;Ljava/lang/String;","L52706","L103","C:\GIT\pris2\SourceMeter\Guille\jenkins-jenkins-2.328\core\src\main\java\hudson\scm\EditType.java","39","5","39","32","0","0","0","0","0","0","0","0","0","0","0","0","0","0","0","0","0","0","0","0","0","0","0","0"
"L52720","ADD","hudson.scm.EditType.ADD;Lhudson/scm/EditType;","L52706","L103","C:\GIT\pris2\SourceMeter\Guille\jenkins-jenkins-2.328\core\src\main\java\hudson\scm\EditType.java","59","5","59","82","0","0","0","0","0","0","0","0","0","0","0","0","0","0","0","0","0","0","0","0","0","0","0","0"
"L52721","EDIT","hudson.scm.EditType.EDIT;Lhudson/scm/EditType;","L52706","L103","C:\GIT\pris2\SourceMeter\Guille\jenkins-jenkins-2.328\core\src\main\java\hudson\scm\EditType.java","60","5","60","87","0","0","0","0","0","0","0","0","0","0","0","0","0","0","0","0","0","0","0","0","0","0","0","0"
"L52722","DELETE","hudson.scm.EditType.DELETE;Lhudson/scm/EditType;","L52706","L103","C:\GIT\pris2\SourceMeter\Guille\jenkins-jenkins-2.328\core\src\main\java\hudson\scm\EditType.java","61","5","61","90","0","0","0","0","0","0","0","0","0","0","0","0","0","0","0","0","0","0","0","0","0","0","0","0"
"L52723","ALL","hudson.scm.EditType.ALL;Ljava/util/List;","L52706","L103","C:\GIT\pris2\SourceMeter\Guille\jenkins-jenkins-2.328\core\src\main\java\hudson\scm\EditType.java","63","5","63","109","0","0","0","0","0","0","0","0","0","0","0","0","0","0","0","0","0","0","0","0","0","0","0","0"
"L26038","INSTANCE","hudson.scm.NullChangeLogParser.INSTANCE;Lhudson/scm/NullChangeLogParser;","L52751","L103","C:\GIT\pris2\SourceMeter\Guille\jenkins-jenkins-2.328\core\src\main\java\hudson\scm\NullChangeLogParser.java","38","5","38","82","0","0","0","0","0","0","0","0","0","0","0","0","0","0","0","0","0","0","0","0","0","0","0","0"
"L52793","baseline","hudson.scm.PollingResult.baseline;Lhudson/scm/SCMRevisionState;","L18523","L103","C:\GIT\pris2\SourceMeter\Guille\jenkins-jenkins-2.328\core\src\main\java\hudson\scm\PollingResult.java","27","5","27","58","0","0","0","0","0","0","0","0","0","0","0","0","0","0","0","0","0","0","0","0","0","0","0","0"
"L27584","remote","hudson.scm.PollingResult.remote;Lhudson/scm/SCMRevisionState;","L18523","L103","C:\GIT\pris2\SourceMeter\Guille\jenkins-jenkins-2.328\core\src\main\java\hudson\scm\PollingResult.java","33","5","33","56","0","0","0","0","0","0","0","0","0","0","0","0","0","0","0","0","0","0","0","0","0","0","0","0"
"L47532","change","hudson.scm.PollingResult.change;Lhudson/scm/PollingResult$Change;","L18523","L103","C:\GIT\pris2\SourceMeter\Guille\jenkins-jenkins-2.328\core\src\main\java\hudson\scm\PollingResult.java","43","5","43","41","0","0","0","0","0","0","0","0","0","0","0","0","0","0","0","0","0","0","0","0","0","0","0","0"
"L27539","NO_CHANGES","hudson.scm.PollingResult.NO_CHANGES;Lhudson/scm/PollingResult;","L18523","L103","C:\GIT\pris2\SourceMeter\Guille\jenkins-jenkins-2.328\core\src\main\java\hudson\scm\PollingResult.java","99","5","99","83","0","0","0","0","0","0","0","0","0","0","0","0","0","0","0","0","0","0","0","0","0","0","0","0"
"L47619","SIGNIFICANT","hudson.scm.PollingResult.SIGNIFICANT;Lhudson/scm/PollingResult;","L18523","L103","C:\GIT\pris2\SourceMeter\Guille\jenkins-jenkins-2.328\core\src\main\java\hudson\scm\PollingResult.java","101","5","101","91","0","0","0","0","0","0","0","0","0","0","0","0","0","0","0","0","0","0","0","0","0","0","0","0"
"L27544","BUILD_NOW","hudson.scm.PollingResult.BUILD_NOW;Lhudson/scm/PollingResult;","L18523","L103","C:\GIT\pris2\SourceMeter\Guille\jenkins-jenkins-2.328\core\src\main\java\hudson\scm\PollingResult.java","106","5","106","90","0","0","0","0","0","0","0","0","0","0","0","0","0","0","0","0","0","0","0","0","0","0","0","0"
"L52824","serialVersionUID","hudson.scm.PollingResult.serialVersionUID;J","L18523","L103","C:\GIT\pris2\SourceMeter\Guille\jenkins-jenkins-2.328\core\src\main\java\hudson\scm\PollingResult.java","108","5","108","53","0","0","0","0","0","0","0","0","0","0","0","0","0","0","0","0","0","0","0","0","0","0","0","0"
"L52851","serialVersionUID","hudson.scm.RepositoryBrowser.serialVersionUID;J","L18546","L103","C:\GIT\pris2\SourceMeter\Guille\jenkins-jenkins-2.328\core\src\main\java\hudson\scm\RepositoryBrowser.java","105","5","105","53","0","0","0","0","0","0","0","0","0","0","0","0","0","0","0","0","0","0","0","0","0","0","0","0"
"L52855","LIST","hudson.scm.RepositoryBrowsers.LIST;Ljava/util/List;","L52852","L103","C:\GIT\pris2\SourceMeter\Guille\jenkins-jenkins-2.328\core\src\main\java\hudson\scm\RepositoryBrowsers.java","48","5","49","145","0","0","0","0","0","0","0","0","0","0","0","0","0","0","0","0","0","0","0","0","0","0","0","0"
"L52895","LOGGER","hudson.scm.SCM.LOGGER;Ljava/util/logging/Logger;","L26044","L103","C:\GIT\pris2\SourceMeter\Guille\jenkins-jenkins-2.328\core\src\main\java\hudson\scm\SCM.java","94","5","94","80","0","0","0","0","0","0","0","0","0","0","0","0","0","0","0","0","0","0","0","0","0","0","0","0"
"L52896","useAutoBrowserHolder","hudson.scm.SCM.useAutoBrowserHolder;Z","L26044","L103","C:\GIT\pris2\SourceMeter\Guille\jenkins-jenkins-2.328\core\src\main\java\hudson\scm\SCM.java","97","5","98","126","0","0","0","0","0","0","0","0","0","0","0","0","0","0","0","0","0","0","0","0","0","0","0","0"
"L52898","autoBrowserHolder","hudson.scm.SCM.autoBrowserHolder;Lhudson/scm/AutoBrowserHolder;","L26044","L103","C:\GIT\pris2\SourceMeter\Guille\jenkins-jenkins-2.328\core\src\main\java\hudson\scm\SCM.java","103","5","104","59","0","0","0","0","0","0","0","0","0","0","0","0","0","0","0","0","0","0","0","0","0","0","0","0"
"L53034","PERMISSIONS","hudson.scm.SCM.PERMISSIONS;Lhudson/security/PermissionGroup;","L26044","L103","C:\GIT\pris2\SourceMeter\Guille\jenkins-jenkins-2.328\core\src\main\java\hudson\scm\SCM.java","756","5","756","121","0","0","0","0","0","0","0","0","0","0","0","0","0","0","0","0","0","0","0","0","0","0","0","0"
"L52522","TAG","hudson.scm.SCM.TAG;Lhudson/security/Permission;","L26044","L103","C:\GIT\pris2\SourceMeter\Guille\jenkins-jenkins-2.328\core\src\main\java\hudson\scm\SCM.java","761","5","761","161","0","0","0","0","0","0","0","0","0","0","0","0","0","0","0","0","0","0","0","0","0","0","0","0"
"L53058","repositoryBrowser","hudson.scm.SCMDescriptor.repositoryBrowser;Ljava/lang/Class;","L18540","L103","C:\GIT\pris2\SourceMeter\Guille\jenkins-jenkins-2.328\core\src\main\java\hudson\scm\SCMDescriptor.java","55","5","55","81","0","0","0","0","0","0","0","0","0","0","0","0","0","0","0","0","0","0","0","0","0","0","0","0"
"L53060","atomicGeneration","hudson.scm.SCMDescriptor.atomicGeneration;Ljava/util/concurrent/atomic/AtomicInteger;","L18540","L103","C:\GIT\pris2\SourceMeter\Guille\jenkins-jenkins-2.328\core\src\main\java\hudson\scm\SCMDescriptor.java","57","5","57","83","0","0","0","0","0","0","0","0","0","0","0","0","0","0","0","0","0","0","0","0","0","0","0","0"
"L53079","LOGGER","hudson.scm.SCMDescriptor.LOGGER;Ljava/util/logging/Logger;","L18540","L103","C:\GIT\pris2\SourceMeter\Guille\jenkins-jenkins-2.328\core\src\main\java\hudson\scm\SCMDescriptor.java","171","5","171","90","0","0","0","0","0","0","0","0","0","0","0","0","0","0","0","0","0","0","0","0","0","0","0","0"
"L27529","NONE","hudson.scm.SCMRevisionState.NONE;Lhudson/scm/SCMRevisionState;","L18531","L103","C:\GIT\pris2\SourceMeter\Guille\jenkins-jenkins-2.328\core\src\main\java\hudson\scm\SCMRevisionState.java","51","5","52","54","0","0","0","0","0","0","0","0","0","0","0","0","0","0","0","0","0","0","0","0","0","0","0","0"
"L53105","SCMS","hudson.scm.SCMS.SCMS;Ljava/util/List;","L53102","L103","C:\GIT\pris2\SourceMeter\Guille\jenkins-jenkins-2.328\core\src\main\java\hudson\scm\SCMS.java","46","5","47","94","0","0","0","0","0","0","0","0","0","0","0","0","0","0","0","0","0","0","0","0","0","0","0","0"
"L53119","j","hudson.scm.AbstractScmTagActionTest.j;LJenkinsRule;","L53117","L103","C:\GIT\pris2\SourceMeter\Guille\jenkins-jenkins-2.328\test\src\test\java\hudson\scm\AbstractScmTagActionTest.java","53","5","54","46","0","0","0","0","0","0","0","0","0","0","0","0","0","0","0","0","0","0","0","0","0","0","0","0"
"L53161","j","hudson.scm.ChangeLogSetTest.j;LJenkinsRule;","L53159","L103","C:\GIT\pris2\SourceMeter\Guille\jenkins-jenkins-2.328\test\src\test\java\hudson\scm\ChangeLogSetTest.java","17","5","18","46","0","0","0","0","0","0","0","0","0","0","0","0","0","0","0","0","0","0","0","0","0","0","0","0"
"L53179","j","hudson.scm.ScmTest.j;LJenkinsRule;","L53176","L103","C:\GIT\pris2\SourceMeter\Guille\jenkins-jenkins-2.328\test\src\test\java\hudson\scm\ScmTest.java","48","5","49","46","0","0","0","0","0","0","0","0","0","0","0","0","0","0","0","0","0","0","0","0","0","0","0","0"
"L53253","items","hudson.search.FixedSet.items;Ljava/util/Collection;","L53251","L103","C:\GIT\pris2\SourceMeter\Guille\jenkins-jenkins-2.328\core\src\main\java\hudson\search\FixedSet.java","39","5","39","58","0","0","0","0","0","0","0","0","0","0","0","0","0","0","0","0","0","0","0","0","0","0","0","0"
"L53272","TABLE","hudson.search.ParsedQuickSilver.TABLE;Ljava/util/Map;","L53270","L103","C:\GIT\pris2\SourceMeter\Guille\jenkins-jenkins-2.328\core\src\main\java\hudson\search\ParsedQuickSilver.java","43","5","43","80","0","0","0","0","0","0","0","0","0","0","0","0","0","0","0","0","0","0","0","0","0","0","0","0"
"L53289","getters","hudson.search.ParsedQuickSilver.getters;Ljava/util/List;","L53270","L103","C:\GIT\pris2\SourceMeter\Guille\jenkins-jenkins-2.328\core\src\main\java\hudson\search\ParsedQuickSilver.java","52","5","52","60","0","0","0","0","0","0","0","0","0","0","0","0","0","0","0","0","0","0","0","0","0","0","0","0"
"L53544","SKIP_PERMISSION_CHECK","hudson.search.Search.SKIP_PERMISSION_CHECK;Z","L26947","L103","C:\GIT\pris2\SourceMeter\Guille\jenkins-jenkins-2.328\core\src\main\java\hudson\search\Search.java","427","5","429","160","0","0","0","0","0","0","0","0","0","0","0","0","0","0","0","0","0","0","0","0","0","0","0","0"
"L53368","LOGGER","hudson.search.Search.LOGGER;Ljava/util/logging/Logger;","L26947","L103","C:\GIT\pris2\SourceMeter\Guille\jenkins-jenkins-2.328\core\src\main\java\hudson\search\Search.java","431","5","431","83","0","0","0","0","0","0","0","0","0","0","0","0","0","0","0","0","0","0","0","0","0","0","0","0"
"L53359","EMPTY","hudson.search.SearchIndex.EMPTY;Lhudson/search/SearchIndex;","L26940","L103","C:\GIT\pris2\SourceMeter\Guille\jenkins-jenkins-2.328\core\src\main\java\hudson\search\SearchIndex.java","48","5","58","7","0","0","0","0","0","0","0","0","0","0","0","0","0","0","0","0","0","0","0","0","0","0","0","0"
"L53574","items","hudson.search.SearchIndexBuilder.items;Ljava/util/List;","L26932","L103","C:\GIT\pris2\SourceMeter\Guille\jenkins-jenkins-2.328\core\src\main\java\hudson\search\SearchIndexBuilder.java","41","5","41","62","0","0","0","0","0","0","0","0","0","0","0","0","0","0","0","0","0","0","0","0","0","0","0","0"
"L53575","indices","hudson.search.SearchIndexBuilder.indices;Ljava/util/List;","L26932","L103","C:\GIT\pris2\SourceMeter\Guille\jenkins-jenkins-2.328\core\src\main\java\hudson\search\SearchIndexBuilder.java","43","5","43","65","0","0","0","0","0","0","0","0","0","0","0","0","0","0","0","0","0","0","0","0","0","0","0","0"
"L53649","parent","hudson.search.SuggestedItem.parent;Lhudson/search/SuggestedItem;","L53370","L103","C:\GIT\pris2\SourceMeter\Guille\jenkins-jenkins-2.328\core\src\main\java\hudson\search\SuggestedItem.java","36","5","36","40","0","0","0","0","0","0","0","0","0","0","0","0","0","0","0","0","0","0","0","0","0","0","0","0"
"L53465","item","hudson.search.SuggestedItem.item;Lhudson/search/SearchItem;","L53370","L103","C:\GIT\pris2\SourceMeter\Guille\jenkins-jenkins-2.328\core\src\main\java\hudson\search\SuggestedItem.java","37","5","37","34","0","0","0","0","0","0","0","0","0","0","0","0","0","0","0","0","0","0","0","0","0","0","0","0"
"L53650","path","hudson.search.SuggestedItem.path;Ljava/lang/String;","L53370","L103","C:\GIT\pris2\SourceMeter\Guille\jenkins-jenkins-2.328\core\src\main\java\hudson\search\SuggestedItem.java","38","5","38","25","0","0","0","0","0","0","0","0","0","0","0","0","0","0","0","0","0","0","0","0","0","0","0","0"
"L53676","lhs","hudson.search.UnionSearchIndex.lhs;Lhudson/search/SearchIndex;","L53612","L103","C:\GIT\pris2\SourceMeter\Guille\jenkins-jenkins-2.328\core\src\main\java\hudson\search\UnionSearchIndex.java","50","5","50","35","0","0","0","0","0","0","0","0","0","0","0","0","0","0","0","0","0","0","0","0","0","0","0","0"
"L53677","rhs","hudson.search.UnionSearchIndex.rhs;Lhudson/search/SearchIndex;","L53612","L103","C:\GIT\pris2\SourceMeter\Guille\jenkins-jenkins-2.328\core\src\main\java\hudson\search\UnionSearchIndex.java","50","5","50","40","0","0","0","0","0","0","0","0","0","0","0","0","0","0","0","0","0","0","0","0","0","0","0","0"
"L53689","DEFAULT_SEARCH_CASE_INSENSITIVE_MODE","hudson.search.UserSearchProperty.DEFAULT_SEARCH_CASE_INSENSITIVE_MODE;Z","L53688","L103","C:\GIT\pris2\SourceMeter\Guille\jenkins-jenkins-2.328\core\src\main\java\hudson\search\UserSearchProperty.java","14","5","14","78","0","0","0","0","0","0","0","0","0","0","0","0","0","0","0","0","0","0","0","0","0","0","0","0"
"L53690","insensitiveSearch","hudson.search.UserSearchProperty.insensitiveSearch;Z","L53688","L103","C:\GIT\pris2\SourceMeter\Guille\jenkins-jenkins-2.328\core\src\main\java\hudson\search\UserSearchProperty.java","16","5","16","45","0","0","0","0","0","0","0","0","0","0","0","0","0","0","0","0","0","0","0","0","0","0","0","0"
"L53731","j","hudson.search.SearchTest.j;LJenkinsRule;","L53728","L103","C:\GIT\pris2\SourceMeter\Guille\jenkins-jenkins-2.328\test\src\test\java\hudson\search\SearchTest.java","64","5","64","52","0","0","0","0","0","0","0","0","0","0","0","0","0","0","0","0","0","0","0","0","0","0","0","0"
"L53919","REPORT_GROUP_HEADERS","hudson.security.AccessDeniedException2.REPORT_GROUP_HEADERS;Z","L53914","L103","C:\GIT\pris2\SourceMeter\Guille\jenkins-jenkins-2.328\core\src\main\java\hudson\security\AccessDeniedException2.java","18","5","18","161","0","0","0","0","0","0","0","0","0","0","0","0","0","0","0","0","0","0","0","0","0","0","0","0"
"L53923","authentication","hudson.security.AccessDeniedException2.authentication;Lorg/acegisecurity/Authentication;","L53914","L103","C:\GIT\pris2\SourceMeter\Guille\jenkins-jenkins-2.328\core\src\main\java\hudson\security\AccessDeniedException2.java","23","5","23","48","0","0","0","0","0","0","0","0","0","0","0","0","0","0","0","0","0","0","0","0","0","0","0","0"
"L53925","permission","hudson.security.AccessDeniedException2.permission;Lhudson/security/Permission;","L53914","L103","C:\GIT\pris2\SourceMeter\Guille\jenkins-jenkins-2.328\core\src\main\java\hudson\security\AccessDeniedException2.java","28","5","28","40","0","0","0","0","0","0","0","0","0","0","0","0","0","0","0","0","0","0","0","0","0","0","0","0"
"L53960","REPORT_GROUP_HEADERS","hudson.security.AccessDeniedException3.REPORT_GROUP_HEADERS;Z","L45174","L103","C:\GIT\pris2\SourceMeter\Guille\jenkins-jenkins-2.328\core\src\main\java\hudson\security\AccessDeniedException3.java","18","5","19","161","0","0","0","0","0","0","0","0","0","0","0","0","0","0","0","0","0","0","0","0","0","0","0","0"
"L53962","authentication","hudson.security.AccessDeniedException3.authentication;LAuthentication;","L45174","L103","C:\GIT\pris2\SourceMeter\Guille\jenkins-jenkins-2.328\core\src\main\java\hudson\security\AccessDeniedException3.java","24","5","24","48","0","0","0","0","0","0","0","0","0","0","0","0","0","0","0","0","0","0","0","0","0","0","0","0"
"L45178","permission","hudson.security.AccessDeniedException3.permission;Lhudson/security/Permission;","L45174","L103","C:\GIT\pris2\SourceMeter\Guille\jenkins-jenkins-2.328\core\src\main\java\hudson\security\AccessDeniedException3.java","29","5","29","40","0","0","0","0","0","0","0","0","0","0","0","0","0","0","0","0","0","0","0","0","0","0","0","0"
"L54068","EVERYONE","hudson.security.ACL.EVERYONE;Lorg/acegisecurity/acls/sid/Sid;","L3621","L103","C:\GIT\pris2\SourceMeter\Guille\jenkins-jenkins-2.328\core\src\main\java\hudson\security\ACL.java","340","5","345","7","0","0","0","0","0","0","0","0","0","0","0","0","0","0","0","0","0","0","0","0","0","0","0","0"
"L42753","ANONYMOUS_USERNAME","hudson.security.ACL.ANONYMOUS_USERNAME;Ljava/lang/String;","L3621","L103","C:\GIT\pris2\SourceMeter\Guille\jenkins-jenkins-2.328\core\src\main\java\hudson\security\ACL.java","350","5","351","65","0","0","0","0","0","0","0","0","0","0","0","0","0","0","0","0","0","0","0","0","0","0","0","0"
"L54080","ANONYMOUS","hudson.security.ACL.ANONYMOUS;Lorg/acegisecurity/acls/sid/Sid;","L3621","L103","C:\GIT\pris2\SourceMeter\Guille\jenkins-jenkins-2.328\core\src\main\java\hudson\security\ACL.java","358","5","358","78","0","0","0","0","0","0","0","0","0","0","0","0","0","0","0","0","0","0","0","0","0","0","0","0"
"L54082","AUTOMATIC_SIDS","hudson.security.ACL.AUTOMATIC_SIDS;[Lorg/acegisecurity/acls/sid/Sid;","L3621","L103","C:\GIT\pris2\SourceMeter\Guille\jenkins-jenkins-2.328\core\src\main\java\hudson\security\ACL.java","360","5","360","72","0","0","0","0","0","0","0","0","0","0","0","0","0","0","0","0","0","0","0","0","0","0","0","0"
"L42755","SYSTEM_USERNAME","hudson.security.ACL.SYSTEM_USERNAME;Ljava/lang/String;","L3621","L103","C:\GIT\pris2\SourceMeter\Guille\jenkins-jenkins-2.328\core\src\main\java\hudson\security\ACL.java","365","5","366","59","0","0","0","0","0","0","0","0","0","0","0","0","0","0","0","0","0","0","0","0","0","0","0","0"
"L3503","SYSTEM2","hudson.security.ACL.SYSTEM2;LAuthentication;","L3621","L103","C:\GIT\pris2\SourceMeter\Guille\jenkins-jenkins-2.328\core\src\main\java\hudson\security\ACL.java","375","5","375","117","0","0","0","0","0","0","0","0","0","0","0","0","0","0","0","0","0","0","0","0","0","0","0","0"
"L13752","SYSTEM","hudson.security.ACL.SYSTEM;Lorg/acegisecurity/Authentication;","L3621","L103","C:\GIT\pris2\SourceMeter\Guille\jenkins-jenkins-2.328\core\src\main\java\hudson\security\ACL.java","380","5","381","182","0","0","0","0","0","0","0","0","0","0","0","0","0","0","0","0","0","0","0","0","0","0","0","0"
"L54148","previousContext","hudson.security.ACLContext.previousContext;LSecurityContext;","L3498","L103","C:\GIT\pris2\SourceMeter\Guille\jenkins-jenkins-2.328\core\src\main\java\hudson\security\ACLContext.java","42","5","43","51","0","0","0","0","0","0","0","0","0","0","0","0","0","0","0","0","0","0","0","0","0","0","0","0"
"L54160","delegate","hudson.security.AuthenticationManagerProxy.delegate;LAuthenticationManager;","L54157","L103","C:\GIT\pris2\SourceMeter\Guille\jenkins-jenkins-2.328\core\src\main\java\hudson\security\AuthenticationManagerProxy.java","46","5","46","53","0","0","0","0","0","0","0","0","0","0","0","0","0","0","0","0","0","0","0","0","0","0","0","0"
"L54197","LOGGER","hudson.security.AuthenticationProcessingFilter2.LOGGER;Ljava/util/logging/Logger;","L54166","L103","C:\GIT\pris2\SourceMeter\Guille\jenkins-jenkins-2.328\core\src\main\java\hudson\security\AuthenticationProcessingFilter2.java","105","5","105","108","0","0","0","0","0","0","0","0","0","0","0","0","0","0","0","0","0","0","0","0","0","0","0","0"
"L54231","LIST","hudson.security.AuthorizationStrategy.LIST;Lhudson/util/DescriptorList;","L22548","L103","C:\GIT\pris2\SourceMeter\Guille\jenkins-jenkins-2.328\core\src\main\java\hudson\security\AuthorizationStrategy.java","203","5","204","120","0","0","0","0","0","0","0","0","0","0","0","0","0","0","0","0","0","0","0","0","0","0","0","0"
"L45855","UNSECURED","hudson.security.AuthorizationStrategy.UNSECURED;Lhudson/security/AuthorizationStrategy;","L22548","L103","C:\GIT\pris2\SourceMeter\Guille\jenkins-jenkins-2.328\core\src\main\java\hudson\security\AuthorizationStrategy.java","213","5","213","75","0","0","0","0","0","0","0","0","0","0","0","0","0","0","0","0","0","0","0","0","0","0","0","0"
"L54255","servletContext","hudson.security.BasicAuthenticationFilter.servletContext;Ljavax/servlet/ServletContext;","L54252","L103","C:\GIT\pris2\SourceMeter\Guille\jenkins-jenkins-2.328\core\src\main\java\hudson\security\BasicAuthenticationFilter.java","94","5","94","43","0","0","0","0","0","0","0","0","0","0","0","0","0","0","0","0","0","0","0","0","0","0","0","0"
"L54318","filters","hudson.security.ChainedServletFilter.filters;[Ljavax/servlet/Filter;","L54316","L103","C:\GIT\pris2\SourceMeter\Guille\jenkins-jenkins-2.328\core\src\main\java\hudson\security\ChainedServletFilter.java","49","5","49","41","0","0","0","0","0","0","0","0","0","0","0","0","0","0","0","0","0","0","0","0","0","0","0","0"
"L54338","UNINTERESTING_URIS","hudson.security.ChainedServletFilter.UNINTERESTING_URIS;Ljava/util/regex/Pattern;","L54316","L103","C:\GIT\pris2\SourceMeter\Guille\jenkins-jenkins-2.328\core\src\main\java\hudson\security\ChainedServletFilter.java","77","5","77","137","0","0","0","0","0","0","0","0","0","0","0","0","0","0","0","0","0","0","0","0","0","0","0","0"
"L54336","LOGGER","hudson.security.ChainedServletFilter.LOGGER;Ljava/util/logging/Logger;","L54316","L103","C:\GIT\pris2\SourceMeter\Guille\jenkins-jenkins-2.328\core\src\main\java\hudson\security\ChainedServletFilter.java","121","5","121","97","0","0","0","0","0","0","0","0","0","0","0","0","0","0","0","0","0","0","0","0","0","0","0","0"
"L54374","principal","hudson.security.ContainerAuthentication.principal;Ljava/security/Principal;","L54269","L103","C:\GIT\pris2\SourceMeter\Guille\jenkins-jenkins-2.328\core\src\main\java\hudson\security\ContainerAuthentication.java","52","5","52","39","0","0","0","0","0","0","0","0","0","0","0","0","0","0","0","0","0","0","0","0","0","0","0","0"
"L54378","authorities","hudson.security.ContainerAuthentication.authorities;Ljava/util/Collection;","L54269","L103","C:\GIT\pris2\SourceMeter\Guille\jenkins-jenkins-2.328\core\src\main\java\hudson\security\ContainerAuthentication.java","53","5","53","64","0","0","0","0","0","0","0","0","0","0","0","0","0","0","0","0","0","0","0","0","0","0","0","0"
"L54787","identifiers","hudson.security.FederatedLoginServiceUserProperty.identifiers;Ljava/util/Set;","L54722","L103","C:\GIT\pris2\SourceMeter\Guille\jenkins-jenkins-2.328\core\src\main\java\hudson\security\FederatedLoginServiceUserProperty.java","45","5","45","45","0","0","0","0","0","0","0","0","0","0","0","0","0","0","0","0","0","0","0","0","0","0","0","0"
"L54796","denyAnonymousReadAccess","hudson.security.FullControlOnceLoggedInAuthorizationStrategy.denyAnonymousReadAccess;Z","L54794","L103","C:\GIT\pris2\SourceMeter\Guille\jenkins-jenkins-2.328\core\src\main\java\hudson\security\FullControlOnceLoggedInAuthorizationStrategy.java","51","5","51","53","0","0","0","0","0","0","0","0","0","0","0","0","0","0","0","0","0","0","0","0","0","0","0","0"
"L54801","AUTHENTICATED_READ","hudson.security.FullControlOnceLoggedInAuthorizationStrategy.AUTHENTICATED_READ;Lhudson/security/SparseACL;","L54794","L103","C:\GIT\pris2\SourceMeter\Guille\jenkins-jenkins-2.328\core\src\main\java\hudson\security\FullControlOnceLoggedInAuthorizationStrategy.java","79","5","79","77","0","0","0","0","0","0","0","0","0","0","0","0","0","0","0","0","0","0","0","0","0","0","0","0"
"L54803","ANONYMOUS_READ","hudson.security.FullControlOnceLoggedInAuthorizationStrategy.ANONYMOUS_READ;Lhudson/security/SparseACL;","L54794","L103","C:\GIT\pris2\SourceMeter\Guille\jenkins-jenkins-2.328\core\src\main\java\hudson\security\FullControlOnceLoggedInAuthorizationStrategy.java","80","5","80","73","0","0","0","0","0","0","0","0","0","0","0","0","0","0","0","0","0","0","0","0","0","0","0","0"
"L54811","DESCRIPTOR","hudson.security.FullControlOnceLoggedInAuthorizationStrategy.DESCRIPTOR;Lhudson/model/Descriptor;","L54794","L103","C:\GIT\pris2\SourceMeter\Guille\jenkins-jenkins-2.328\core\src\main\java\hudson\security\FullControlOnceLoggedInAuthorizationStrategy.java","95","5","97","64","0","0","0","0","0","0","0","0","0","0","0","0","0","0","0","0","0","0","0","0","0","0","0","0"
"L54825","LOGGER","hudson.security.GlobalSecurityConfiguration.LOGGER;Ljava/util/logging/Logger;","L54817","L103","C:\GIT\pris2\SourceMeter\Guille\jenkins-jenkins-2.328\core\src\main\java\hudson\security\GlobalSecurityConfiguration.java","67","5","67","104","0","0","0","0","0","0","0","0","0","0","0","0","0","0","0","0","0","0","0","0","0","0","0","0"
"L22725","FILTER","hudson.security.GlobalSecurityConfiguration.FILTER;Ljava/util/function/Predicate;","L54817","L103","C:\GIT\pris2\SourceMeter\Guille\jenkins-jenkins-2.328\core\src\main\java\hudson\security\GlobalSecurityConfiguration.java","192","5","194","133","0","0","0","0","0","0","0","0","0","0","0","0","0","0","0","0","0","0","0","0","0","0","0","0"
"L54917","loginFormUrl","hudson.security.HudsonAuthenticationEntryPoint.loginFormUrl;Ljava/lang/String;","L54915","L103","C:\GIT\pris2\SourceMeter\Guille\jenkins-jenkins-2.328\core\src\main\java\hudson\security\HudsonAuthenticationEntryPoint.java","65","5","65","39","0","0","0","0","0","0","0","0","0","0","0","0","0","0","0","0","0","0","0","0","0","0","0","0"
"L54935","filter","hudson.security.HudsonFilter.filter;Ljavax/servlet/Filter;","L54932","L103","C:\GIT\pris2\SourceMeter\Guille\jenkins-jenkins-2.328\core\src\main\java\hudson\security\HudsonFilter.java","59","5","59","36","0","0","0","0","0","0","0","0","0","0","0","0","0","0","0","0","0","0","0","0","0","0","0","0"
"L54937","filterConfig","hudson.security.HudsonFilter.filterConfig;Ljavax/servlet/FilterConfig;","L54932","L103","C:\GIT\pris2\SourceMeter\Guille\jenkins-jenkins-2.328\core\src\main\java\hudson\security\HudsonFilter.java","66","5","66","39","0","0","0","0","0","0","0","0","0","0","0","0","0","0","0","0","0","0","0","0","0","0","0","0"
"L54939","AUTHENTICATION_MANAGER","hudson.security.HudsonFilter.AUTHENTICATION_MANAGER;Lhudson/security/AuthenticationManagerProxy;","L54932","L103","C:\GIT\pris2\SourceMeter\Guille\jenkins-jenkins-2.328\core\src\main\java\hudson\security\HudsonFilter.java","76","5","77","110","0","0","0","0","0","0","0","0","0","0","0","0","0","0","0","0","0","0","0","0","0","0","0","0"
"L54943","USER_DETAILS_SERVICE_PROXY","hudson.security.HudsonFilter.USER_DETAILS_SERVICE_PROXY;Lhudson/security/UserDetailsServiceProxy;","L54932","L103","C:\GIT\pris2\SourceMeter\Guille\jenkins-jenkins-2.328\core\src\main\java\hudson\security\HudsonFilter.java","87","5","88","108","0","0","0","0","0","0","0","0","0","0","0","0","0","0","0","0","0","0","0","0","0","0","0","0"
"L54948","REMEMBER_ME_SERVICES_PROXY","hudson.security.HudsonFilter.REMEMBER_ME_SERVICES_PROXY;Lhudson/security/RememberMeServicesProxy;","L54932","L103","C:\GIT\pris2\SourceMeter\Guille\jenkins-jenkins-2.328\core\src\main\java\hudson\security\HudsonFilter.java","98","5","99","108","0","0","0","0","0","0","0","0","0","0","0","0","0","0","0","0","0","0","0","0","0","0","0","0"
"L54958","LOGGER","hudson.security.HudsonFilter.LOGGER;Ljava/util/logging/Logger;","L54932","L103","C:\GIT\pris2\SourceMeter\Guille\jenkins-jenkins-2.328\core\src\main\java\hudson\security\HudsonFilter.java","183","5","183","89","0","0","0","0","0","0","0","0","0","0","0","0","0","0","0","0","0","0","0","0","0","0","0","0"
"L54993","ID_REGEX","hudson.security.HudsonPrivateSecurityRealm.ID_REGEX;Ljava/lang/String;","L25282","L103","C:\GIT\pris2\SourceMeter\Guille\jenkins-jenkins-2.328\core\src\main\java\hudson\security\HudsonPrivateSecurityRealm.java","108","5","108","131","0","0","0","0","0","0","0","0","0","0","0","0","0","0","0","0","0","0","0","0","0","0","0","0"
"L54994","DEFAULT_ID_REGEX","hudson.security.HudsonPrivateSecurityRealm.DEFAULT_ID_REGEX;Ljava/lang/String;","L25282","L103","C:\GIT\pris2\SourceMeter\Guille\jenkins-jenkins-2.328\core\src\main\java\hudson\security\HudsonPrivateSecurityRealm.java","115","5","115","64","0","0","0","0","0","0","0","0","0","0","0","0","0","0","0","0","0","0","0","0","0","0","0","0"
"L54996","disableSignup","hudson.security.HudsonPrivateSecurityRealm.disableSignup;Z","L25282","L103","C:\GIT\pris2\SourceMeter\Guille\jenkins-jenkins-2.328\core\src\main\java\hudson\security\HudsonPrivateSecurityRealm.java","122","5","122","41","0","0","0","0","0","0","0","0","0","0","0","0","0","0","0","0","0","0","0","0","0","0","0","0"
"L54998","enableCaptcha","hudson.security.HudsonPrivateSecurityRealm.enableCaptcha;Z","L25282","L103","C:\GIT\pris2\SourceMeter\Guille\jenkins-jenkins-2.328\core\src\main\java\hudson\security\HudsonPrivateSecurityRealm.java","127","5","127","41","0","0","0","0","0","0","0","0","0","0","0","0","0","0","0","0","0","0","0","0","0","0","0","0"
"L55043","FEDERATED_IDENTITY_SESSION_KEY","hudson.security.HudsonPrivateSecurityRealm.FEDERATED_IDENTITY_SESSION_KEY;Ljava/lang/String;","L25282","L103","C:\GIT\pris2\SourceMeter\Guille\jenkins-jenkins-2.328\core\src\main\java\hudson\security\HudsonPrivateSecurityRealm.java","245","5","245","132","0","0","0","0","0","0","0","0","0","0","0","0","0","0","0","0","0","0","0","0","0","0","0","0"
"L55188","TEST_AUTHORITY","hudson.security.HudsonPrivateSecurityRealm.TEST_AUTHORITY;Ljava/util/Collection;","L25282","L103","C:\GIT\pris2\SourceMeter\Guille\jenkins-jenkins-2.328\core\src\main\java\hudson\security\HudsonPrivateSecurityRealm.java","581","5","581","130","0","0","0","0","0","0","0","0","0","0","0","0","0","0","0","0","0","0","0","0","0","0","0","0"
"L55314","JBCRYPT_ENCODER","hudson.security.HudsonPrivateSecurityRealm.JBCRYPT_ENCODER;Lhudson/security/HudsonPrivateSecurityRealm$JBCryptEncoder;","L25282","L103","C:\GIT\pris2\SourceMeter\Guille\jenkins-jenkins-2.328\core\src\main\java\hudson\security\HudsonPrivateSecurityRealm.java","918","19","918","86","0","0","0","0","0","0","0","0","0","0","0","0","0","0","0","0","0","0","0","0","0","0","0","0"
"L55168","PASSWORD_ENCODER","hudson.security.HudsonPrivateSecurityRealm.PASSWORD_ENCODER;Lhudson/security/HudsonPrivateSecurityRealm$MultiPasswordEncoder;","L25282","L103","C:\GIT\pris2\SourceMeter\Guille\jenkins-jenkins-2.328\core\src\main\java\hudson\security\HudsonPrivateSecurityRealm.java","963","5","963","92","0","0","0","0","0","0","0","0","0","0","0","0","0","0","0","0","0","0","0","0","0","0","0","0"
"L55011","CREATE_FIRST_USER_FILTER","hudson.security.HudsonPrivateSecurityRealm.CREATE_FIRST_USER_FILTER;Ljavax/servlet/Filter;","L25282","L103","C:\GIT\pris2\SourceMeter\Guille\jenkins-jenkins-2.328\core\src\main\java\hudson\security\HudsonPrivateSecurityRealm.java","980","5","1009","7","0","0","0","0","0","0","0","0","0","0","0","0","0","0","0","0","0","0","0","0","0","0","0","0"
"L55153","LOGGER","hudson.security.HudsonPrivateSecurityRealm.LOGGER;Ljava/util/logging/Logger;","L25282","L103","C:\GIT\pris2\SourceMeter\Guille\jenkins-jenkins-2.328\core\src\main\java\hudson\security\HudsonPrivateSecurityRealm.java","1011","5","1011","103","0","0","0","0","0","0","0","0","0","0","0","0","0","0","0","0","0","0","0","0","0","0","0","0"
"L55359","LEGACY_ACL","hudson.security.LegacyAuthorizationStrategy.LEGACY_ACL;Lhudson/security/ACL;","L55357","L103","C:\GIT\pris2\SourceMeter\Guille\jenkins-jenkins-2.328\core\src\main\java\hudson\security\LegacyAuthorizationStrategy.java","41","5","44","8","0","0","0","0","0","0","0","0","0","0","0","0","0","0","0","0","0","0","0","0","0","0","0","0"
"L55394","DESCRIPTOR","hudson.security.LegacySecurityRealm.DESCRIPTOR;Lhudson/model/Descriptor;","L55376","L103","C:\GIT\pris2\SourceMeter\Guille\jenkins-jenkins-2.328\core\src\main\java\hudson\security\LegacySecurityRealm.java","98","5","100","73","0","0","0","0","0","0","0","0","0","0","0","0","0","0","0","0","0","0","0","0","0","0","0","0"
"L55411","ID_COMPARATOR","hudson.security.Permission.ID_COMPARATOR;Ljava/util/Comparator;","L3632","L103","C:\GIT\pris2\SourceMeter\Guille\jenkins-jenkins-2.328\core\src\main\java\hudson\security\Permission.java","55","5","55","104","0","0","0","0","0","0","0","0","0","0","0","0","0","0","0","0","0","0","0","0","0","0","0","0"
"L55416","owner","hudson.security.Permission.owner;Ljava/lang/Class;","L3632","L103","C:\GIT\pris2\SourceMeter\Guille\jenkins-jenkins-2.328\core\src\main\java\hudson\security\Permission.java","57","5","57","39","0","0","0","0","0","0","0","0","0","0","0","0","0","0","0","0","0","0","0","0","0","0","0","0"
"L53939","group","hudson.security.Permission.group;Lhudson/security/PermissionGroup;","L3632","L103","C:\GIT\pris2\SourceMeter\Guille\jenkins-jenkins-2.328\core\src\main\java\hudson\security\Permission.java","59","5","59","49","0","0","0","0","0","0","0","0","0","0","0","0","0","0","0","0","0","0","0","0","0","0","0","0"
"L55417","id","hudson.security.Permission.id;Ljava/lang/String;","L3632","L103","C:\GIT\pris2\SourceMeter\Guille\jenkins-jenkins-2.328\core\src\main\java\hudson\security\Permission.java","62","5","62","43","0","0","0","0","0","0","0","0","0","0","0","0","0","0","0","0","0","0","0","0","0","0","0","0"
"L26662","name","hudson.security.Permission.name;Ljava/lang/String;","L3632","L103","C:\GIT\pris2\SourceMeter\Guille\jenkins-jenkins-2.328\core\src\main\java\hudson\security\Permission.java","73","5","73","39","0","0","0","0","0","0","0","0","0","0","0","0","0","0","0","0","0","0","0","0","0","0","0","0"
"L55420","description","hudson.security.Permission.description;LLocalizable;","L3632","L103","C:\GIT\pris2\SourceMeter\Guille\jenkins-jenkins-2.328\core\src\main\java\hudson\security\Permission.java","83","5","83","56","0","0","0","0","0","0","0","0","0","0","0","0","0","0","0","0","0","0","0","0","0","0","0","0"
"L53978","impliedBy","hudson.security.Permission.impliedBy;Lhudson/security/Permission;","L3632","L103","C:\GIT\pris2\SourceMeter\Guille\jenkins-jenkins-2.328\core\src\main\java\hudson\security\Permission.java","98","5","98","53","0","0","0","0","0","0","0","0","0","0","0","0","0","0","0","0","0","0","0","0","0","0","0","0"
"L5088","enabled","hudson.security.Permission.enabled;Z","L3632","L103","C:\GIT\pris2\SourceMeter\Guille\jenkins-jenkins-2.328\core\src\main\java\hudson\security\Permission.java","110","5","110","28","0","0","0","0","0","0","0","0","0","0","0","0","0","0","0","0","0","0","0","0","0","0","0","0"
"L55424","scopes","hudson.security.Permission.scopes;Ljava/util/Set;","L3632","L103","C:\GIT\pris2\SourceMeter\Guille\jenkins-jenkins-2.328\core\src\main\java\hudson\security\Permission.java","115","5","115","56","0","0","0","0","0","0","0","0","0","0","0","0","0","0","0","0","0","0","0","0","0","0","0","0"
"L55446","ALL","hudson.security.Permission.ALL;Ljava/util/List;","L3632","L103","C:\GIT\pris2\SourceMeter\Guille\jenkins-jenkins-2.328\core\src\main\java\hudson\security\Permission.java","280","5","280","78","0","0","0","0","0","0","0","0","0","0","0","0","0","0","0","0","0","0","0","0","0","0","0","0"
"L55500","ALL_VIEW","hudson.security.Permission.ALL_VIEW;Ljava/util/List;","L3632","L103","C:\GIT\pris2\SourceMeter\Guille\jenkins-jenkins-2.328\core\src\main\java\hudson\security\Permission.java","282","5","282","88","0","0","0","0","0","0","0","0","0","0","0","0","0","0","0","0","0","0","0","0","0","0","0","0"
"L55506","HUDSON_PERMISSIONS","hudson.security.Permission.HUDSON_PERMISSIONS;Lhudson/security/PermissionGroup;","L3632","L103","C:\GIT\pris2\SourceMeter\Guille\jenkins-jenkins-2.328\core\src\main\java\hudson\security\Permission.java","296","5","297","147","0","0","0","0","0","0","0","0","0","0","0","0","0","0","0","0","0","0","0","0","0","0","0","0"
"L55513","HUDSON_ADMINISTER","hudson.security.Permission.HUDSON_ADMINISTER;Lhudson/security/Permission;","L3632","L103","C:\GIT\pris2\SourceMeter\Guille\jenkins-jenkins-2.328\core\src\main\java\hudson\security\Permission.java","307","5","308","177","0","0","0","0","0","0","0","0","0","0","0","0","0","0","0","0","0","0","0","0","0","0","0","0"
"L55516","GROUP","hudson.security.Permission.GROUP;Lhudson/security/PermissionGroup;","L3632","L103","C:\GIT\pris2\SourceMeter\Guille\jenkins-jenkins-2.328\core\src\main\java\hudson\security\Permission.java","318","5","318","129","0","0","0","0","0","0","0","0","0","0","0","0","0","0","0","0","0","0","0","0","0","0","0","0"
"L55524","FULL_CONTROL","hudson.security.Permission.FULL_CONTROL;Lhudson/security/Permission;","L3632","L103","C:\GIT\pris2\SourceMeter\Guille\jenkins-jenkins-2.328\core\src\main\java\hudson\security\Permission.java","327","5","328","113","0","0","0","0","0","0","0","0","0","0","0","0","0","0","0","0","0","0","0","0","0","0","0","0"
"L32685","READ","hudson.security.Permission.READ;Lhudson/security/Permission;","L3632","L103","C:\GIT\pris2\SourceMeter\Guille\jenkins-jenkins-2.328\core\src\main\java\hudson\security\Permission.java","333","5","333","105","0","0","0","0","0","0","0","0","0","0","0","0","0","0","0","0","0","0","0","0","0","0","0","0"
"L29726","WRITE","hudson.security.Permission.WRITE;Lhudson/security/Permission;","L3632","L103","C:\GIT\pris2\SourceMeter\Guille\jenkins-jenkins-2.328\core\src\main\java\hudson\security\Permission.java","338","5","338","107","0","0","0","0","0","0","0","0","0","0","0","0","0","0","0","0","0","0","0","0","0","0","0","0"
"L29721","CREATE","hudson.security.Permission.CREATE;Lhudson/security/Permission;","L3632","L103","C:\GIT\pris2\SourceMeter\Guille\jenkins-jenkins-2.328\core\src\main\java\hudson\security\Permission.java","343","5","343","97","0","0","0","0","0","0","0","0","0","0","0","0","0","0","0","0","0","0","0","0","0","0","0","0"
"L32689","UPDATE","hudson.security.Permission.UPDATE;Lhudson/security/Permission;","L3632","L103","C:\GIT\pris2\SourceMeter\Guille\jenkins-jenkins-2.328\core\src\main\java\hudson\security\Permission.java","348","5","348","97","0","0","0","0","0","0","0","0","0","0","0","0","0","0","0","0","0","0","0","0","0","0","0","0"
"L29719","DELETE","hudson.security.Permission.DELETE;Lhudson/security/Permission;","L3632","L103","C:\GIT\pris2\SourceMeter\Guille\jenkins-jenkins-2.328\core\src\main\java\hudson\security\Permission.java","353","5","353","97","0","0","0","0","0","0","0","0","0","0","0","0","0","0","0","0","0","0","0","0","0","0","0","0"
"L29711","CONFIGURE","hudson.security.Permission.CONFIGURE;Lhudson/security/Permission;","L3632","L103","C:\GIT\pris2\SourceMeter\Guille\jenkins-jenkins-2.328\core\src\main\java\hudson\security\Permission.java","358","5","358","104","0","0","0","0","0","0","0","0","0","0","0","0","0","0","0","0","0","0","0","0","0","0","0","0"
"L55547","permissions","hudson.security.PermissionGroup.permissions;Ljava/util/SortedSet;","L29707","L103","C:\GIT\pris2\SourceMeter\Guille\jenkins-jenkins-2.328\core\src\main\java\hudson\security\PermissionGroup.java","44","5","44","95","0","0","0","0","0","0","0","0","0","0","0","0","0","0","0","0","0","0","0","0","0","0","0","0"
"L55439","owner","hudson.security.PermissionGroup.owner;Ljava/lang/Class;","L29707","L103","C:\GIT\pris2\SourceMeter\Guille\jenkins-jenkins-2.328\core\src\main\java\hudson\security\PermissionGroup.java","46","5","47","30","0","0","0","0","0","0","0","0","0","0","0","0","0","0","0","0","0","0","0","0","0","0","0","0"
"L32861","title","hudson.security.PermissionGroup.title;LLocalizable;","L29707","L103","C:\GIT\pris2\SourceMeter\Guille\jenkins-jenkins-2.328\core\src\main\java\hudson\security\PermissionGroup.java","53","5","53","36","0","0","0","0","0","0","0","0","0","0","0","0","0","0","0","0","0","0","0","0","0","0","0","0"
"L55556","id","hudson.security.PermissionGroup.id;Ljava/lang/String;","L29707","L103","C:\GIT\pris2\SourceMeter\Guille\jenkins-jenkins-2.328\core\src\main\java\hudson\security\PermissionGroup.java","55","5","55","29","0","0","0","0","0","0","0","0","0","0","0","0","0","0","0","0","0","0","0","0","0","0","0","0"
"L55602","PERMISSIONS","hudson.security.PermissionGroup.PERMISSIONS;Ljava/util/SortedSet;","L29707","L103","C:\GIT\pris2\SourceMeter\Guille\jenkins-jenkins-2.328\core\src\main\java\hudson\security\PermissionGroup.java","194","5","194","83","0","0","0","0","0","0","0","0","0","0","0","0","0","0","0","0","0","0","0","0","0","0","0","0"
"L55622","modelClass","hudson.security.PermissionScope.modelClass;Ljava/lang/Class;","L29716","L103","C:\GIT\pris2\SourceMeter\Guille\jenkins-jenkins-2.328\core\src\main\java\hudson\security\PermissionScope.java","63","5","63","58","0","0","0","0","0","0","0","0","0","0","0","0","0","0","0","0","0","0","0","0","0","0","0","0"
"L55627","containers","hudson.security.PermissionScope.containers;Ljava/util/Set;","L29716","L103","C:\GIT\pris2\SourceMeter\Guille\jenkins-jenkins-2.328\core\src\main\java\hudson\security\PermissionScope.java","70","5","70","51","0","0","0","0","0","0","0","0","0","0","0","0","0","0","0","0","0","0","0","0","0","0","0","0"
"L29723","JENKINS","hudson.security.PermissionScope.JENKINS;Lhudson/security/PermissionScope;","L29716","L103","C:\GIT\pris2\SourceMeter\Guille\jenkins-jenkins-2.328\core\src\main\java\hudson\security\PermissionScope.java","99","5","99","86","0","0","0","0","0","0","0","0","0","0","0","0","0","0","0","0","0","0","0","0","0","0","0","0"
"L32681","ITEM_GROUP","hudson.security.PermissionScope.ITEM_GROUP;Lhudson/security/PermissionScope;","L29716","L103","C:\GIT\pris2\SourceMeter\Guille\jenkins-jenkins-2.328\core\src\main\java\hudson\security\PermissionScope.java","104","5","104","100","0","0","0","0","0","0","0","0","0","0","0","0","0","0","0","0","0","0","0","0","0","0","0","0"
"L32683","ITEM","hudson.security.PermissionScope.ITEM;Lhudson/security/PermissionScope;","L29716","L103","C:\GIT\pris2\SourceMeter\Guille\jenkins-jenkins-2.328\core\src\main\java\hudson\security\PermissionScope.java","109","5","109","92","0","0","0","0","0","0","0","0","0","0","0","0","0","0","0","0","0","0","0","0","0","0","0","0"
"L40053","RUN","hudson.security.PermissionScope.RUN;Lhudson/security/PermissionScope;","L29716","L103","C:\GIT\pris2\SourceMeter\Guille\jenkins-jenkins-2.328\core\src\main\java\hudson\security\PermissionScope.java","114","5","114","84","0","0","0","0","0","0","0","0","0","0","0","0","0","0","0","0","0","0","0","0","0","0","0","0"
"L29713","COMPUTER","hudson.security.PermissionScope.COMPUTER;Lhudson/security/PermissionScope;","L29716","L103","C:\GIT\pris2\SourceMeter\Guille\jenkins-jenkins-2.328\core\src\main\java\hudson\security\PermissionScope.java","119","5","119","97","0","0","0","0","0","0","0","0","0","0","0","0","0","0","0","0","0","0","0","0","0","0","0","0"
"L55646","delegate","hudson.security.RememberMeServicesProxy.delegate;LRememberMeServices;","L54950","L103","C:\GIT\pris2\SourceMeter\Guille\jenkins-jenkins-2.328\core\src\main\java\hudson\security\RememberMeServicesProxy.java","52","5","52","50","0","0","0","0","0","0","0","0","0","0","0","0","0","0","0","0","0","0","0","0","0","0","0","0"
"L55667","UNSECURED","hudson.security.SecurityMode.UNSECURED;Lhudson/security/SecurityMode;","L55659","L103","C:\GIT\pris2\SourceMeter\Guille\jenkins-jenkins-2.328\core\src\main\java\hudson\security\SecurityMode.java","36","5","36","14","0","0","0","0","0","0","0","0","0","0","0","0","0","0","0","0","0","0","0","0","0","0","0","0"
"L55669","LEGACY","hudson.security.SecurityMode.LEGACY;Lhudson/security/SecurityMode;","L55659","L103","C:\GIT\pris2\SourceMeter\Guille\jenkins-jenkins-2.328\core\src\main\java\hudson\security\SecurityMode.java","47","5","47","11","0","0","0","0","0","0","0","0","0","0","0","0","0","0","0","0","0","0","0","0","0","0","0","0"
"L55671","SECURED","hudson.security.SecurityMode.SECURED;Lhudson/security/SecurityMode;","L55659","L103","C:\GIT\pris2\SourceMeter\Guille\jenkins-jenkins-2.328\core\src\main\java\hudson\security\SecurityMode.java","51","5","51","12","0","0","0","0","0","0","0","0","0","0","0","0","0","0","0","0","0","0","0","0","0","0","0","0"
"L55681","captchaSupport","hudson.security.SecurityRealm.captchaSupport;Lhudson/security/captcha/CaptchaSupport;","L22536","L103","C:\GIT\pris2\SourceMeter\Guille\jenkins-jenkins-2.328\core\src\main\java\hudson\security\SecurityRealm.java","149","5","149","43","0","0","0","0","0","0","0","0","0","0","0","0","0","0","0","0","0","0","0","0","0","0","0","0"
"L55705","insideGetPostLogOutUrl","hudson.security.SecurityRealm.insideGetPostLogOutUrl;Ljava/lang/ThreadLocal;","L22536","L103","C:\GIT\pris2\SourceMeter\Guille\jenkins-jenkins-2.328\core\src\main\java\hudson\security\SecurityRealm.java","291","5","291","109","0","0","0","0","0","0","0","0","0","0","0","0","0","0","0","0","0","0","0","0","0","0","0","0"
"L55775","securityComponents","hudson.security.SecurityRealm.securityComponents;Lhudson/security/SecurityRealm$SecurityComponents;","L22536","L103","C:\GIT\pris2\SourceMeter\Guille\jenkins-jenkins-2.328\core\src\main\java\hudson\security\SecurityRealm.java","548","5","548","61","0","0","0","0","0","0","0","0","0","0","0","0","0","0","0","0","0","0","0","0","0","0","0","0"
"L46645","NO_AUTHENTICATION","hudson.security.SecurityRealm.NO_AUTHENTICATION;Lhudson/security/SecurityRealm;","L22536","L103","C:\GIT\pris2\SourceMeter\Guille\jenkins-jenkins-2.328\core\src\main\java\hudson\security\SecurityRealm.java","630","5","630","70","0","0","0","0","0","0","0","0","0","0","0","0","0","0","0","0","0","0","0","0","0","0","0","0"
"L55917","LIST","hudson.security.SecurityRealm.LIST;Lhudson/util/DescriptorList;","L22536","L103","C:\GIT\pris2\SourceMeter\Guille\jenkins-jenkins-2.328\core\src\main\java\hudson\security\SecurityRealm.java","841","5","842","104","0","0","0","0","0","0","0","0","0","0","0","0","0","0","0","0","0","0","0","0","0","0","0","0"
"L55740","LOGGER","hudson.security.SecurityRealm.LOGGER;Ljava/util/logging/Logger;","L22536","L103","C:\GIT\pris2\SourceMeter\Guille\jenkins-jenkins-2.328\core\src\main\java\hudson\security\SecurityRealm.java","852","5","852","90","0","0","0","0","0","0","0","0","0","0","0","0","0","0","0","0","0","0","0","0","0","0","0","0"
"L43078","AUTHENTICATED_AUTHORITY2","hudson.security.SecurityRealm.AUTHENTICATED_AUTHORITY2;LGrantedAuthority;","L22536","L103","C:\GIT\pris2\SourceMeter\Guille\jenkins-jenkins-2.328\core\src\main\java\hudson\security\SecurityRealm.java","859","5","859","113","0","0","0","0","0","0","0","0","0","0","0","0","0","0","0","0","0","0","0","0","0","0","0","0"
"L55927","AUTHENTICATED_AUTHORITY","hudson.security.SecurityRealm.AUTHENTICATED_AUTHORITY;Lorg/acegisecurity/GrantedAuthority;","L22536","L103","C:\GIT\pris2\SourceMeter\Guille\jenkins-jenkins-2.328\core\src\main\java\hudson\security\SecurityRealm.java","864","5","865","146","0","0","0","0","0","0","0","0","0","0","0","0","0","0","0","0","0","0","0","0","0","0","0","0"
"L55937","LOGGER","hudson.security.SidACL.LOGGER;Ljava/util/logging/Logger;","L46555","L103","C:\GIT\pris2\SourceMeter\Guille\jenkins-jenkins-2.328\core\src\main\java\hudson\security\SidACL.java","153","5","153","83","0","0","0","0","0","0","0","0","0","0","0","0","0","0","0","0","0","0","0","0","0","0","0","0"
"L55979","entries","hudson.security.SparseACL.entries;Ljava/util/List;","L47884","L103","C:\GIT\pris2\SourceMeter\Guille\jenkins-jenkins-2.328\core\src\main\java\hudson\security\SparseACL.java","55","5","55","59","0","0","0","0","0","0","0","0","0","0","0","0","0","0","0","0","0","0","0","0","0","0","0","0"
"L55988","parent","hudson.security.SparseACL.parent;Lhudson/security/ACL;","L47884","L103","C:\GIT\pris2\SourceMeter\Guille\jenkins-jenkins-2.328\core\src\main\java\hudson\security\SparseACL.java","59","5","59","24","0","0","0","0","0","0","0","0","0","0","0","0","0","0","0","0","0","0","0","0","0","0","0","0"
"L56003","LOGGER","hudson.security.SparseACL.LOGGER;Ljava/util/logging/Logger;","L47884","L103","C:\GIT\pris2\SourceMeter\Guille\jenkins-jenkins-2.328\core\src\main\java\hudson\security\SparseACL.java","101","5","101","86","0","0","0","0","0","0","0","0","0","0","0","0","0","0","0","0","0","0","0","0","0","0","0","0"
"L56011","LOGGER","hudson.security.TokenBasedRememberMeServices2.LOGGER;Ljava/util/logging/Logger;","L55912","L103","C:\GIT\pris2\SourceMeter\Guille\jenkins-jenkins-2.328\core\src\main\java\hudson\security\TokenBasedRememberMeServices2.java","65","5","65","106","0","0","0","0","0","0","0","0","0","0","0","0","0","0","0","0","0","0","0","0","0","0","0","0"
"L56012","SKIP_TOO_FAR_EXPIRATION_DATE_CHECK","hudson.security.TokenBasedRememberMeServices2.SKIP_TOO_FAR_EXPIRATION_DATE_CHECK;Z","L55912","L103","C:\GIT\pris2\SourceMeter\Guille\jenkins-jenkins-2.328\core\src\main\java\hudson\security\TokenBasedRememberMeServices2.java","70","5","72","123","0","0","0","0","0","0","0","0","0","0","0","0","0","0","0","0","0","0","0","0","0","0","0","0"
"L56022","MAC","hudson.security.TokenBasedRememberMeServices2.MAC;Ljenkins/security/HMACConfidentialKey;","L55912","L103","C:\GIT\pris2\SourceMeter\Guille\jenkins-jenkins-2.328\core\src\main\java\hudson\security\TokenBasedRememberMeServices2.java","226","5","226","119","0","0","0","0","0","0","0","0","0","0","0","0","0","0","0","0","0","0","0","0","0","0","0","0"
"L56058","delegate","hudson.security.UserDetailsServiceProxy.delegate;LUserDetailsService;","L54945","L103","C:\GIT\pris2\SourceMeter\Guille\jenkins-jenkins-2.328\core\src\main\java\hudson\security\UserDetailsServiceProxy.java","40","5","40","50","0","0","0","0","0","0","0","0","0","0","0","0","0","0","0","0","0","0","0","0","0","0","0","0"
"L56093","dangerousHeaders","hudson.security.WhoAmI.dangerousHeaders;Ljava/util/Set;","L56090","L103","C:\GIT\pris2\SourceMeter\Guille\jenkins-jenkins-2.328\core\src\main\java\hudson\security\WhoAmI.java","34","5","38","9","0","0","0","0","0","0","0","0","0","0","0","0","0","0","0","0","0","0","0","0","0","0","0","0"
"L56115","r","hudson.security.AccessDeniedException3Test.r;LJenkinsRule;","L56113","L103","C:\GIT\pris2\SourceMeter\Guille\jenkins-jenkins-2.328\test\src\test\java\hudson\security\AccessDeniedException3Test.java","49","5","50","46","0","0","0","0","0","0","0","0","0","0","0","0","0","0","0","0","0","0","0","0","0","0","0","0"
"L56131","r","hudson.security.ACLTest.r;LJenkinsRule;","L56129","L103","C:\GIT\pris2\SourceMeter\Guille\jenkins-jenkins-2.328\test\src\test\java\hudson\security\ACLTest.java","55","5","56","46","0","0","0","0","0","0","0","0","0","0","0","0","0","0","0","0","0","0","0","0","0","0","0","0"
"L56175","r","hudson.security.ExtendedReadPermissionTest.r;LJenkinsRule;","L56172","L103","C:\GIT\pris2\SourceMeter\Guille\jenkins-jenkins-2.328\test\src\test\java\hudson\security\ExtendedReadPermissionTest.java","26","5","26","52","0","0","0","0","0","0","0","0","0","0","0","0","0","0","0","0","0","0","0","0","0","0","0","0"
"L56176","enabled","hudson.security.ExtendedReadPermissionTest.enabled;Z","L56172","L103","C:\GIT\pris2\SourceMeter\Guille\jenkins-jenkins-2.328\test\src\test\java\hudson\security\ExtendedReadPermissionTest.java","28","5","28","36","0","0","0","0","0","0","0","0","0","0","0","0","0","0","0","0","0","0","0","0","0","0","0","0"
"L56190","j","hudson.security.HudsonPrivateSecurityRealmTest.j;LJenkinsRule;","L56188","L103","C:\GIT\pris2\SourceMeter\Guille\jenkins-jenkins-2.328\test\src\test\java\hudson\security\HudsonPrivateSecurityRealmTest.java","79","5","80","46","0","0","0","0","0","0","0","0","0","0","0","0","0","0","0","0","0","0","0","0","0","0","0","0"
"L56191","spySecurityListener","hudson.security.HudsonPrivateSecurityRealmTest.spySecurityListener;Lhudson/security/HudsonPrivateSecurityRealmTest$SpySecurityListenerImpl;","L56188","L103","C:\GIT\pris2\SourceMeter\Guille\jenkins-jenkins-2.328\test\src\test\java\hudson\security\HudsonPrivateSecurityRealmTest.java","82","5","82","57","0","0","0","0","0","0","0","0","0","0","0","0","0","0","0","0","0","0","0","0","0","0","0","0"
"L56293","j","hudson.security.LoginTest.j;LJenkinsRule;","L56290","L103","C:\GIT\pris2\SourceMeter\Guille\jenkins-jenkins-2.328\test\src\test\java\hudson\security\LoginTest.java","34","5","35","46","0","0","0","0","0","0","0","0","0","0","0","0","0","0","0","0","0","0","0","0","0","0","0","0"
"L56316","r","hudson.security.PermissionGroupTest.r;LJenkinsRule;","L56314","L103","C:\GIT\pris2\SourceMeter\Guille\jenkins-jenkins-2.328\test\src\test\java\hudson\security\PermissionGroupTest.java","40","5","40","52","0","0","0","0","0","0","0","0","0","0","0","0","0","0","0","0","0","0","0","0","0","0","0","0"
"L56327","SESSION_COOKIE_NAME","hudson.security.SecurityRealmSecurity2371Test.SESSION_COOKIE_NAME;Ljava/lang/String;","L56325","L103","C:\GIT\pris2\SourceMeter\Guille\jenkins-jenkins-2.328\test\src\test\java\hudson\security\SecurityRealmSecurity2371Test.java","48","5","48","67","0","0","0","0","0","0","0","0","0","0","0","0","0","0","0","0","0","0","0","0","0","0","0","0"
"L56328","USERNAME","hudson.security.SecurityRealmSecurity2371Test.USERNAME;Ljava/lang/String;","L56325","L103","C:\GIT\pris2\SourceMeter\Guille\jenkins-jenkins-2.328\test\src\test\java\hudson\security\SecurityRealmSecurity2371Test.java","49","5","49","51","0","0","0","0","0","0","0","0","0","0","0","0","0","0","0","0","0","0","0","0","0","0","0","0"
"L56329","mode","hudson.security.SecurityRealmSecurity2371Test.mode;Ljava/lang/Integer;","L56325","L103","C:\GIT\pris2\SourceMeter\Guille\jenkins-jenkins-2.328\test\src\test\java\hudson\security\SecurityRealmSecurity2371Test.java","51","5","51","32","0","0","0","0","0","0","0","0","0","0","0","0","0","0","0","0","0","0","0","0","0","0","0","0"
"L56330","j","hudson.security.SecurityRealmSecurity2371Test.j;LJenkinsRule;","L56325","L103","C:\GIT\pris2\SourceMeter\Guille\jenkins-jenkins-2.328\test\src\test\java\hudson\security\SecurityRealmSecurity2371Test.java","53","5","54","46","0","0","0","0","0","0","0","0","0","0","0","0","0","0","0","0","0","0","0","0","0","0","0","0"
"L56345","j","hudson.security.SecurityRealmTest.j;LJenkinsRule;","L56343","L103","C:\GIT\pris2\SourceMeter\Guille\jenkins-jenkins-2.328\test\src\test\java\hudson\security\SecurityRealmTest.java","56","5","57","46","0","0","0","0","0","0","0","0","0","0","0","0","0","0","0","0","0","0","0","0","0","0","0","0"
"L56392","j","hudson.security.TokenBasedRememberMeServices2Test.j;LJenkinsRule;","L56390","L103","C:\GIT\pris2\SourceMeter\Guille\jenkins-jenkins-2.328\test\src\test\java\hudson\security\TokenBasedRememberMeServices2Test.java","43","5","44","46","0","0","0","0","0","0","0","0","0","0","0","0","0","0","0","0","0","0","0","0","0","0","0","0"
"L56393","failureInduced","hudson.security.TokenBasedRememberMeServices2Test.failureInduced;Z","L56390","L103","C:\GIT\pris2\SourceMeter\Guille\jenkins-jenkins-2.328\test\src\test\java\hudson\security\TokenBasedRememberMeServices2Test.java","46","5","46","43","0","0","0","0","0","0","0","0","0","0","0","0","0","0","0","0","0","0","0","0","0","0","0","0"
"L56468","j","hudson.security.WhoAmITest.j;LJenkinsRule;","L56466","L103","C:\GIT\pris2\SourceMeter\Guille\jenkins-jenkins-2.328\test\src\test\java\hudson\security\WhoAmITest.java","57","5","58","52","0","0","0","0","0","0","0","0","0","0","0","0","0","0","0","0","0","0","0","0","0","0","0","0"
"L56579","instanceCap","hudson.slaves.AbstractCloudImpl.instanceCap;I","L56577","L103","C:\GIT\pris2\SourceMeter\Guille\jenkins-jenkins-2.328\core\src\main\java\hudson\slaves\AbstractCloudImpl.java","19","5","19","29","0","0","0","0","0","0","0","0","0","0","0","0","0","0","0","0","0","0","0","0","0","0","0","0"
"L56628","LOGGER","hudson.slaves.AbstractCloudSlave.LOGGER;Ljava/util/logging/Logger;","L56574","L103","C:\GIT\pris2\SourceMeter\Guille\jenkins-jenkins-2.328\core\src\main\java\hudson\slaves\AbstractCloudSlave.java","103","5","103","95","0","0","0","0","0","0","0","0","0","0","0","0","0","0","0","0","0","0","0","0","0","0","0","0"
"L56634","PING_TIMEOUT_SECONDS_DEFAULT","hudson.slaves.ChannelPinger.PING_TIMEOUT_SECONDS_DEFAULT;I","L56632","L103","C:\GIT\pris2\SourceMeter\Guille\jenkins-jenkins-2.328\core\src\main\java\hudson\slaves\ChannelPinger.java","57","5","57","60","0","0","0","0","0","0","0","0","0","0","0","0","0","0","0","0","0","0","0","0","0","0","0","0"
"L56635","PING_INTERVAL_SECONDS_DEFAULT","hudson.slaves.ChannelPinger.PING_INTERVAL_SECONDS_DEFAULT;I","L56632","L103","C:\GIT\pris2\SourceMeter\Guille\jenkins-jenkins-2.328\core\src\main\java\hudson\slaves\ChannelPinger.java","58","5","58","61","0","0","0","0","0","0","0","0","0","0","0","0","0","0","0","0","0","0","0","0","0","0","0","0"
"L56636","LOGGER","hudson.slaves.ChannelPinger.LOGGER;Ljava/util/logging/Logger;","L56632","L103","C:\GIT\pris2\SourceMeter\Guille\jenkins-jenkins-2.328\core\src\main\java\hudson\slaves\ChannelPinger.java","60","5","60","90","0","0","0","0","0","0","0","0","0","0","0","0","0","0","0","0","0","0","0","0","0","0","0","0"
"L56639","TIMEOUT_SECONDS_PROPERTY","hudson.slaves.ChannelPinger.TIMEOUT_SECONDS_PROPERTY;Ljava/lang/String;","L56632","L103","C:\GIT\pris2\SourceMeter\Guille\jenkins-jenkins-2.328\core\src\main\java\hudson\slaves\ChannelPinger.java","61","5","61","114","0","0","0","0","0","0","0","0","0","0","0","0","0","0","0","0","0","0","0","0","0","0","0","0"
"L56640","INTERVAL_MINUTES_PROPERTY_DEPRECATED","hudson.slaves.ChannelPinger.INTERVAL_MINUTES_PROPERTY_DEPRECATED;Ljava/lang/String;","L56632","L103","C:\GIT\pris2\SourceMeter\Guille\jenkins-jenkins-2.328\core\src\main\java\hudson\slaves\ChannelPinger.java","62","5","62","120","0","0","0","0","0","0","0","0","0","0","0","0","0","0","0","0","0","0","0","0","0","0","0","0"
"L56641","INTERVAL_SECONDS_PROPERTY","hudson.slaves.ChannelPinger.INTERVAL_SECONDS_PROPERTY;Ljava/lang/String;","L56632","L103","C:\GIT\pris2\SourceMeter\Guille\jenkins-jenkins-2.328\core\src\main\java\hudson\slaves\ChannelPinger.java","63","5","63","116","0","0","0","0","0","0","0","0","0","0","0","0","0","0","0","0","0","0","0","0","0","0","0","0"
"L56642","pingTimeoutSeconds","hudson.slaves.ChannelPinger.pingTimeoutSeconds;I","L56632","L103","C:\GIT\pris2\SourceMeter\Guille\jenkins-jenkins-2.328\core\src\main\java\hudson\slaves\ChannelPinger.java","68","5","68","137","0","0","0","0","0","0","0","0","0","0","0","0","0","0","0","0","0","0","0","0","0","0","0","0"
"L56648","pingIntervalSeconds","hudson.slaves.ChannelPinger.pingIntervalSeconds;I","L56632","L103","C:\GIT\pris2\SourceMeter\Guille\jenkins-jenkins-2.328\core\src\main\java\hudson\slaves\ChannelPinger.java","73","5","73","69","0","0","0","0","0","0","0","0","0","0","0","0","0","0","0","0","0","0","0","0","0","0","0","0"
"L56750","LOGGER","hudson.slaves.Channels.LOGGER;Ljava/util/logging/Logger;","L56724","L103","C:\GIT\pris2\SourceMeter\Guille\jenkins-jenkins-2.328\core\src\main\java\hudson\slaves\Channels.java","241","5","241","85","0","0","0","0","0","0","0","0","0","0","0","0","0","0","0","0","0","0","0","0","0","0","0","0"
"L47691","name","hudson.slaves.Cloud.name;Ljava/lang/String;","L23125","L103","C:\GIT\pris2\SourceMeter\Guille\jenkins-jenkins-2.328\core\src\main\java\hudson\slaves\Cloud.java","107","5","107","30","0","0","0","0","0","0","0","0","0","0","0","0","0","0","0","0","0","0","0","0","0","0","0","0"
"L56852","ALL","hudson.slaves.Cloud.ALL;Lhudson/util/DescriptorList;","L23125","L103","C:\GIT\pris2\SourceMeter\Guille\jenkins-jenkins-2.328\core\src\main\java\hudson\slaves\Cloud.java","244","5","245","87","0","0","0","0","0","0","0","0","0","0","0","0","0","0","0","0","0","0","0","0","0","0","0","0"
"L56861","PERMISSION_SCOPE","hudson.slaves.Cloud.PERMISSION_SCOPE;Lhudson/security/PermissionScope;","L23125","L103","C:\GIT\pris2\SourceMeter\Guille\jenkins-jenkins-2.328\core\src\main\java\hudson\slaves\Cloud.java","254","5","254","94","0","0","0","0","0","0","0","0","0","0","0","0","0","0","0","0","0","0","0","0","0","0","0","0"
"L56862","PROVISION","hudson.slaves.Cloud.PROVISION;Lhudson/security/Permission;","L23125","L103","C:\GIT\pris2\SourceMeter\Guille\jenkins-jenkins-2.328\core\src\main\java\hudson\slaves\Cloud.java","261","5","263","7","0","0","0","0","0","0","0","0","0","0","0","0","0","0","0","0","0","0","0","0","0","0","0","0"
"L56928","idleMinutes","hudson.slaves.CloudRetentionStrategy.idleMinutes;I","L56923","L103","C:\GIT\pris2\SourceMeter\Guille\jenkins-jenkins-2.328\core\src\main\java\hudson\slaves\CloudRetentionStrategy.java","46","5","46","29","0","0","0","0","0","0","0","0","0","0","0","0","0","0","0","0","0","0","0","0","0","0","0","0"
"L56940","LOGGER","hudson.slaves.CloudRetentionStrategy.LOGGER;Ljava/util/logging/Logger;","L56923","L103","C:\GIT\pris2\SourceMeter\Guille\jenkins-jenkins-2.328\core\src\main\java\hudson\slaves\CloudRetentionStrategy.java","78","5","78","99","0","0","0","0","0","0","0","0","0","0","0","0","0","0","0","0","0","0","0","0","0","0","0","0"
"L56937","disabled","hudson.slaves.CloudRetentionStrategy.disabled;Z","L56923","L103","C:\GIT\pris2\SourceMeter\Guille\jenkins-jenkins-2.328\core\src\main\java\hudson\slaves\CloudRetentionStrategy.java","80","5","81","120","0","0","0","0","0","0","0","0","0","0","0","0","0","0","0","0","0","0","0","0","0","0","0","0"
"L56974","TIMEOUT","hudson.slaves.CloudSlaveRetentionStrategy.TIMEOUT;J","L56947","L103","C:\GIT\pris2\SourceMeter\Guille\jenkins-jenkins-2.328\core\src\main\java\hudson\slaves\CloudSlaveRetentionStrategy.java","75","5","76","148","0","0","0","0","0","0","0","0","0","0","0","0","0","0","0","0","0","0","0","0","0","0","0","0"
"L56962","LOGGER","hudson.slaves.CloudSlaveRetentionStrategy.LOGGER;Ljava/util/logging/Logger;","L56947","L103","C:\GIT\pris2\SourceMeter\Guille\jenkins-jenkins-2.328\core\src\main\java\hudson\slaves\CloudSlaveRetentionStrategy.java","78","5","78","104","0","0","0","0","0","0","0","0","0","0","0","0","0","0","0","0","0","0","0","0","0","0","0","0"
"L57041","LIST","hudson.slaves.ComputerLauncher.LIST;Lhudson/util/DescriptorList;","L22588","L103","C:\GIT\pris2\SourceMeter\Guille\jenkins-jenkins-2.328\core\src\main\java\hudson\slaves\ComputerLauncher.java","171","5","172","110","0","0","0","0","0","0","0","0","0","0","0","0","0","0","0","0","0","0","0","0","0","0","0","0"
"L57053","core","hudson.slaves.ComputerLauncherFilter.core;Lhudson/slaves/ComputerLauncher;","L57051","L103","C:\GIT\pris2\SourceMeter\Guille\jenkins-jenkins-2.328\core\src\main\java\hudson\slaves\ComputerLauncherFilter.java","43","5","43","46","0","0","0","0","0","0","0","0","0","0","0","0","0","0","0","0","0","0","0","0","0","0","0","0"
"L57122","nextCheck","hudson.slaves.ComputerRetentionWork.nextCheck;Ljava/util/Map;","L57119","L103","C:\GIT\pris2\SourceMeter\Guille\jenkins-jenkins-2.328\core\src\main\java\hudson\slaves\ComputerRetentionWork.java","50","5","50","71","0","0","0","0","0","0","0","0","0","0","0","0","0","0","0","0","0","0","0","0","0","0","0","0"
"L57146","TIME_TILL_PING","hudson.slaves.ConnectionActivityMonitor.TIME_TILL_PING;J","L57139","L103","C:\GIT\pris2\SourceMeter\Guille\jenkins-jenkins-2.328\core\src\main\java\hudson\slaves\ConnectionActivityMonitor.java","95","5","95","162","0","0","0","0","0","0","0","0","0","0","0","0","0","0","0","0","0","0","0","0","0","0","0","0"
"L57159","FREQUENCY","hudson.slaves.ConnectionActivityMonitor.FREQUENCY;J","L57139","L103","C:\GIT\pris2\SourceMeter\Guille\jenkins-jenkins-2.328\core\src\main\java\hudson\slaves\ConnectionActivityMonitor.java","97","5","97","157","0","0","0","0","0","0","0","0","0","0","0","0","0","0","0","0","0","0","0","0","0","0","0","0"
"L57150","TIMEOUT","hudson.slaves.ConnectionActivityMonitor.TIMEOUT;J","L57139","L103","C:\GIT\pris2\SourceMeter\Guille\jenkins-jenkins-2.328\core\src\main\java\hudson\slaves\ConnectionActivityMonitor.java","102","5","102","155","0","0","0","0","0","0","0","0","0","0","0","0","0","0","0","0","0","0","0","0","0","0","0","0"
"L57144","enabled","hudson.slaves.ConnectionActivityMonitor.enabled;Z","L57139","L103","C:\GIT\pris2\SourceMeter\Guille\jenkins-jenkins-2.328\core\src\main\java\hudson\slaves\ConnectionActivityMonitor.java","106","5","106","114","0","0","0","0","0","0","0","0","0","0","0","0","0","0","0","0","0","0","0","0","0","0","0","0"
"L57156","PING_COMMAND","hudson.slaves.ConnectionActivityMonitor.PING_COMMAND;Lhudson/slaves/ConnectionActivityMonitor$PingCommand;","L57139","L103","C:\GIT\pris2\SourceMeter\Guille\jenkins-jenkins-2.328\core\src\main\java\hudson\slaves\ConnectionActivityMonitor.java","108","5","108","71","0","0","0","0","0","0","0","0","0","0","0","0","0","0","0","0","0","0","0","0","0","0","0","0"
"L57152","LOGGER","hudson.slaves.ConnectionActivityMonitor.LOGGER;Ljava/util/logging/Logger;","L57139","L103","C:\GIT\pris2\SourceMeter\Guille\jenkins-jenkins-2.328\core\src\main\java\hudson\slaves\ConnectionActivityMonitor.java","119","5","119","102","0","0","0","0","0","0","0","0","0","0","0","0","0","0","0","0","0","0","0","0","0","0","0","0"
"L57175","launcher","hudson.slaves.DelegatingComputerLauncher.launcher;Lhudson/slaves/ComputerLauncher;","L57173","L103","C:\GIT\pris2\SourceMeter\Guille\jenkins-jenkins-2.328\core\src\main\java\hudson\slaves\DelegatingComputerLauncher.java","52","5","52","41","0","0","0","0","0","0","0","0","0","0","0","0","0","0","0","0","0","0","0","0","0","0","0","0"
"L57231","envVars","hudson.slaves.EnvironmentVariablesNodeProperty.envVars;Lhudson/EnvVars;","L45057","L103","C:\GIT\pris2\SourceMeter\Guille\jenkins-jenkins-2.328\core\src\main\java\hudson\slaves\EnvironmentVariablesNodeProperty.java","55","5","55","35","0","0","0","0","0","0","0","0","0","0","0","0","0","0","0","0","0","0","0","0","0","0","0","0"
"L57277","tunnel","hudson.slaves.JNLPLauncher.tunnel;Ljava/lang/String;","L40475","L103","C:\GIT\pris2\SourceMeter\Guille\jenkins-jenkins-2.328\core\src\main\java\hudson\slaves\JNLPLauncher.java","66","5","67","32","0","0","0","0","0","0","0","0","0","0","0","0","0","0","0","0","0","0","0","0","0","0","0","0"
"L57279","vmargs","hudson.slaves.JNLPLauncher.vmargs;Ljava/lang/String;","L40475","L103","C:\GIT\pris2\SourceMeter\Guille\jenkins-jenkins-2.328\core\src\main\java\hudson\slaves\JNLPLauncher.java","73","5","74","32","0","0","0","0","0","0","0","0","0","0","0","0","0","0","0","0","0","0","0","0","0","0","0","0"
"L57281","workDirSettings","hudson.slaves.JNLPLauncher.workDirSettings;Ljenkins/slaves/RemotingWorkDirSettings;","L40475","L103","C:\GIT\pris2\SourceMeter\Guille\jenkins-jenkins-2.328\core\src\main\java\hudson\slaves\JNLPLauncher.java","76","5","77","100","0","0","0","0","0","0","0","0","0","0","0","0","0","0","0","0","0","0","0","0","0","0","0","0"
"L57287","webSocket","hudson.slaves.JNLPLauncher.webSocket;Z","L40475","L103","C:\GIT\pris2\SourceMeter\Guille\jenkins-jenkins-2.328\core\src\main\java\hudson\slaves\JNLPLauncher.java","79","5","79","31","0","0","0","0","0","0","0","0","0","0","0","0","0","0","0","0","0","0","0","0","0","0","0","0"
"L57288","CUSTOM_INBOUND_URL_PROPERTY","hudson.slaves.JNLPLauncher.CUSTOM_INBOUND_URL_PROPERTY;Ljava/lang/String;","L40475","L103","C:\GIT\pris2\SourceMeter\Guille\jenkins-jenkins-2.328\core\src\main\java\hudson\slaves\JNLPLauncher.java","84","5","86","89","0","0","0","0","0","0","0","0","0","0","0","0","0","0","0","0","0","0","0","0","0","0","0","0"
"L57324","DESCRIPTOR","hudson.slaves.JNLPLauncher.DESCRIPTOR;Lhudson/model/Descriptor;","L40475","L103","C:\GIT\pris2\SourceMeter\Guille\jenkins-jenkins-2.328\core\src\main\java\hudson\slaves\JNLPLauncher.java","185","5","186","76","0","0","0","0","0","0","0","0","0","0","0","0","0","0","0","0","0","0","0","0","0","0","0","0"
"L57372","ALL","hudson.slaves.NodeDescriptor.ALL;Lhudson/util/DescriptorList;","L29878","L103","C:\GIT\pris2\SourceMeter\Guille\jenkins-jenkins-2.328\core\src\main\java\hudson\slaves\NodeDescriptor.java","121","5","122","85","0","0","0","0","0","0","0","0","0","0","0","0","0","0","0","0","0","0","0","0","0","0","0","0"
"L57387","map","hudson.slaves.NodeList.map;Ljava/util/Map;","L57385","L103","C:\GIT\pris2\SourceMeter\Guille\jenkins-jenkins-2.328\core\src\main\java\hudson\slaves\NodeList.java","52","5","52","53","0","0","0","0","0","0","0","0","0","0","0","0","0","0","0","0","0","0","0","0","0","0","0","0"
"L57456","node","hudson.slaves.NodeProperty.node;Lhudson/model/Node;","L22671","L103","C:\GIT\pris2\SourceMeter\Guille\jenkins-jenkins-2.328\core\src\main\java\hudson\slaves\NodeProperty.java","81","5","81","32","0","0","0","0","0","0","0","0","0","0","0","0","0","0","0","0","0","0","0","0","0","0","0","0"
"L57523","stat","hudson.slaves.NodeProvisioner.stat;Lhudson/model/LoadStatistics;","L34012","L103","C:\GIT\pris2\SourceMeter\Guille\jenkins-jenkins-2.328\core\src\main\java\hudson\slaves\NodeProvisioner.java","130","5","130","39","0","0","0","0","0","0","0","0","0","0","0","0","0","0","0","0","0","0","0","0","0","0","0","0"
"L57525","label","hudson.slaves.NodeProvisioner.label;Lhudson/model/Label;","L34012","L103","C:\GIT\pris2\SourceMeter\Guille\jenkins-jenkins-2.328\core\src\main\java\hudson\slaves\NodeProvisioner.java","137","5","138","31","0","0","0","0","0","0","0","0","0","0","0","0","0","0","0","0","0","0","0","0","0","0","0","0"
"L57527","pendingLaunches","hudson.slaves.NodeProvisioner.pendingLaunches;Ljava/util/concurrent/atomic/AtomicReference;","L34012","L103","C:\GIT\pris2\SourceMeter\Guille\jenkins-jenkins-2.328\core\src\main\java\hudson\slaves\NodeProvisioner.java","140","5","141","56","0","0","0","0","0","0","0","0","0","0","0","0","0","0","0","0","0","0","0","0","0","0","0","0"
"L57531","provisioningLock","hudson.slaves.NodeProvisioner.provisioningLock;Ljava/util/concurrent/locks/Lock;","L34012","L103","C:\GIT\pris2\SourceMeter\Guille\jenkins-jenkins-2.328\core\src\main\java\hudson\slaves\NodeProvisioner.java","143","5","143","63","0","0","0","0","0","0","0","0","0","0","0","0","0","0","0","0","0","0","0","0","0","0","0","0"
"L57535","provisioningState","hudson.slaves.NodeProvisioner.provisioningState;Lhudson/slaves/NodeProvisioner$StrategyState;","L34012","L103","C:\GIT\pris2\SourceMeter\Guille\jenkins-jenkins-2.328\core\src\main\java\hudson\slaves\NodeProvisioner.java","145","5","146","52","0","0","0","0","0","0","0","0","0","0","0","0","0","0","0","0","0","0","0","0","0","0","0","0"
"L57539","lastSuggestedReview","hudson.slaves.NodeProvisioner.lastSuggestedReview;J","L34012","L103","C:\GIT\pris2\SourceMeter\Guille\jenkins-jenkins-2.328\core\src\main\java\hudson\slaves\NodeProvisioner.java","148","5","148","57","0","0","0","0","0","0","0","0","0","0","0","0","0","0","0","0","0","0","0","0","0","0","0","0"
"L57540","queuedReview","hudson.slaves.NodeProvisioner.queuedReview;Z","L34012","L103","C:\GIT\pris2\SourceMeter\Guille\jenkins-jenkins-2.328\core\src\main\java\hudson\slaves\NodeProvisioner.java","149","5","149","53","0","0","0","0","0","0","0","0","0","0","0","0","0","0","0","0","0","0","0","0","0","0","0","0"
"L57541","plannedCapacitiesEMA","hudson.slaves.NodeProvisioner.plannedCapacitiesEMA;Lhudson/model/MultiStageTimeSeries;","L34012","L103","C:\GIT\pris2\SourceMeter\Guille\jenkins-jenkins-2.328\core\src\main\java\hudson\slaves\NodeProvisioner.java","158","5","159","102","0","0","0","0","0","0","0","0","0","0","0","0","0","0","0","0","0","0","0","0","0","0","0","0"
"L57555","LOGGER","hudson.slaves.NodeProvisioner.LOGGER;Ljava/util/logging/Logger;","L34012","L103","C:\GIT\pris2\SourceMeter\Guille\jenkins-jenkins-2.328\core\src\main\java\hudson\slaves\NodeProvisioner.java","828","5","828","92","0","0","0","0","0","0","0","0","0","0","0","0","0","0","0","0","0","0","0","0","0","0","0","0"
"L57692","MARGIN","hudson.slaves.NodeProvisioner.MARGIN;F","L34012","L103","C:\GIT\pris2\SourceMeter\Guille\jenkins-jenkins-2.328\core\src\main\java\hudson\slaves\NodeProvisioner.java","829","5","829","125","0","0","0","0","0","0","0","0","0","0","0","0","0","0","0","0","0","0","0","0","0","0","0","0"
"L57711","MARGIN0","hudson.slaves.NodeProvisioner.MARGIN0;F","L34012","L103","C:\GIT\pris2\SourceMeter\Guille\jenkins-jenkins-2.328\core\src\main\java\hudson\slaves\NodeProvisioner.java","830","5","830","135","0","0","0","0","0","0","0","0","0","0","0","0","0","0","0","0","0","0","0","0","0","0","0","0"
"L57715","MARGIN_DECAY","hudson.slaves.NodeProvisioner.MARGIN_DECAY;F","L34012","L103","C:\GIT\pris2\SourceMeter\Guille\jenkins-jenkins-2.328\core\src\main\java\hudson\slaves\NodeProvisioner.java","831","5","831","127","0","0","0","0","0","0","0","0","0","0","0","0","0","0","0","0","0","0","0","0","0","0","0","0"
"L57654","TIME_SCALE","hudson.slaves.NodeProvisioner.TIME_SCALE;Lhudson/model/MultiStageTimeSeries$TimeScale;","L34012","L103","C:\GIT\pris2\SourceMeter\Guille\jenkins-jenkins-2.328\core\src\main\java\hudson\slaves\NodeProvisioner.java","834","5","834","65","0","0","0","0","0","0","0","0","0","0","0","0","0","0","0","0","0","0","0","0","0","0","0","0"
"L57764","timestamp","hudson.slaves.OfflineCause.timestamp;J","L4670","L103","C:\GIT\pris2\SourceMeter\Guille\jenkins-jenkins-2.328\core\src\main\java\hudson\slaves\OfflineCause.java","54","5","54","65","0","0","0","0","0","0","0","0","0","0","0","0","0","0","0","0","0","0","0","0","0","0","0","0"
"L57826","LIST","hudson.slaves.RetentionStrategy.LIST;Lhudson/util/DescriptorList;","L22600","L103","C:\GIT\pris2\SourceMeter\Guille\jenkins-jenkins-2.328\core\src\main\java\hudson\slaves\RetentionStrategy.java","119","5","120","143","0","0","0","0","0","0","0","0","0","0","0","0","0","0","0","0","0","0","0","0","0","0","0","0"
"L34796","NOOP","hudson.slaves.RetentionStrategy.NOOP;Lhudson/slaves/RetentionStrategy;","L22600","L103","C:\GIT\pris2\SourceMeter\Guille\jenkins-jenkins-2.328\core\src\main\java\hudson\slaves\RetentionStrategy.java","125","5","125","71","0","0","0","0","0","0","0","0","0","0","0","0","0","0","0","0","0","0","0","0","0","0","0","0"
"L40496","INSTANCE","hudson.slaves.RetentionStrategy.INSTANCE;Lhudson/slaves/RetentionStrategy$Always;","L22600","L103","C:\GIT\pris2\SourceMeter\Guille\jenkins-jenkins-2.328\core\src\main\java\hudson\slaves\RetentionStrategy.java","156","5","156","56","0","0","0","0","0","0","0","0","0","0","0","0","0","0","0","0","0","0","0","0","0","0","0","0"
"L57907","LOGGER","hudson.slaves.SimpleScheduledRetentionStrategy.LOGGER;Ljava/util/logging/Logger;","L57905","L103","C:\GIT\pris2\SourceMeter\Guille\jenkins-jenkins-2.328\core\src\main\java\hudson\slaves\SimpleScheduledRetentionStrategy.java","57","5","57","109","0","0","0","0","0","0","0","0","0","0","0","0","0","0","0","0","0","0","0","0","0","0","0","0"
"L57910","startTimeSpec","hudson.slaves.SimpleScheduledRetentionStrategy.startTimeSpec;Ljava/lang/String;","L57905","L103","C:\GIT\pris2\SourceMeter\Guille\jenkins-jenkins-2.328\core\src\main\java\hudson\slaves\SimpleScheduledRetentionStrategy.java","59","5","59","40","0","0","0","0","0","0","0","0","0","0","0","0","0","0","0","0","0","0","0","0","0","0","0","0"
"L57911","tabs","hudson.slaves.SimpleScheduledRetentionStrategy.tabs;Lhudson/scheduler/CronTabList;","L57905","L103","C:\GIT\pris2\SourceMeter\Guille\jenkins-jenkins-2.328\core\src\main\java\hudson\slaves\SimpleScheduledRetentionStrategy.java","60","5","60","40","0","0","0","0","0","0","0","0","0","0","0","0","0","0","0","0","0","0","0","0","0","0","0","0"
"L57912","lastChecked","hudson.slaves.SimpleScheduledRetentionStrategy.lastChecked;Ljava/util/Calendar;","L57905","L103","C:\GIT\pris2\SourceMeter\Guille\jenkins-jenkins-2.328\core\src\main\java\hudson\slaves\SimpleScheduledRetentionStrategy.java","61","5","61","44","0","0","0","0","0","0","0","0","0","0","0","0","0","0","0","0","0","0","0","0","0","0","0","0"
"L57913","nextStop","hudson.slaves.SimpleScheduledRetentionStrategy.nextStop;J","L57905","L103","C:\GIT\pris2\SourceMeter\Guille\jenkins-jenkins-2.328\core\src\main\java\hudson\slaves\SimpleScheduledRetentionStrategy.java","62","5","62","54","0","0","0","0","0","0","0","0","0","0","0","0","0","0","0","0","0","0","0","0","0","0","0","0"
"L57914","nextStart","hudson.slaves.SimpleScheduledRetentionStrategy.nextStart;J","L57905","L103","C:\GIT\pris2\SourceMeter\Guille\jenkins-jenkins-2.328\core\src\main\java\hudson\slaves\SimpleScheduledRetentionStrategy.java","63","5","63","55","0","0","0","0","0","0","0","0","0","0","0","0","0","0","0","0","0","0","0","0","0","0","0","0"
"L57915","lastStop","hudson.slaves.SimpleScheduledRetentionStrategy.lastStop;J","L57905","L103","C:\GIT\pris2\SourceMeter\Guille\jenkins-jenkins-2.328\core\src\main\java\hudson\slaves\SimpleScheduledRetentionStrategy.java","64","5","64","54","0","0","0","0","0","0","0","0","0","0","0","0","0","0","0","0","0","0","0","0","0","0","0","0"
"L57916","lastStart","hudson.slaves.SimpleScheduledRetentionStrategy.lastStart;J","L57905","L103","C:\GIT\pris2\SourceMeter\Guille\jenkins-jenkins-2.328\core\src\main\java\hudson\slaves\SimpleScheduledRetentionStrategy.java","65","5","65","55","0","0","0","0","0","0","0","0","0","0","0","0","0","0","0","0","0","0","0","0","0","0","0","0"
"L57917","upTimeMins","hudson.slaves.SimpleScheduledRetentionStrategy.upTimeMins;I","L57905","L103","C:\GIT\pris2\SourceMeter\Guille\jenkins-jenkins-2.328\core\src\main\java\hudson\slaves\SimpleScheduledRetentionStrategy.java","66","5","66","34","0","0","0","0","0","0","0","0","0","0","0","0","0","0","0","0","0","0","0","0","0","0","0","0"
"L57918","keepUpWhenActive","hudson.slaves.SimpleScheduledRetentionStrategy.keepUpWhenActive;Z","L57905","L103","C:\GIT\pris2\SourceMeter\Guille\jenkins-jenkins-2.328\core\src\main\java\hudson\slaves\SimpleScheduledRetentionStrategy.java","67","5","67","44","0","0","0","0","0","0","0","0","0","0","0","0","0","0","0","0","0","0","0","0","0","0","0","0"
"L57975","channel","hudson.slaves.SlaveComputer.channel;LChannel;","L18557","L103","C:\GIT\pris2\SourceMeter\Guille\jenkins-jenkins-2.328\core\src\main\java\hudson\slaves\SlaveComputer.java","112","5","112","38","0","0","0","0","0","0","0","0","0","0","0","0","0","0","0","0","0","0","0","0","0","0","0","0"
"L57976","acceptingTasks","hudson.slaves.SlaveComputer.acceptingTasks;Z","L18557","L103","C:\GIT\pris2\SourceMeter\Guille\jenkins-jenkins-2.328\core\src\main\java\hudson\slaves\SlaveComputer.java","113","5","113","62","0","0","0","0","0","0","0","0","0","0","0","0","0","0","0","0","0","0","0","0","0","0","0","0"
"L57977","defaultCharset","hudson.slaves.SlaveComputer.defaultCharset;Ljava/nio/charset/Charset;","L18557","L103","C:\GIT\pris2\SourceMeter\Guille\jenkins-jenkins-2.328\core\src\main\java\hudson\slaves\SlaveComputer.java","114","5","114","36","0","0","0","0","0","0","0","0","0","0","0","0","0","0","0","0","0","0","0","0","0","0","0","0"
"L57978","isUnix","hudson.slaves.SlaveComputer.isUnix;Ljava/lang/Boolean;","L18557","L103","C:\GIT\pris2\SourceMeter\Guille\jenkins-jenkins-2.328\core\src\main\java\hudson\slaves\SlaveComputer.java","115","5","115","28","0","0","0","0","0","0","0","0","0","0","0","0","0","0","0","0","0","0","0","0","0","0","0","0"
"L57979","launcher","hudson.slaves.SlaveComputer.launcher;Lhudson/slaves/ComputerLauncher;","L18557","L103","C:\GIT\pris2\SourceMeter\Guille\jenkins-jenkins-2.328\core\src\main\java\hudson\slaves\SlaveComputer.java","124","5","124","39","0","0","0","0","0","0","0","0","0","0","0","0","0","0","0","0","0","0","0","0","0","0","0","0"
"L57981","log","hudson.slaves.SlaveComputer.log;Lhudson/util/io/RewindableFileOutputStream;","L18557","L103","C:\GIT\pris2\SourceMeter\Guille\jenkins-jenkins-2.328\core\src\main\java\hudson\slaves\SlaveComputer.java","129","5","129","50","0","0","0","0","0","0","0","0","0","0","0","0","0","0","0","0","0","0","0","0","0","0","0","0"
"L57983","taskListener","hudson.slaves.SlaveComputer.taskListener;Lhudson/model/TaskListener;","L18557","L103","C:\GIT\pris2\SourceMeter\Guille\jenkins-jenkins-2.328\core\src\main\java\hudson\slaves\SlaveComputer.java","134","5","134","45","0","0","0","0","0","0","0","0","0","0","0","0","0","0","0","0","0","0","0","0","0","0","0","0"
"L57985","numRetryAttempt","hudson.slaves.SlaveComputer.numRetryAttempt;I","L18557","L103","C:\GIT\pris2\SourceMeter\Guille\jenkins-jenkins-2.328\core\src\main\java\hudson\slaves\SlaveComputer.java","142","5","142","43","0","0","0","0","0","0","0","0","0","0","0","0","0","0","0","0","0","0","0","0","0","0","0","0"
"L57987","lastConnectActivity","hudson.slaves.SlaveComputer.lastConnectActivity;Ljava/util/concurrent/Future;","L18557","L103","C:\GIT\pris2\SourceMeter\Guille\jenkins-jenkins-2.328\core\src\main\java\hudson\slaves\SlaveComputer.java","148","5","148","59","0","0","0","0","0","0","0","0","0","0","0","0","0","0","0","0","0","0","0","0","0","0","0","0"
"L57989","constructed","hudson.slaves.SlaveComputer.constructed;Ljava/lang/Object;","L18557","L103","C:\GIT\pris2\SourceMeter\Guille\jenkins-jenkins-2.328\core\src\main\java\hudson\slaves\SlaveComputer.java","150","5","150","47","0","0","0","0","0","0","0","0","0","0","0","0","0","0","0","0","0","0","0","0","0","0","0","0"
"L57990","absoluteRemoteFs","hudson.slaves.SlaveComputer.absoluteRemoteFs;Ljava/lang/String;","L18557","L103","C:\GIT\pris2\SourceMeter\Guille\jenkins-jenkins-2.328\core\src\main\java\hudson\slaves\SlaveComputer.java","152","5","152","56","0","0","0","0","0","0","0","0","0","0","0","0","0","0","0","0","0","0","0","0","0","0","0","0"
"L58055","channelLock","hudson.slaves.SlaveComputer.channelLock;Ljava/lang/Object;","L18557","L103","C:\GIT\pris2\SourceMeter\Guille\jenkins-jenkins-2.328\core\src\main\java\hudson\slaves\SlaveComputer.java","392","5","392","53","0","0","0","0","0","0","0","0","0","0","0","0","0","0","0","0","0","0","0","0","0","0","0","0"
"L58010","logger","hudson.slaves.SlaveComputer.logger;Ljava/util/logging/Logger;","L18557","L103","C:\GIT\pris2\SourceMeter\Guille\jenkins-jenkins-2.328\core\src\main\java\hudson\slaves\SlaveComputer.java","998","5","998","90","0","0","0","0","0","0","0","0","0","0","0","0","0","0","0","0","0","0","0","0","0","0","0","0"
"L58155","DEFAULT_RING_BUFFER_SIZE","hudson.slaves.SlaveComputer.DEFAULT_RING_BUFFER_SIZE;I","L18557","L103","C:\GIT\pris2\SourceMeter\Guille\jenkins-jenkins-2.328\core\src\main\java\hudson\slaves\SlaveComputer.java","1122","5","1122","145","0","0","0","0","0","0","0","0","0","0","0","0","0","0","0","0","0","0","0","0","0","0","0","0"
"L58000","LOGGER","hudson.slaves.SlaveComputer.LOGGER;Ljava/util/logging/Logger;","L18557","L103","C:\GIT\pris2\SourceMeter\Guille\jenkins-jenkins-2.328\core\src\main\java\hudson\slaves\SlaveComputer.java","1124","5","1124","90","0","0","0","0","0","0","0","0","0","0","0","0","0","0","0","0","0","0","0","0","0","0","0","0"
"L58335","inUse","hudson.slaves.WorkspaceList.inUse;Ljava/util/Map;","L25920","L103","C:\GIT\pris2\SourceMeter\Guille\jenkins-jenkins-2.328\core\src\main\java\hudson\slaves\WorkspaceList.java","162","5","162","62","0","0","0","0","0","0","0","0","0","0","0","0","0","0","0","0","0","0","0","0","0","0","0","0"
"L58358","LOGGER","hudson.slaves.WorkspaceList.LOGGER;Ljava/util/logging/Logger;","L25920","L103","C:\GIT\pris2\SourceMeter\Guille\jenkins-jenkins-2.328\core\src\main\java\hudson\slaves\WorkspaceList.java","316","5","316","90","0","0","0","0","0","0","0","0","0","0","0","0","0","0","0","0","0","0","0","0","0","0","0","0"
"L21070","COMBINATOR","hudson.slaves.WorkspaceList.COMBINATOR;Ljava/lang/String;","L25920","L103","C:\GIT\pris2\SourceMeter\Guille\jenkins-jenkins-2.328\core\src\main\java\hudson\slaves\WorkspaceList.java","322","5","322","108","0","0","0","0","0","0","0","0","0","0","0","0","0","0","0","0","0","0","0","0","0","0","0","0"
"L58399","mockChannel","hudson.slaves.ChannelPingerTest.mockChannel;LChannel;","L58397","L103","C:\GIT\pris2\SourceMeter\Guille\jenkins-jenkins-2.328\core\src\test\java\hudson\slaves\ChannelPingerTest.java","21","5","21","39","0","0","0","0","0","0","0","0","0","0","0","0","0","0","0","0","0","0","0","0","0","0","0","0"
"L58400","savedSystemProperties","hudson.slaves.ChannelPingerTest.savedSystemProperties;Ljava/util/Map;","L58397","L103","C:\GIT\pris2\SourceMeter\Guille\jenkins-jenkins-2.328\core\src\test\java\hudson\slaves\ChannelPingerTest.java","23","5","23","73","0","0","0","0","0","0","0","0","0","0","0","0","0","0","0","0","0","0","0","0","0","0","0","0"
"L58401","mocks","hudson.slaves.ChannelPingerTest.mocks;Ljava/lang/AutoCloseable;","L58397","L103","C:\GIT\pris2\SourceMeter\Guille\jenkins-jenkins-2.328\core\src\test\java\hudson\slaves\ChannelPingerTest.java","25","5","25","33","0","0","0","0","0","0","0","0","0","0","0","0","0","0","0","0","0","0","0","0","0","0","0","0"
"L58503","j","hudson.slaves.AgentInboundUrlTest.j;LJenkinsRule;","L58500","L103","C:\GIT\pris2\SourceMeter\Guille\jenkins-jenkins-2.328\test\src\test\java\hudson\slaves\AgentInboundUrlTest.java","55","5","56","46","0","0","0","0","0","0","0","0","0","0","0","0","0","0","0","0","0","0","0","0","0","0","0","0"
"L58504","logging","hudson.slaves.AgentInboundUrlTest.logging;LLoggerRule;","L58500","L103","C:\GIT\pris2\SourceMeter\Guille\jenkins-jenkins-2.328\test\src\test\java\hudson\slaves\AgentInboundUrlTest.java","58","5","59","82","0","0","0","0","0","0","0","0","0","0","0","0","0","0","0","0","0","0","0","0","0","0","0","0"
"L58505","customInboundUrl","hudson.slaves.AgentInboundUrlTest.customInboundUrl;Ljava/lang/String;","L58500","L103","C:\GIT\pris2\SourceMeter\Guille\jenkins-jenkins-2.328\test\src\test\java\hudson\slaves\AgentInboundUrlTest.java","62","5","62","84","0","0","0","0","0","0","0","0","0","0","0","0","0","0","0","0","0","0","0","0","0","0","0","0"
"L58507","customInboundUrlRule","hudson.slaves.AgentInboundUrlTest.customInboundUrlRule;LFlagRule;","L58500","L103","C:\GIT\pris2\SourceMeter\Guille\jenkins-jenkins-2.328\test\src\test\java\hudson\slaves\AgentInboundUrlTest.java","64","5","65","142","0","0","0","0","0","0","0","0","0","0","0","0","0","0","0","0","0","0","0","0","0","0","0","0"
"L58525","j","hudson.slaves.CloudTest.j;LJenkinsRule;","L58523","L103","C:\GIT\pris2\SourceMeter\Guille\jenkins-jenkins-2.328\test\src\test\java\hudson\slaves\CloudTest.java","35","5","35","52","0","0","0","0","0","0","0","0","0","0","0","0","0","0","0","0","0","0","0","0","0","0","0","0"
"L58587","buildWatcher","hudson.slaves.EnvironmentVariableNodePropertyTest.buildWatcher;LBuildWatcher;","L58584","L103","C:\GIT\pris2\SourceMeter\Guille\jenkins-jenkins-2.328\test\src\test\java\hudson\slaves\EnvironmentVariableNodePropertyTest.java","32","5","33","66","0","0","0","0","0","0","0","0","0","0","0","0","0","0","0","0","0","0","0","0","0","0","0","0"
"L58588","j","hudson.slaves.EnvironmentVariableNodePropertyTest.j;LJenkinsRule;","L58584","L103","C:\GIT\pris2\SourceMeter\Guille\jenkins-jenkins-2.328\test\src\test\java\hudson\slaves\EnvironmentVariableNodePropertyTest.java","35","5","36","46","0","0","0","0","0","0","0","0","0","0","0","0","0","0","0","0","0","0","0","0","0","0","0","0"
"L58589","agent","hudson.slaves.EnvironmentVariableNodePropertyTest.agent;Lhudson/slaves/DumbSlave;","L58584","L103","C:\GIT\pris2\SourceMeter\Guille\jenkins-jenkins-2.328\test\src\test\java\hudson\slaves\EnvironmentVariableNodePropertyTest.java","38","5","38","29","0","0","0","0","0","0","0","0","0","0","0","0","0","0","0","0","0","0","0","0","0","0","0","0"
"L58590","project","hudson.slaves.EnvironmentVariableNodePropertyTest.project;Lhudson/model/FreeStyleProject;","L58584","L103","C:\GIT\pris2\SourceMeter\Guille\jenkins-jenkins-2.328\test\src\test\java\hudson\slaves\EnvironmentVariableNodePropertyTest.java","39","5","39","38","0","0","0","0","0","0","0","0","0","0","0","0","0","0","0","0","0","0","0","0","0","0","0","0"
"L58620","j","hudson.slaves.JNLPLauncherTest.j;LJenkinsRule;","L58617","L103","C:\GIT\pris2\SourceMeter\Guille\jenkins-jenkins-2.328\test\src\test\java\hudson\slaves\JNLPLauncherTest.java","72","5","72","52","0","0","0","0","0","0","0","0","0","0","0","0","0","0","0","0","0","0","0","0","0","0","0","0"
"L58621","tmpDir","hudson.slaves.JNLPLauncherTest.tmpDir;LTemporaryFolder;","L58617","L103","C:\GIT\pris2\SourceMeter\Guille\jenkins-jenkins-2.328\test\src\test\java\hudson\slaves\JNLPLauncherTest.java","74","5","74","65","0","0","0","0","0","0","0","0","0","0","0","0","0","0","0","0","0","0","0","0","0","0","0","0"
"L58622","logging","hudson.slaves.JNLPLauncherTest.logging;LLoggerRule;","L58617","L103","C:\GIT\pris2\SourceMeter\Guille\jenkins-jenkins-2.328\test\src\test\java\hudson\slaves\JNLPLauncherTest.java","76","5","76","88","0","0","0","0","0","0","0","0","0","0","0","0","0","0","0","0","0","0","0","0","0","0","0","0"
"L58704","r","hudson.slaves.NodeCanTakeTaskTest.r;LJenkinsRule;","L58702","L103","C:\GIT\pris2\SourceMeter\Guille\jenkins-jenkins-2.328\test\src\test\java\hudson\slaves\NodeCanTakeTaskTest.java","50","5","51","46","0","0","0","0","0","0","0","0","0","0","0","0","0","0","0","0","0","0","0","0","0","0","0","0"
"L58724","r","hudson.slaves.NodeParallelTest.r;LJenkinsRule;","L58722","L103","C:\GIT\pris2\SourceMeter\Guille\jenkins-jenkins-2.328\test\src\test\java\hudson\slaves\NodeParallelTest.java","23","5","24","46","0","0","0","0","0","0","0","0","0","0","0","0","0","0","0","0","0","0","0","0","0","0","0","0"
"L58725","LOGGER","hudson.slaves.NodeParallelTest.LOGGER;Ljava/util/logging/Logger;","L58722","L103","C:\GIT\pris2\SourceMeter\Guille\jenkins-jenkins-2.328\test\src\test\java\hudson\slaves\NodeParallelTest.java","26","5","26","93","0","0","0","0","0","0","0","0","0","0","0","0","0","0","0","0","0","0","0","0","0","0","0","0"
"L58728","count","hudson.slaves.NodeParallelTest.count;Ljava/util/concurrent/atomic/AtomicInteger;","L58722","L103","C:\GIT\pris2\SourceMeter\Guille\jenkins-jenkins-2.328\test\src\test\java\hudson\slaves\NodeParallelTest.java","28","5","28","61","0","0","0","0","0","0","0","0","0","0","0","0","0","0","0","0","0","0","0","0","0","0","0","0"
"L58754","j","hudson.slaves.NodePropertyTest.j;LJenkinsRule;","L58751","L103","C:\GIT\pris2\SourceMeter\Guille\jenkins-jenkins-2.328\test\src\test\java\hudson\slaves\NodePropertyTest.java","29","5","30","46","0","0","0","0","0","0","0","0","0","0","0","0","0","0","0","0","0","0","0","0","0","0","0","0"
"L58755","logs","hudson.slaves.NodePropertyTest.logs;LLoggerRule;","L58751","L103","C:\GIT\pris2\SourceMeter\Guille\jenkins-jenkins-2.328\test\src\test\java\hudson\slaves\NodePropertyTest.java","32","5","33","47","0","0","0","0","0","0","0","0","0","0","0","0","0","0","0","0","0","0","0","0","0","0","0","0"
"L58784","r","hudson.slaves.NodeProvisionerTest.r;LJenkinsRule;","L58781","L103","C:\GIT\pris2\SourceMeter\Guille\jenkins-jenkins-2.328\test\src\test\java\hudson\slaves\NodeProvisionerTest.java","59","5","59","125","0","0","0","0","0","0","0","0","0","0","0","0","0","0","0","0","0","0","0","0","0","0","0","0"
"L58853","j","hudson.slaves.PingThreadTest.j;LJenkinsRule;","L58850","L103","C:\GIT\pris2\SourceMeter\Guille\jenkins-jenkins-2.328\test\src\test\java\hudson\slaves\PingThreadTest.java","52","5","53","46","0","0","0","0","0","0","0","0","0","0","0","0","0","0","0","0","0","0","0","0","0","0","0","0"
"L58868","j","hudson.slaves.SlaveComputerTest.j;LJenkinsRule;","L58865","L103","C:\GIT\pris2\SourceMeter\Guille\jenkins-jenkins-2.328\test\src\test\java\hudson\slaves\SlaveComputerTest.java","58","5","59","46","0","0","0","0","0","0","0","0","0","0","0","0","0","0","0","0","0","0","0","0","0","0","0","0"
"L59049","LOG","hudson.tasks.ArtifactArchiver.LOG;Ljava/util/logging/Logger;","L45941","L103","C:\GIT\pris2\SourceMeter\Guille\jenkins-jenkins-2.328\core\src\main\java\hudson\tasks\ArtifactArchiver.java","74","5","74","90","0","0","0","0","0","0","0","0","0","0","0","0","0","0","0","0","0","0","0","0","0","0","0","0"
"L59050","artifacts","hudson.tasks.ArtifactArchiver.artifacts;Ljava/lang/String;","L45941","L103","C:\GIT\pris2\SourceMeter\Guille\jenkins-jenkins-2.328\core\src\main\java\hudson\tasks\ArtifactArchiver.java","79","5","79","30","0","0","0","0","0","0","0","0","0","0","0","0","0","0","0","0","0","0","0","0","0","0","0","0"
"L59052","excludes","hudson.tasks.ArtifactArchiver.excludes;Ljava/lang/String;","L45941","L103","C:\GIT\pris2\SourceMeter\Guille\jenkins-jenkins-2.328\core\src\main\java\hudson\tasks\ArtifactArchiver.java","84","5","84","29","0","0","0","0","0","0","0","0","0","0","0","0","0","0","0","0","0","0","0","0","0","0","0","0"
"L59054","latestOnly","hudson.tasks.ArtifactArchiver.latestOnly;Ljava/lang/Boolean;","L45941","L103","C:\GIT\pris2\SourceMeter\Guille\jenkins-jenkins-2.328\core\src\main\java\hudson\tasks\ArtifactArchiver.java","86","5","87","32","0","0","0","0","0","0","0","0","0","0","0","0","0","0","0","0","0","0","0","0","0","0","0","0"
"L59055","allowEmptyArchive","hudson.tasks.ArtifactArchiver.allowEmptyArchive;Ljava/lang/Boolean;","L45941","L103","C:\GIT\pris2\SourceMeter\Guille\jenkins-jenkins-2.328\core\src\main\java\hudson\tasks\ArtifactArchiver.java","92","5","93","39","0","0","0","0","0","0","0","0","0","0","0","0","0","0","0","0","0","0","0","0","0","0","0","0"
"L59057","onlyIfSuccessful","hudson.tasks.ArtifactArchiver.onlyIfSuccessful;Z","L45941","L103","C:\GIT\pris2\SourceMeter\Guille\jenkins-jenkins-2.328\core\src\main\java\hudson\tasks\ArtifactArchiver.java","98","5","98","38","0","0","0","0","0","0","0","0","0","0","0","0","0","0","0","0","0","0","0","0","0","0","0","0"
"L59059","fingerprint","hudson.tasks.ArtifactArchiver.fingerprint;Z","L45941","L103","C:\GIT\pris2\SourceMeter\Guille\jenkins-jenkins-2.328\core\src\main\java\hudson\tasks\ArtifactArchiver.java","100","5","100","33","0","0","0","0","0","0","0","0","0","0","0","0","0","0","0","0","0","0","0","0","0","0","0","0"
"L59060","defaultExcludes","hudson.tasks.ArtifactArchiver.defaultExcludes;Ljava/lang/Boolean;","L45941","L103","C:\GIT\pris2\SourceMeter\Guille\jenkins-jenkins-2.328\core\src\main\java\hudson\tasks\ArtifactArchiver.java","105","5","106","44","0","0","0","0","0","0","0","0","0","0","0","0","0","0","0","0","0","0","0","0","0","0","0","0"
"L59062","caseSensitive","hudson.tasks.ArtifactArchiver.caseSensitive;Ljava/lang/Boolean;","L45941","L103","C:\GIT\pris2\SourceMeter\Guille\jenkins-jenkins-2.328\core\src\main\java\hudson\tasks\ArtifactArchiver.java","111","5","112","42","0","0","0","0","0","0","0","0","0","0","0","0","0","0","0","0","0","0","0","0","0","0","0","0"
"L59064","followSymlinks","hudson.tasks.ArtifactArchiver.followSymlinks;Ljava/lang/Boolean;","L45941","L103","C:\GIT\pris2\SourceMeter\Guille\jenkins-jenkins-2.328\core\src\main\java\hudson\tasks\ArtifactArchiver.java","117","5","118","43","0","0","0","0","0","0","0","0","0","0","0","0","0","0","0","0","0","0","0","0","0","0","0","0"
"L59177","DESCRIPTOR","hudson.tasks.ArtifactArchiver.DESCRIPTOR;Lhudson/tasks/ArtifactArchiver$DescriptorImpl;","L45941","L103","C:\GIT\pris2\SourceMeter\Guille\jenkins-jenkins-2.328\core\src\main\java\hudson\tasks\ArtifactArchiver.java","335","5","336","54","0","0","0","0","0","0","0","0","0","0","0","0","0","0","0","0","0","0","0","0","0","0","0","0"
"L59229","unstableReturn","hudson.tasks.BatchFile.unstableReturn;Ljava/lang/Integer;","L4205","L103","C:\GIT\pris2\SourceMeter\Guille\jenkins-jenkins-2.328\core\src\main\java\hudson\tasks\BatchFile.java","69","5","69","36","0","0","0","0","0","0","0","0","0","0","0","0","0","0","0","0","0","0","0","0","0","0","0","0"
"L59312","BUILDERS","hudson.tasks.BuildStep.BUILDERS;Ljava/util/List;","L26097","L103","C:\GIT\pris2\SourceMeter\Guille\jenkins-jenkins-2.328\core\src\main\java\hudson\tasks\BuildStep.java","233","5","234","78","0","0","0","0","0","0","0","0","0","0","0","0","0","0","0","0","0","0","0","0","0","0","0","0"
"L46678","PUBLISHERS","hudson.tasks.BuildStep.PUBLISHERS;Lhudson/tasks/BuildStep$PublisherList;","L26097","L103","C:\GIT\pris2\SourceMeter\Guille\jenkins-jenkins-2.328\core\src\main\java\hudson\tasks\BuildStep.java","250","5","251","52","0","0","0","0","0","0","0","0","0","0","0","0","0","0","0","0","0","0","0","0","0","0","0","0"
"L33944","NONE","hudson.tasks.BuildStepMonitor.NONE;Lhudson/tasks/BuildStepMonitor;","L16844","L103","C:\GIT\pris2\SourceMeter\Guille\jenkins-jenkins-2.328\core\src\main\java\hudson\tasks\BuildStepMonitor.java","17","5","22","6","0","0","0","0","0","0","0","0","0","0","0","0","0","0","0","0","0","0","0","0","0","0","0","0"
"L59457","STEP","hudson.tasks.BuildStepMonitor.STEP;Lhudson/tasks/BuildStepMonitor;","L16844","L103","C:\GIT\pris2\SourceMeter\Guille\jenkins-jenkins-2.328\core\src\main\java\hudson\tasks\BuildStepMonitor.java","23","5","38","6","0","0","0","0","0","0","0","0","0","0","0","0","0","0","0","0","0","0","0","0","0","0","0","0"
"L16847","BUILD","hudson.tasks.BuildStepMonitor.BUILD;Lhudson/tasks/BuildStepMonitor;","L16844","L103","C:\GIT\pris2\SourceMeter\Guille\jenkins-jenkins-2.328\core\src\main\java\hudson\tasks\BuildStepMonitor.java","39","5","49","6","0","0","0","0","0","0","0","0","0","0","0","0","0","0","0","0","0","0","0","0","0","0","0","0"
"L59485","childProjects","hudson.tasks.BuildTrigger.childProjects;Ljava/lang/String;","L18601","L103","C:\GIT\pris2\SourceMeter\Guille\jenkins-jenkins-2.328\core\src\main\java\hudson\tasks\BuildTrigger.java","99","5","99","34","0","0","0","0","0","0","0","0","0","0","0","0","0","0","0","0","0","0","0","0","0","0","0","0"
"L59487","threshold","hudson.tasks.BuildTrigger.threshold;Lhudson/model/Result;","L18601","L103","C:\GIT\pris2\SourceMeter\Guille\jenkins-jenkins-2.328\core\src\main\java\hudson\tasks\BuildTrigger.java","107","5","107","36","0","0","0","0","0","0","0","0","0","0","0","0","0","0","0","0","0","0","0","0","0","0","0","0"
"L59539","LOGGER","hudson.tasks.BuildTrigger.LOGGER;Ljava/util/logging/Logger;","L18601","L103","C:\GIT\pris2\SourceMeter\Guille\jenkins-jenkins-2.328\core\src\main\java\hudson\tasks\BuildTrigger.java","461","5","461","89","0","0","0","0","0","0","0","0","0","0","0","0","0","0","0","0","0","0","0","0","0","0","0","0"
"L59686","WRAPPERS","hudson.tasks.BuildWrappers.WRAPPERS;Ljava/util/List;","L59683","L103","C:\GIT\pris2\SourceMeter\Guille\jenkins-jenkins-2.328\core\src\main\java\hudson\tasks\BuildWrappers.java","47","5","48","108","0","0","0","0","0","0","0","0","0","0","0","0","0","0","0","0","0","0","0","0","0","0","0","0"
"L59233","command","hudson.tasks.CommandInterpreter.command;Ljava/lang/String;","L59218","L103","C:\GIT\pris2\SourceMeter\Guille\jenkins-jenkins-2.328\core\src\main\java\hudson\tasks\CommandInterpreter.java","63","5","63","36","0","0","0","0","0","0","0","0","0","0","0","0","0","0","0","0","0","0","0","0","0","0","0","0"
"L59227","configuredLocalRules","hudson.tasks.CommandInterpreter.configuredLocalRules;Ljava/util/List;","L59218","L103","C:\GIT\pris2\SourceMeter\Guille\jenkins-jenkins-2.328\core\src\main\java\hudson\tasks\CommandInterpreter.java","68","5","69","85","0","0","0","0","0","0","0","0","0","0","0","0","0","0","0","0","0","0","0","0","0","0","0","0"
"L59727","LOGGER","hudson.tasks.CommandInterpreter.LOGGER;Ljava/util/logging/Logger;","L59218","L103","C:\GIT\pris2\SourceMeter\Guille\jenkins-jenkins-2.328\core\src\main\java\hudson\tasks\CommandInterpreter.java","211","5","211","95","0","0","0","0","0","0","0","0","0","0","0","0","0","0","0","0","0","0","0","0","0","0","0","0"
"L59740","enableFingerprintsInDependencyGraph","hudson.tasks.Fingerprinter.enableFingerprintsInDependencyGraph;Z","L36890","L103","C:\GIT\pris2\SourceMeter\Guille\jenkins-jenkins-2.328\core\src\main\java\hudson\tasks\Fingerprinter.java","88","5","89","165","0","0","0","0","0","0","0","0","0","0","0","0","0","0","0","0","0","0","0","0","0","0","0","0"
"L59741","targets","hudson.tasks.Fingerprinter.targets;Ljava/lang/String;","L36890","L103","C:\GIT\pris2\SourceMeter\Guille\jenkins-jenkins-2.328\core\src\main\java\hudson\tasks\Fingerprinter.java","94","5","94","34","0","0","0","0","0","0","0","0","0","0","0","0","0","0","0","0","0","0","0","0","0","0","0","0"
"L59743","excludes","hudson.tasks.Fingerprinter.excludes;Ljava/lang/String;","L36890","L103","C:\GIT\pris2\SourceMeter\Guille\jenkins-jenkins-2.328\core\src\main\java\hudson\tasks\Fingerprinter.java","99","5","99","36","0","0","0","0","0","0","0","0","0","0","0","0","0","0","0","0","0","0","0","0","0","0","0","0"
"L59745","defaultExcludes","hudson.tasks.Fingerprinter.defaultExcludes;Ljava/lang/Boolean;","L36890","L103","C:\GIT\pris2\SourceMeter\Guille\jenkins-jenkins-2.328\core\src\main\java\hudson\tasks\Fingerprinter.java","104","5","104","44","0","0","0","0","0","0","0","0","0","0","0","0","0","0","0","0","0","0","0","0","0","0","0","0"
"L59747","caseSensitive","hudson.tasks.Fingerprinter.caseSensitive;Ljava/lang/Boolean;","L36890","L103","C:\GIT\pris2\SourceMeter\Guille\jenkins-jenkins-2.328\core\src\main\java\hudson\tasks\Fingerprinter.java","109","5","109","42","0","0","0","0","0","0","0","0","0","0","0","0","0","0","0","0","0","0","0","0","0","0","0","0"
"L59213","recordBuildArtifacts","hudson.tasks.Fingerprinter.recordBuildArtifacts;Ljava/lang/Boolean;","L36890","L103","C:\GIT\pris2\SourceMeter\Guille\jenkins-jenkins-2.328\core\src\main\java\hudson\tasks\Fingerprinter.java","111","5","112","34","0","0","0","0","0","0","0","0","0","0","0","0","0","0","0","0","0","0","0","0","0","0","0","0"
"L59910","logger","hudson.tasks.Fingerprinter.logger;Ljava/util/logging/Logger;","L36890","L103","C:\GIT\pris2\SourceMeter\Guille\jenkins-jenkins-2.328\core\src\main\java\hudson\tasks\Fingerprinter.java","522","5","522","90","0","0","0","0","0","0","0","0","0","0","0","0","0","0","0","0","0","0","0","0","0","0","0","0"
"L59915","serialVersionUID","hudson.tasks.Fingerprinter.serialVersionUID;J","L36890","L103","C:\GIT\pris2\SourceMeter\Guille\jenkins-jenkins-2.328\core\src\main\java\hudson\tasks\Fingerprinter.java","524","5","524","53","0","0","0","0","0","0","0","0","0","0","0","0","0","0","0","0","0","0","0","0","0","0","0","0"
"L59931","daysToKeep","hudson.tasks.LogRotator.daysToKeep;I","L33435","L103","C:\GIT\pris2\SourceMeter\Guille\jenkins-jenkins-2.328\core\src\main\java\hudson\tasks\LogRotator.java","89","5","89","34","0","0","0","0","0","0","0","0","0","0","0","0","0","0","0","0","0","0","0","0","0","0","0","0"
"L59933","numToKeep","hudson.tasks.LogRotator.numToKeep;I","L33435","L103","C:\GIT\pris2\SourceMeter\Guille\jenkins-jenkins-2.328\core\src\main\java\hudson\tasks\LogRotator.java","94","5","94","33","0","0","0","0","0","0","0","0","0","0","0","0","0","0","0","0","0","0","0","0","0","0","0","0"
"L59935","artifactDaysToKeep","hudson.tasks.LogRotator.artifactDaysToKeep;Ljava/lang/Integer;","L33435","L103","C:\GIT\pris2\SourceMeter\Guille\jenkins-jenkins-2.328\core\src\main\java\hudson\tasks\LogRotator.java","101","5","101","46","0","0","0","0","0","0","0","0","0","0","0","0","0","0","0","0","0","0","0","0","0","0","0","0"
"L59937","artifactNumToKeep","hudson.tasks.LogRotator.artifactNumToKeep;Ljava/lang/Integer;","L33435","L103","C:\GIT\pris2\SourceMeter\Guille\jenkins-jenkins-2.328\core\src\main\java\hudson\tasks\LogRotator.java","108","5","108","45","0","0","0","0","0","0","0","0","0","0","0","0","0","0","0","0","0","0","0","0","0","0","0","0"
"L59972","LOGGER","hudson.tasks.LogRotator.LOGGER;Ljava/util/logging/Logger;","L33435","L103","C:\GIT\pris2\SourceMeter\Guille\jenkins-jenkins-2.328\core\src\main\java\hudson\tasks\LogRotator.java","305","5","305","87","0","0","0","0","0","0","0","0","0","0","0","0","0","0","0","0","0","0","0","0","0","0","0","0"
"L60019","targets","hudson.tasks.Maven.targets;Ljava/lang/String;","L16938","L103","C:\GIT\pris2\SourceMeter\Guille\jenkins-jenkins-2.328\core\src\main\java\hudson\tasks\Maven.java","96","5","96","33","0","0","0","0","0","0","0","0","0","0","0","0","0","0","0","0","0","0","0","0","0","0","0","0"
"L60021","mavenName","hudson.tasks.Maven.mavenName;Ljava/lang/String;","L16938","L103","C:\GIT\pris2\SourceMeter\Guille\jenkins-jenkins-2.328\core\src\main\java\hudson\tasks\Maven.java","101","5","101","35","0","0","0","0","0","0","0","0","0","0","0","0","0","0","0","0","0","0","0","0","0","0","0","0"
"L60023","jvmOptions","hudson.tasks.Maven.jvmOptions;Ljava/lang/String;","L16938","L103","C:\GIT\pris2\SourceMeter\Guille\jenkins-jenkins-2.328\core\src\main\java\hudson\tasks\Maven.java","106","5","106","36","0","0","0","0","0","0","0","0","0","0","0","0","0","0","0","0","0","0","0","0","0","0","0","0"
"L60025","pom","hudson.tasks.Maven.pom;Ljava/lang/String;","L16938","L103","C:\GIT\pris2\SourceMeter\Guille\jenkins-jenkins-2.328\core\src\main\java\hudson\tasks\Maven.java","112","5","112","29","0","0","0","0","0","0","0","0","0","0","0","0","0","0","0","0","0","0","0","0","0","0","0","0"
"L60027","properties","hudson.tasks.Maven.properties;Ljava/lang/String;","L16938","L103","C:\GIT\pris2\SourceMeter\Guille\jenkins-jenkins-2.328\core\src\main\java\hudson\tasks\Maven.java","117","5","117","36","0","0","0","0","0","0","0","0","0","0","0","0","0","0","0","0","0","0","0","0","0","0","0","0"
"L60029","usePrivateRepository","hudson.tasks.Maven.usePrivateRepository;Z","L16938","L103","C:\GIT\pris2\SourceMeter\Guille\jenkins-jenkins-2.328\core\src\main\java\hudson\tasks\Maven.java","131","5","131","41","0","0","0","0","0","0","0","0","0","0","0","0","0","0","0","0","0","0","0","0","0","0","0","0"
"L60031","settings","hudson.tasks.Maven.settings;Ljenkins/mvn/SettingsProvider;","L16938","L103","C:\GIT\pris2\SourceMeter\Guille\jenkins-jenkins-2.328\core\src\main\java\hudson\tasks\Maven.java","137","5","137","39","0","0","0","0","0","0","0","0","0","0","0","0","0","0","0","0","0","0","0","0","0","0","0","0"
"L60036","globalSettings","hudson.tasks.Maven.globalSettings;Ljenkins/mvn/GlobalSettingsProvider;","L16938","L103","C:\GIT\pris2\SourceMeter\Guille\jenkins-jenkins-2.328\core\src\main\java\hudson\tasks\Maven.java","143","5","143","51","0","0","0","0","0","0","0","0","0","0","0","0","0","0","0","0","0","0","0","0","0","0","0","0"
"L60041","injectBuildVariables","hudson.tasks.Maven.injectBuildVariables;Ljava/lang/Boolean;","L16938","L103","C:\GIT\pris2\SourceMeter\Guille\jenkins-jenkins-2.328\core\src\main\java\hudson\tasks\Maven.java","152","5","152","51","0","0","0","0","0","0","0","0","0","0","0","0","0","0","0","0","0","0","0","0","0","0","0","0"
"L60043","MAVEN_1_INSTALLATION_COMMON_FILE","hudson.tasks.Maven.MAVEN_1_INSTALLATION_COMMON_FILE;Ljava/lang/String;","L16938","L103","C:\GIT\pris2\SourceMeter\Guille\jenkins-jenkins-2.328\core\src\main\java\hudson\tasks\Maven.java","154","5","154","80","0","0","0","0","0","0","0","0","0","0","0","0","0","0","0","0","0","0","0","0","0","0","0","0"
"L60044","MAVEN_2_INSTALLATION_COMMON_FILE","hudson.tasks.Maven.MAVEN_2_INSTALLATION_COMMON_FILE;Ljava/lang/String;","L16938","L103","C:\GIT\pris2\SourceMeter\Guille\jenkins-jenkins-2.328\core\src\main\java\hudson\tasks\Maven.java","155","5","155","78","0","0","0","0","0","0","0","0","0","0","0","0","0","0","0","0","0","0","0","0","0","0","0","0"
"L60045","S_PATTERN","hudson.tasks.Maven.S_PATTERN;Ljava/util/regex/Pattern;","L16938","L103","C:\GIT\pris2\SourceMeter\Guille\jenkins-jenkins-2.328\core\src\main\java\hudson\tasks\Maven.java","157","5","157","74","0","0","0","0","0","0","0","0","0","0","0","0","0","0","0","0","0","0","0","0","0","0","0","0"
"L60046","GS_PATTERN","hudson.tasks.Maven.GS_PATTERN;Ljava/util/regex/Pattern;","L16938","L103","C:\GIT\pris2\SourceMeter\Guille\jenkins-jenkins-2.328\core\src\main\java\hudson\tasks\Maven.java","158","5","158","76","0","0","0","0","0","0","0","0","0","0","0","0","0","0","0","0","0","0","0","0","0","0","0","0"
"L60177","DESCRIPTOR","hudson.tasks.Maven.DESCRIPTOR;Lhudson/tasks/Maven$DescriptorImpl;","L16938","L103","C:\GIT\pris2\SourceMeter\Guille\jenkins-jenkins-2.328\core\src\main\java\hudson\tasks\Maven.java","425","5","426","45","0","0","0","0","0","0","0","0","0","0","0","0","0","0","0","0","0","0","0","0","0","0","0","0"
"L60372","unstableReturn","hudson.tasks.Shell.unstableReturn;Ljava/lang/Integer;","L4210","L103","C:\GIT\pris2\SourceMeter\Guille\jenkins-jenkins-2.328\core\src\main\java\hudson\tasks\Shell.java","80","5","80","36","0","0","0","0","0","0","0","0","0","0","0","0","0","0","0","0","0","0","0","0","0","0","0","0"
"L60414","LOGGER","hudson.tasks.Shell.LOGGER;Ljava/util/logging/Logger;","L4210","L103","C:\GIT\pris2\SourceMeter\Guille\jenkins-jenkins-2.328\core\src\main\java\hudson\tasks\Shell.java","260","5","260","82","0","0","0","0","0","0","0","0","0","0","0","0","0","0","0","0","0","0","0","0","0","0","0","0"
"L60434","iconSizeRegex","hudson.tasks.UserAvatarResolver.iconSizeRegex;Ljava/util/regex/Pattern;","L60431","L103","C:\GIT\pris2\SourceMeter\Guille\jenkins-jenkins-2.328\core\src\main\java\hudson\tasks\UserAvatarResolver.java","58","5","58","69","0","0","0","0","0","0","0","0","0","0","0","0","0","0","0","0","0","0","0","0","0","0","0","0"
"L60453","LOGGER","hudson.tasks.UserAvatarResolver.LOGGER;Ljava/util/logging/Logger;","L60431","L103","C:\GIT\pris2\SourceMeter\Guille\jenkins-jenkins-2.328\core\src\main\java\hudson\tasks\UserAvatarResolver.java","121","5","121","95","0","0","0","0","0","0","0","0","0","0","0","0","0","0","0","0","0","0","0","0","0","0","0","0"
"L60476","LIST","hudson.tasks.UserNameResolver.LIST;Ljava/util/List;","L60459","L103","C:\GIT\pris2\SourceMeter\Guille\jenkins-jenkins-2.328\core\src\main\java\hudson\tasks\UserNameResolver.java","94","5","95","108","0","0","0","0","0","0","0","0","0","0","0","0","0","0","0","0","0","0","0","0","0","0","0","0"
"L60498","buildWatcher","hudson.tasks.ArtifactArchiverTest.buildWatcher;LBuildWatcher;","L60496","L103","C:\GIT\pris2\SourceMeter\Guille\jenkins-jenkins-2.328\test\src\test\java\hudson\tasks\ArtifactArchiverTest.java","73","5","73","77","0","0","0","0","0","0","0","0","0","0","0","0","0","0","0","0","0","0","0","0","0","0","0","0"
"L60499","j","hudson.tasks.ArtifactArchiverTest.j;LJenkinsRule;","L60496","L103","C:\GIT\pris2\SourceMeter\Guille\jenkins-jenkins-2.328\test\src\test\java\hudson\tasks\ArtifactArchiverTest.java","74","5","74","52","0","0","0","0","0","0","0","0","0","0","0","0","0","0","0","0","0","0","0","0","0","0","0","0"
"L60601","rule","hudson.tasks.BatchFileTest.rule;LJenkinsRule;","L60598","L103","C:\GIT\pris2\SourceMeter\Guille\jenkins-jenkins-2.328\test\src\test\java\hudson\tasks\BatchFileTest.java","27","5","28","49","0","0","0","0","0","0","0","0","0","0","0","0","0","0","0","0","0","0","0","0","0","0","0","0"
"L60642","j","hudson.tasks.BuildTriggerTest.j;LJenkinsRule;","L60640","L103","C:\GIT\pris2\SourceMeter\Guille\jenkins-jenkins-2.328\test\src\test\java\hudson\tasks\BuildTriggerTest.java","81","5","82","46","0","0","0","0","0","0","0","0","0","0","0","0","0","0","0","0","0","0","0","0","0","0","0","0"
"L60643","buildWatcher","hudson.tasks.BuildTriggerTest.buildWatcher;LBuildWatcher;","L60640","L103","C:\GIT\pris2\SourceMeter\Guille\jenkins-jenkins-2.328\test\src\test\java\hudson\tasks\BuildTriggerTest.java","84","5","85","66","0","0","0","0","0","0","0","0","0","0","0","0","0","0","0","0","0","0","0","0","0","0","0","0"
"L60721","j","hudson.tasks.CommandInterpreterTest.j;LJenkinsRule;","L60719","L103","C:\GIT\pris2\SourceMeter\Guille\jenkins-jenkins-2.328\test\src\test\java\hudson\tasks\CommandInterpreterTest.java","17","5","18","46","0","0","0","0","0","0","0","0","0","0","0","0","0","0","0","0","0","0","0","0","0","0","0","0"
"L60742","DUMMY_LOCATION_VARNAME","hudson.tasks.EnvVarsInConfigTasksTest.DUMMY_LOCATION_VARNAME;Ljava/lang/String;","L60740","L103","C:\GIT\pris2\SourceMeter\Guille\jenkins-jenkins-2.328\test\src\test\java\hudson\tasks\EnvVarsInConfigTasksTest.java","23","5","23","80","0","0","0","0","0","0","0","0","0","0","0","0","0","0","0","0","0","0","0","0","0","0","0","0"
"L60743","agentEnv","hudson.tasks.EnvVarsInConfigTasksTest.agentEnv;Lhudson/slaves/DumbSlave;","L60740","L103","C:\GIT\pris2\SourceMeter\Guille\jenkins-jenkins-2.328\test\src\test\java\hudson\tasks\EnvVarsInConfigTasksTest.java","25","5","25","39","0","0","0","0","0","0","0","0","0","0","0","0","0","0","0","0","0","0","0","0","0","0","0","0"
"L60744","agentRegular","hudson.tasks.EnvVarsInConfigTasksTest.agentRegular;Lhudson/slaves/DumbSlave;","L60740","L103","C:\GIT\pris2\SourceMeter\Guille\jenkins-jenkins-2.328\test\src\test\java\hudson\tasks\EnvVarsInConfigTasksTest.java","26","5","26","43","0","0","0","0","0","0","0","0","0","0","0","0","0","0","0","0","0","0","0","0","0","0","0","0"
"L60745","buildWatcher","hudson.tasks.EnvVarsInConfigTasksTest.buildWatcher;LBuildWatcher;","L60740","L103","C:\GIT\pris2\SourceMeter\Guille\jenkins-jenkins-2.328\test\src\test\java\hudson\tasks\EnvVarsInConfigTasksTest.java","28","5","29","66","0","0","0","0","0","0","0","0","0","0","0","0","0","0","0","0","0","0","0","0","0","0","0","0"
"L60746","j","hudson.tasks.EnvVarsInConfigTasksTest.j;LJenkinsRule;","L60740","L103","C:\GIT\pris2\SourceMeter\Guille\jenkins-jenkins-2.328\test\src\test\java\hudson\tasks\EnvVarsInConfigTasksTest.java","31","5","32","46","0","0","0","0","0","0","0","0","0","0","0","0","0","0","0","0","0","0","0","0","0","0","0","0"
"L60747","tmp","hudson.tasks.EnvVarsInConfigTasksTest.tmp;LTemporaryFolder;","L60740","L103","C:\GIT\pris2\SourceMeter\Guille\jenkins-jenkins-2.328\test\src\test\java\hudson\tasks\EnvVarsInConfigTasksTest.java","34","5","35","56","0","0","0","0","0","0","0","0","0","0","0","0","0","0","0","0","0","0","0","0","0","0","0","0"
"L60762","singleContents","hudson.tasks.FingerprinterTest.singleContents;[Ljava/lang/String;","L60759","L103","C:\GIT\pris2\SourceMeter\Guille\jenkins-jenkins-2.328\test\src\test\java\hudson\tasks\FingerprinterTest.java","73","5","75","7","0","0","0","0","0","0","0","0","0","0","0","0","0","0","0","0","0","0","0","0","0","0","0","0"
"L60763","singleFiles","hudson.tasks.FingerprinterTest.singleFiles;[Ljava/lang/String;","L60759","L103","C:\GIT\pris2\SourceMeter\Guille\jenkins-jenkins-2.328\test\src\test\java\hudson\tasks\FingerprinterTest.java","76","5","78","7","0","0","0","0","0","0","0","0","0","0","0","0","0","0","0","0","0","0","0","0","0","0","0","0"
"L60764","singleContents2","hudson.tasks.FingerprinterTest.singleContents2;[Ljava/lang/String;","L60759","L103","C:\GIT\pris2\SourceMeter\Guille\jenkins-jenkins-2.328\test\src\test\java\hudson\tasks\FingerprinterTest.java","79","5","81","7","0","0","0","0","0","0","0","0","0","0","0","0","0","0","0","0","0","0","0","0","0","0","0","0"
"L60765","singleFiles2","hudson.tasks.FingerprinterTest.singleFiles2;[Ljava/lang/String;","L60759","L103","C:\GIT\pris2\SourceMeter\Guille\jenkins-jenkins-2.328\test\src\test\java\hudson\tasks\FingerprinterTest.java","82","5","84","7","0","0","0","0","0","0","0","0","0","0","0","0","0","0","0","0","0","0","0","0","0","0","0","0"
"L60766","doubleContents","hudson.tasks.FingerprinterTest.doubleContents;[Ljava/lang/String;","L60759","L103","C:\GIT\pris2\SourceMeter\Guille\jenkins-jenkins-2.328\test\src\test\java\hudson\tasks\FingerprinterTest.java","85","5","88","7","0","0","0","0","0","0","0","0","0","0","0","0","0","0","0","0","0","0","0","0","0","0","0","0"
"L60767","doubleFiles","hudson.tasks.FingerprinterTest.doubleFiles;[Ljava/lang/String;","L60759","L103","C:\GIT\pris2\SourceMeter\Guille\jenkins-jenkins-2.328\test\src\test\java\hudson\tasks\FingerprinterTest.java","89","5","92","7","0","0","0","0","0","0","0","0","0","0","0","0","0","0","0","0","0","0","0","0","0","0","0","0"
"L60768","renamedProject1","hudson.tasks.FingerprinterTest.renamedProject1;Ljava/lang/String;","L60759","L103","C:\GIT\pris2\SourceMeter\Guille\jenkins-jenkins-2.328\test\src\test\java\hudson\tasks\FingerprinterTest.java","94","5","94","71","0","0","0","0","0","0","0","0","0","0","0","0","0","0","0","0","0","0","0","0","0","0","0","0"
"L60769","renamedProject2","hudson.tasks.FingerprinterTest.renamedProject2;Ljava/lang/String;","L60759","L103","C:\GIT\pris2\SourceMeter\Guille\jenkins-jenkins-2.328\test\src\test\java\hudson\tasks\FingerprinterTest.java","95","5","95","71","0","0","0","0","0","0","0","0","0","0","0","0","0","0","0","0","0","0","0","0","0","0","0","0"
"L60770","j","hudson.tasks.FingerprinterTest.j;LJenkinsRule;","L60759","L103","C:\GIT\pris2\SourceMeter\Guille\jenkins-jenkins-2.328\test\src\test\java\hudson\tasks\FingerprinterTest.java","97","5","97","52","0","0","0","0","0","0","0","0","0","0","0","0","0","0","0","0","0","0","0","0","0","0","0","0"
"L60821","j","hudson.tasks.LogRotatorTest.j;LJenkinsRule;","L45081","L103","C:\GIT\pris2\SourceMeter\Guille\jenkins-jenkins-2.328\test\src\test\java\hudson\tasks\LogRotatorTest.java","64","5","65","46","0","0","0","0","0","0","0","0","0","0","0","0","0","0","0","0","0","0","0","0","0","0","0","0"
"L60873","j","hudson.tasks.MavenTest.j;LJenkinsRule;","L60870","L103","C:\GIT\pris2\SourceMeter\Guille\jenkins-jenkins-2.328\test\src\test\java\hudson\tasks\MavenTest.java","75","5","75","52","0","0","0","0","0","0","0","0","0","0","0","0","0","0","0","0","0","0","0","0","0","0","0","0"
"L60939","rule","hudson.tasks.ShellTest.rule;LJenkinsRule;","L60936","L103","C:\GIT\pris2\SourceMeter\Guille\jenkins-jenkins-2.328\test\src\test\java\hudson\tasks\ShellTest.java","35","5","36","49","0","0","0","0","0","0","0","0","0","0","0","0","0","0","0","0","0","0","0","0","0","0","0","0"
"L60982","j","hudson.tasks.UserAvatarResolverTest.j;LJenkinsRule;","L60980","L103","C:\GIT\pris2\SourceMeter\Guille\jenkins-jenkins-2.328\test\src\test\java\hudson\tasks\UserAvatarResolverTest.java","42","5","43","46","0","0","0","0","0","0","0","0","0","0","0","0","0","0","0","0","0","0","0","0","0","0","0","0"
"L60983","expUser","hudson.tasks.UserAvatarResolverTest.expUser;Lhudson/model/User;","L60980","L103","C:\GIT\pris2\SourceMeter\Guille\jenkins-jenkins-2.328\test\src\test\java\hudson\tasks\UserAvatarResolverTest.java","45","5","45","33","0","0","0","0","0","0","0","0","0","0","0","0","0","0","0","0","0","0","0","0","0","0","0","0"
"L61094","DEFAULT_RESPONSE_404","hudson.TcpSlaveAgentListener$ConnectionHandler.DEFAULT_RESPONSE_404;Ljava/lang/String;","L61059","L103","C:\GIT\pris2\SourceMeter\Guille\jenkins-jenkins-2.328\core\src\main\java\hudson\TcpSlaveAgentListener.java","227","9","230","41","0","0","0","0","0","0","0","0","0","0","0","0","0","0","0","0","0","0","0","0","0","0","0","0"
"L61095","s","hudson.TcpSlaveAgentListener$ConnectionHandler.s;Ljava/net/Socket;","L61059","L103","C:\GIT\pris2\SourceMeter\Guille\jenkins-jenkins-2.328\core\src\main\java\hudson\TcpSlaveAgentListener.java","231","9","231","32","0","0","0","0","0","0","0","0","0","0","0","0","0","0","0","0","0","0","0","0","0","0","0","0"
"L61096","id","hudson.TcpSlaveAgentListener$ConnectionHandler.id;I","L61059","L103","C:\GIT\pris2\SourceMeter\Guille\jenkins-jenkins-2.328\core\src\main\java\hudson\TcpSlaveAgentListener.java","235","9","235","30","0","0","0","0","0","0","0","0","0","0","0","0","0","0","0","0","0","0","0","0","0","0","0","0"
"L61151","parentThread","hudson.TcpSlaveAgentListener$ConnectionHandlerFailureCallback.parentThread;Ljava/lang/Thread;","L61064","L103","C:\GIT\pris2\SourceMeter\Guille\jenkins-jenkins-2.328\core\src\main\java\hudson\TcpSlaveAgentListener.java","357","9","357","37","0","0","0","0","0","0","0","0","0","0","0","0","0","0","0","0","0","0","0","0","0","0","0","0"
"L61156","ping","hudson.TcpSlaveAgentListener$PingAgentProtocol.ping;[B","L61089","L103","C:\GIT\pris2\SourceMeter\Guille\jenkins-jenkins-2.328\core\src\main\java\hudson\TcpSlaveAgentListener.java","380","9","380","35","0","0","0","0","0","0","0","0","0","0","0","0","0","0","0","0","0","0","0","0","0","0","0","0"
"L61168","originThread","hudson.TcpSlaveAgentListener$TcpSlaveAgentListenerRescheduler.originThread;Ljava/lang/Thread;","L61166","L103","C:\GIT\pris2\SourceMeter\Guille\jenkins-jenkins-2.328\core\src\main\java\hudson\TcpSlaveAgentListener.java","450","9","450","37","0","0","0","0","0","0","0","0","0","0","0","0","0","0","0","0","0","0","0","0","0","0","0","0"
"L61169","cause","hudson.TcpSlaveAgentListener$TcpSlaveAgentListenerRescheduler.cause;Ljava/lang/Throwable;","L61166","L103","C:\GIT\pris2\SourceMeter\Guille\jenkins-jenkins-2.328\core\src\main\java\hudson\TcpSlaveAgentListener.java","451","9","451","33","0","0","0","0","0","0","0","0","0","0","0","0","0","0","0","0","0","0","0","0","0","0","0","0"
"L61170","recurrencePeriod","hudson.TcpSlaveAgentListener$TcpSlaveAgentListenerRescheduler.recurrencePeriod;J","L61166","L103","C:\GIT\pris2\SourceMeter\Guille\jenkins-jenkins-2.328\core\src\main\java\hudson\TcpSlaveAgentListener.java","452","9","452","46","0","0","0","0","0","0","0","0","0","0","0","0","0","0","0","0","0","0","0","0","0","0","0","0"
"L61171","isActive","hudson.TcpSlaveAgentListener$TcpSlaveAgentListenerRescheduler.isActive;Z","L61166","L103","C:\GIT\pris2\SourceMeter\Guille\jenkins-jenkins-2.328\core\src\main\java\hudson\TcpSlaveAgentListener.java","453","9","453","34","0","0","0","0","0","0","0","0","0","0","0","0","0","0","0","0","0","0","0","0","0","0","0","0"
"L61237","command","hudson.tools.AbstractCommandInstaller.command;Ljava/lang/String;","L61235","L103","C:\GIT\pris2\SourceMeter\Guille\jenkins-jenkins-2.328\core\src\main\java\hudson\tools\AbstractCommandInstaller.java","48","5","48","34","0","0","0","0","0","0","0","0","0","0","0","0","0","0","0","0","0","0","0","0","0","0","0","0"
"L61239","toolHome","hudson.tools.AbstractCommandInstaller.toolHome;Ljava/lang/String;","L61235","L103","C:\GIT\pris2\SourceMeter\Guille\jenkins-jenkins-2.328\core\src\main\java\hudson\tools\AbstractCommandInstaller.java","49","5","49","35","0","0","0","0","0","0","0","0","0","0","0","0","0","0","0","0","0","0","0","0","0","0","0","0"
"L61329","id","hudson.tools.DownloadFromUrlInstaller.id;Ljava/lang/String;","L46222","L103","C:\GIT\pris2\SourceMeter\Guille\jenkins-jenkins-2.328\core\src\main\java\hudson\tools\DownloadFromUrlInstaller.java","28","5","28","28","0","0","0","0","0","0","0","0","0","0","0","0","0","0","0","0","0","0","0","0","0","0","0","0"
"L61459","mutexByNode","hudson.tools.InstallerTranslator.mutexByNode;Ljava/util/Map;","L61451","L103","C:\GIT\pris2\SourceMeter\Guille\jenkins-jenkins-2.328\core\src\main\java\hudson\tools\InstallerTranslator.java","43","5","43","104","0","0","0","0","0","0","0","0","0","0","0","0","0","0","0","0","0","0","0","0","0","0","0","0"
"L60894","installers","hudson.tools.InstallSourceProperty.installers;Lhudson/util/DescribableList;","L60891","L103","C:\GIT\pris2\SourceMeter\Guille\jenkins-jenkins-2.328\core\src\main\java\hudson\tools\InstallSourceProperty.java","44","5","45","50","0","0","0","0","0","0","0","0","0","0","0","0","0","0","0","0","0","0","0","0","0","0","0","0"
"L61569","installations","hudson.tools.ToolDescriptor.installations;[Lhudson/tools/ToolInstallation;","L33267","L103","C:\GIT\pris2\SourceMeter\Guille\jenkins-jenkins-2.328\core\src\main\java\hudson\tools\ToolDescriptor.java","55","5","55","31","0","0","0","0","0","0","0","0","0","0","0","0","0","0","0","0","0","0","0","0","0","0","0","0"
"L61627","LOGGER","hudson.tools.ToolInstallation.LOGGER;Ljava/util/logging/Logger;","L33204","L103","C:\GIT\pris2\SourceMeter\Guille\jenkins-jenkins-2.328\core\src\main\java\hudson\tools\ToolInstallation.java","91","5","91","93","0","0","0","0","0","0","0","0","0","0","0","0","0","0","0","0","0","0","0","0","0","0","0","0"
"L61628","name","hudson.tools.ToolInstallation.name;Ljava/lang/String;","L33204","L103","C:\GIT\pris2\SourceMeter\Guille\jenkins-jenkins-2.328\core\src\main\java\hudson\tools\ToolInstallation.java","93","5","93","31","0","0","0","0","0","0","0","0","0","0","0","0","0","0","0","0","0","0","0","0","0","0","0","0"
"L61629","home","hudson.tools.ToolInstallation.home;Ljava/lang/String;","L33204","L103","C:\GIT\pris2\SourceMeter\Guille\jenkins-jenkins-2.328\core\src\main\java\hudson\tools\ToolInstallation.java","94","5","94","42","0","0","0","0","0","0","0","0","0","0","0","0","0","0","0","0","0","0","0","0","0","0","0","0"
"L61630","properties","hudson.tools.ToolInstallation.properties;Lhudson/util/DescribableList;","L33204","L103","C:\GIT\pris2\SourceMeter\Guille\jenkins-jenkins-2.328\core\src\main\java\hudson\tools\ToolInstallation.java","99","5","100","52","0","0","0","0","0","0","0","0","0","0","0","0","0","0","0","0","0","0","0","0","0","0","0","0"
"L61705","label","hudson.tools.ToolInstaller.label;Ljava/lang/String;","L33284","L103","C:\GIT\pris2\SourceMeter\Guille\jenkins-jenkins-2.328\core\src\main\java\hudson\tools\ToolInstaller.java","54","5","54","32","0","0","0","0","0","0","0","0","0","0","0","0","0","0","0","0","0","0","0","0","0","0","0","0"
"L61706","tool","hudson.tools.ToolInstaller.tool;Lhudson/tools/ToolInstallation;","L33284","L103","C:\GIT\pris2\SourceMeter\Guille\jenkins-jenkins-2.328\core\src\main\java\hudson\tools\ToolInstaller.java","56","5","56","47","0","0","0","0","0","0","0","0","0","0","0","0","0","0","0","0","0","0","0","0","0","0","0","0"
"L61766","locations","hudson.tools.ToolLocationNodeProperty.locations;Ljava/util/List;","L61764","L103","C:\GIT\pris2\SourceMeter\Guille\jenkins-jenkins-2.328\core\src\main\java\hudson\tools\ToolLocationNodeProperty.java","54","5","54","48","0","0","0","0","0","0","0","0","0","0","0","0","0","0","0","0","0","0","0","0","0","0","0","0"
"L61843","tool","hudson.tools.ToolProperty.tool;Lhudson/tools/ToolInstallation;","L33232","L103","C:\GIT\pris2\SourceMeter\Guille\jenkins-jenkins-2.328\core\src\main\java\hudson\tools\ToolProperty.java","53","5","53","32","0","0","0","0","0","0","0","0","0","0","0","0","0","0","0","0","0","0","0","0","0","0","0","0"
"L61865","url","hudson.tools.ZipExtractionInstaller.url;Ljava/lang/String;","L61368","L103","C:\GIT\pris2\SourceMeter\Guille\jenkins-jenkins-2.328\core\src\main\java\hudson\tools\ZipExtractionInstaller.java","58","5","58","30","0","0","0","0","0","0","0","0","0","0","0","0","0","0","0","0","0","0","0","0","0","0","0","0"
"L61867","subdir","hudson.tools.ZipExtractionInstaller.subdir;Ljava/lang/String;","L61368","L103","C:\GIT\pris2\SourceMeter\Guille\jenkins-jenkins-2.328\core\src\main\java\hudson\tools\ZipExtractionInstaller.java","62","5","62","33","0","0","0","0","0","0","0","0","0","0","0","0","0","0","0","0","0","0","0","0","0","0","0","0"
"L61902","rule","hudson.tools.BatchCommandInstallerTest.rule;LJenkinsRule;","L61899","L103","C:\GIT\pris2\SourceMeter\Guille\jenkins-jenkins-2.328\test\src\test\java\hudson\tools\BatchCommandInstallerTest.java","14","5","15","49","0","0","0","0","0","0","0","0","0","0","0","0","0","0","0","0","0","0","0","0","0","0","0","0"
"L61908","rule","hudson.tools.CommandInstallerTest.rule;LJenkinsRule;","L61905","L103","C:\GIT\pris2\SourceMeter\Guille\jenkins-jenkins-2.328\test\src\test\java\hudson\tools\CommandInstallerTest.java","14","5","15","49","0","0","0","0","0","0","0","0","0","0","0","0","0","0","0","0","0","0","0","0","0","0","0","0"
"L61913","r","hudson.tools.InstallerTranslatorTest.r;LJenkinsRule;","L61911","L103","C:\GIT\pris2\SourceMeter\Guille\jenkins-jenkins-2.328\test\src\test\java\hudson\tools\InstallerTranslatorTest.java","50","5","50","52","0","0","0","0","0","0","0","0","0","0","0","0","0","0","0","0","0","0","0","0","0","0","0","0"
"L61925","j","hudson.tools.ToolLocationNodePropertyTest.j;LJenkinsRule;","L61922","L103","C:\GIT\pris2\SourceMeter\Guille\jenkins-jenkins-2.328\test\src\test\java\hudson\tools\ToolLocationNodePropertyTest.java","55","5","56","46","0","0","0","0","0","0","0","0","0","0","0","0","0","0","0","0","0","0","0","0","0","0","0","0"
"L61926","tmp","hudson.tools.ToolLocationNodePropertyTest.tmp;LTemporaryFolder;","L61922","L103","C:\GIT\pris2\SourceMeter\Guille\jenkins-jenkins-2.328\test\src\test\java\hudson\tools\ToolLocationNodePropertyTest.java","57","5","58","56","0","0","0","0","0","0","0","0","0","0","0","0","0","0","0","0","0","0","0","0","0","0","0","0"
"L61927","slave","hudson.tools.ToolLocationNodePropertyTest.slave;Lhudson/slaves/DumbSlave;","L61922","L103","C:\GIT\pris2\SourceMeter\Guille\jenkins-jenkins-2.328\test\src\test\java\hudson\tools\ToolLocationNodePropertyTest.java","60","5","60","29","0","0","0","0","0","0","0","0","0","0","0","0","0","0","0","0","0","0","0","0","0","0","0","0"
"L61928","project","hudson.tools.ToolLocationNodePropertyTest.project;Lhudson/model/FreeStyleProject;","L61922","L103","C:\GIT\pris2\SourceMeter\Guille\jenkins-jenkins-2.328\test\src\test\java\hudson\tools\ToolLocationNodePropertyTest.java","61","5","61","38","0","0","0","0","0","0","0","0","0","0","0","0","0","0","0","0","0","0","0","0","0","0","0","0"
"L61941","j","hudson.tools.ToolLocationTest.j;LJenkinsRule;","L61938","L103","C:\GIT\pris2\SourceMeter\Guille\jenkins-jenkins-2.328\test\src\test\java\hudson\tools\ToolLocationTest.java","19","5","20","46","0","0","0","0","0","0","0","0","0","0","0","0","0","0","0","0","0","0","0","0","0","0","0","0"
"L61948","j","hudson.tools.ZipExtractionInstallerTest.j;LJenkinsRule;","L61946","L103","C:\GIT\pris2\SourceMeter\Guille\jenkins-jenkins-2.328\test\src\test\java\hudson\tools\ZipExtractionInstallerTest.java","64","5","65","46","0","0","0","0","0","0","0","0","0","0","0","0","0","0","0","0","0","0","0","0","0","0","0","0"
"L61949","tmp","hudson.tools.ZipExtractionInstallerTest.tmp;LTemporaryFolder;","L61946","L103","C:\GIT\pris2\SourceMeter\Guille\jenkins-jenkins-2.328\test\src\test\java\hudson\tools\ZipExtractionInstallerTest.java","67","5","68","56","0","0","0","0","0","0","0","0","0","0","0","0","0","0","0","0","0","0","0","0","0","0","0","0"
"L62020","LOGS_ROOT_PATH_PROPERTY","hudson.triggers.SafeTimerTask.LOGS_ROOT_PATH_PROPERTY;Ljava/lang/String;","L8249","L103","C:\GIT\pris2\SourceMeter\Guille\jenkins-jenkins-2.328\core\src\main\java\hudson\triggers\SafeTimerTask.java","79","5","79","100","0","0","0","0","0","0","0","0","0","0","0","0","0","0","0","0","0","0","0","0","0","0","0","0"
"L62022","ALREADY_LOGGED","hudson.triggers.SafeTimerTask.ALREADY_LOGGED;Z","L8249","L103","C:\GIT\pris2\SourceMeter\Guille\jenkins-jenkins-2.328\core\src\main\java\hudson\triggers\SafeTimerTask.java","85","5","85","51","0","0","0","0","0","0","0","0","0","0","0","0","0","0","0","0","0","0","0","0","0","0","0","0"
"L62026","LOGGER","hudson.triggers.SafeTimerTask.LOGGER;Ljava/util/logging/Logger;","L8249","L103","C:\GIT\pris2\SourceMeter\Guille\jenkins-jenkins-2.328\core\src\main\java\hudson\triggers\SafeTimerTask.java","126","5","126","90","0","0","0","0","0","0","0","0","0","0","0","0","0","0","0","0","0","0","0","0","0","0","0","0"
"L62032","ignorePostCommitHooks","hudson.triggers.SCMTrigger.ignorePostCommitHooks;Z","L18506","L103","C:\GIT\pris2\SourceMeter\Guille\jenkins-jenkins-2.328\core\src\main\java\hudson\triggers\SCMTrigger.java","108","5","108","43","0","0","0","0","0","0","0","0","0","0","0","0","0","0","0","0","0","0","0","0","0","0","0","0"
"L62057","LOGGER","hudson.triggers.SCMTrigger.LOGGER;Ljava/util/logging/Logger;","L18506","L103","C:\GIT\pris2\SourceMeter\Guille\jenkins-jenkins-2.328\core\src\main\java\hudson\triggers\SCMTrigger.java","549","5","549","87","0","0","0","0","0","0","0","0","0","0","0","0","0","0","0","0","0","0","0","0","0","0","0","0"
"L62104","STARVATION_THRESHOLD","hudson.triggers.SCMTrigger.STARVATION_THRESHOLD;J","L18506","L103","C:\GIT\pris2\SourceMeter\Guille\jenkins-jenkins-2.328\core\src\main\java\hudson\triggers\SCMTrigger.java","776","5","777","153","0","0","0","0","0","0","0","0","0","0","0","0","0","0","0","0","0","0","0","0","0","0","0","0"
"L62289","errors","hudson.triggers.SlowTriggerAdminMonitor.errors;Ljava/util/Map;","L62288","L103","C:\GIT\pris2\SourceMeter\Guille\jenkins-jenkins-2.328\core\src\main\java\hudson\triggers\SlowTriggerAdminMonitor.java","28","5","29","73","0","0","0","0","0","0","0","0","0","0","0","0","0","0","0","0","0","0","0","0","0","0","0","0"
"L62299","MAX_ENTRIES","hudson.triggers.SlowTriggerAdminMonitor.MAX_ENTRIES;I","L62288","L103","C:\GIT\pris2\SourceMeter\Guille\jenkins-jenkins-2.328\core\src\main\java\hudson\triggers\SlowTriggerAdminMonitor.java","31","5","32","158","0","0","0","0","0","0","0","0","0","0","0","0","0","0","0","0","0","0","0","0","0","0","0","0"
"L62302","LOGGER","hudson.triggers.SlowTriggerAdminMonitor.LOGGER;Ljava/util/logging/Logger;","L62288","L103","C:\GIT\pris2\SourceMeter\Guille\jenkins-jenkins-2.328\core\src\main\java\hudson\triggers\SlowTriggerAdminMonitor.java","34","5","35","100","0","0","0","0","0","0","0","0","0","0","0","0","0","0","0","0","0","0","0","0","0","0","0","0"
"L62401","spec","hudson.triggers.Trigger.spec;Ljava/lang/String;","L27029","L103","C:\GIT\pris2\SourceMeter\Guille\jenkins-jenkins-2.328\core\src\main\java\hudson\triggers\Trigger.java","163","5","163","33","0","0","0","0","0","0","0","0","0","0","0","0","0","0","0","0","0","0","0","0","0","0","0","0"
"L62403","tabs","hudson.triggers.Trigger.tabs;Lhudson/scheduler/CronTabList;","L27029","L103","C:\GIT\pris2\SourceMeter\Guille\jenkins-jenkins-2.328\core\src\main\java\hudson\triggers\Trigger.java","164","5","164","42","0","0","0","0","0","0","0","0","0","0","0","0","0","0","0","0","0","0","0","0","0","0","0","0"
"L62046","job","hudson.triggers.Trigger.job;Lhudson/model/Item;","L27029","L103","C:\GIT\pris2\SourceMeter\Guille\jenkins-jenkins-2.328\core\src\main\java\hudson\triggers\Trigger.java","165","5","166","31","0","0","0","0","0","0","0","0","0","0","0","0","0","0","0","0","0","0","0","0","0","0","0","0"
"L62431","previousSynchronousPolling","hudson.triggers.Trigger.previousSynchronousPolling;Ljava/util/concurrent/Future;","L27029","L103","C:\GIT\pris2\SourceMeter\Guille\jenkins-jenkins-2.328\core\src\main\java\hudson\triggers\Trigger.java","245","5","245","54","0","0","0","0","0","0","0","0","0","0","0","0","0","0","0","0","0","0","0","0","0","0","0","0"
"L62445","CRON_THRESHOLD","hudson.triggers.Trigger.CRON_THRESHOLD;J","L27029","L103","C:\GIT\pris2\SourceMeter\Guille\jenkins-jenkins-2.328\core\src\main\java\hudson\triggers\Trigger.java","321","5","324","143","0","0","0","0","0","0","0","0","0","0","0","0","0","0","0","0","0","0","0","0","0","0","0","0"
"L62405","LOGGER","hudson.triggers.Trigger.LOGGER;Ljava/util/logging/Logger;","L27029","L103","C:\GIT\pris2\SourceMeter\Guille\jenkins-jenkins-2.328\core\src\main\java\hudson\triggers\Trigger.java","326","5","326","84","0","0","0","0","0","0","0","0","0","0","0","0","0","0","0","0","0","0","0","0","0","0","0","0"
"L62452","timer","hudson.triggers.Trigger.timer;Ljava/util/Timer;","L27029","L103","C:\GIT\pris2\SourceMeter\Guille\jenkins-jenkins-2.328\core\src\main\java\hudson\triggers\Trigger.java","338","5","340","45","0","0","0","0","0","0","0","0","0","0","0","0","0","0","0","0","0","0","0","0","0","0","0","0"
"L62488","TRIGGERS","hudson.triggers.Triggers.TRIGGERS;Ljava/util/List;","L62485","L103","C:\GIT\pris2\SourceMeter\Guille\jenkins-jenkins-2.328\core\src\main\java\hudson\triggers\Triggers.java","46","5","47","121","0","0","0","0","0","0","0","0","0","0","0","0","0","0","0","0","0","0","0","0","0","0","0","0"
"L62515","j","hudson.triggers.SafeTimerTaskTest.j;LJenkinsRule;","L62513","L103","C:\GIT\pris2\SourceMeter\Guille\jenkins-jenkins-2.328\test\src\test\java\hudson\triggers\SafeTimerTaskTest.java","21","5","22","46","0","0","0","0","0","0","0","0","0","0","0","0","0","0","0","0","0","0","0","0","0","0","0","0"
"L62516","folder","hudson.triggers.SafeTimerTaskTest.folder;LTemporaryFolder;","L62513","L103","C:\GIT\pris2\SourceMeter\Guille\jenkins-jenkins-2.328\test\src\test\java\hudson\triggers\SafeTimerTaskTest.java","24","5","25","59","0","0","0","0","0","0","0","0","0","0","0","0","0","0","0","0","0","0","0","0","0","0","0","0"
"L62517","loggerRule","hudson.triggers.SafeTimerTaskTest.loggerRule;LLoggerRule;","L62513","L103","C:\GIT\pris2\SourceMeter\Guille\jenkins-jenkins-2.328\test\src\test\java\hudson\triggers\SafeTimerTaskTest.java","27","5","28","53","0","0","0","0","0","0","0","0","0","0","0","0","0","0","0","0","0","0","0","0","0","0","0","0"
"L62532","j","hudson.triggers.SCMTriggerTest.j;LJenkinsRule;","L62529","L103","C:\GIT\pris2\SourceMeter\Guille\jenkins-jenkins-2.328\test\src\test\java\hudson\triggers\SCMTriggerTest.java","68","5","69","46","0","0","0","0","0","0","0","0","0","0","0","0","0","0","0","0","0","0","0","0","0","0","0","0"
"L62588","j","hudson.triggers.TriggerStartTest.j;LJenkinsRule;","L62586","L103","C:\GIT\pris2\SourceMeter\Guille\jenkins-jenkins-2.328\test\src\test\java\hudson\triggers\TriggerStartTest.java","51","5","51","52","0","0","0","0","0","0","0","0","0","0","0","0","0","0","0","0","0","0","0","0","0","0","0","0"
"L62621","jenkinsRule","hudson.triggers.TriggerTest.jenkinsRule;LJenkinsRule;","L62619","L103","C:\GIT\pris2\SourceMeter\Guille\jenkins-jenkins-2.328\test\src\test\java\hudson\triggers\TriggerTest.java","41","5","42","56","0","0","0","0","0","0","0","0","0","0","0","0","0","0","0","0","0","0","0","0","0","0","0","0"
"L63257","LIST","hudson.views.ListViewColumn.LIST;Lhudson/util/DescriptorList;","L35171","L103","C:\GIT\pris2\SourceMeter\Guille\jenkins-jenkins-2.328\core\src\main\java\hudson\views\ListViewColumn.java","98","5","99","106","0","0","0","0","0","0","0","0","0","0","0","0","0","0","0","0","0","0","0","0","0","0","0","0"
"L63280","LOGGER","hudson.views.ListViewColumn.LOGGER;Ljava/util/logging/Logger;","L35171","L103","C:\GIT\pris2\SourceMeter\Guille\jenkins-jenkins-2.328\core\src\main\java\hudson\views\ListViewColumn.java","179","5","179","91","0","0","0","0","0","0","0","0","0","0","0","0","0","0","0","0","0","0","0","0","0","0","0","0"
"L63282","DEFAULT_COLUMNS_ORDINAL_ICON_START","hudson.views.ListViewColumn.DEFAULT_COLUMNS_ORDINAL_ICON_START;D","L35171","L103","C:\GIT\pris2\SourceMeter\Guille\jenkins-jenkins-2.328\core\src\main\java\hudson\views\ListViewColumn.java","191","5","191","72","0","0","0","0","0","0","0","0","0","0","0","0","0","0","0","0","0","0","0","0","0","0","0","0"
"L63218","DEFAULT_COLUMNS_ORDINAL_ICON_END","hudson.views.ListViewColumn.DEFAULT_COLUMNS_ORDINAL_ICON_END;D","L35171","L103","C:\GIT\pris2\SourceMeter\Guille\jenkins-jenkins-2.328\core\src\main\java\hudson\views\ListViewColumn.java","192","5","192","70","0","0","0","0","0","0","0","0","0","0","0","0","0","0","0","0","0","0","0","0","0","0","0","0"
"L63225","DEFAULT_COLUMNS_ORDINAL_PROPERTIES_START","hudson.views.ListViewColumn.DEFAULT_COLUMNS_ORDINAL_PROPERTIES_START;D","L35171","L103","C:\GIT\pris2\SourceMeter\Guille\jenkins-jenkins-2.328\core\src\main\java\hudson\views\ListViewColumn.java","193","5","193","78","0","0","0","0","0","0","0","0","0","0","0","0","0","0","0","0","0","0","0","0","0","0","0","0"
"L63284","DEFAULT_COLUMNS_ORDINAL_PROPERTIES_END","hudson.views.ListViewColumn.DEFAULT_COLUMNS_ORDINAL_PROPERTIES_END;D","L35171","L103","C:\GIT\pris2\SourceMeter\Guille\jenkins-jenkins-2.328\core\src\main\java\hudson\views\ListViewColumn.java","194","5","194","76","0","0","0","0","0","0","0","0","0","0","0","0","0","0","0","0","0","0","0","0","0","0","0","0"
"L63173","DEFAULT_COLUMNS_ORDINAL_ACTIONS_START","hudson.views.ListViewColumn.DEFAULT_COLUMNS_ORDINAL_ACTIONS_START;D","L35171","L103","C:\GIT\pris2\SourceMeter\Guille\jenkins-jenkins-2.328\core\src\main\java\hudson\views\ListViewColumn.java","195","5","195","75","0","0","0","0","0","0","0","0","0","0","0","0","0","0","0","0","0","0","0","0","0","0","0","0"
"L63285","DEFAULT_COLUMNS_ORDINAL_ACTIONS_END","hudson.views.ListViewColumn.DEFAULT_COLUMNS_ORDINAL_ACTIONS_END;D","L35171","L103","C:\GIT\pris2\SourceMeter\Guille\jenkins-jenkins-2.328\core\src\main\java\hudson\views\ListViewColumn.java","196","5","196","73","0","0","0","0","0","0","0","0","0","0","0","0","0","0","0","0","0","0","0","0","0","0","0","0"
"L63324","statusFilter","hudson.views.StatusFilter.statusFilter;Z","L35216","L103","C:\GIT\pris2\SourceMeter\Guille\jenkins-jenkins-2.328\core\src\main\java\hudson\views\StatusFilter.java","45","5","45","40","0","0","0","0","0","0","0","0","0","0","0","0","0","0","0","0","0","0","0","0","0","0","0","0"
"L63384","j","hudson.views.GlobalDefaultViewConfigurationTest.j;LJenkinsRule;","L63381","L103","C:\GIT\pris2\SourceMeter\Guille\jenkins-jenkins-2.328\test\src\test\java\hudson\views\GlobalDefaultViewConfigurationTest.java","46","5","47","46","0","0","0","0","0","0","0","0","0","0","0","0","0","0","0","0","0","0","0","0","0","0","0","0"
"L63401","j","hudson.views.ListViewColumnTest.j;LJenkinsRule;","L63398","L103","C:\GIT\pris2\SourceMeter\Guille\jenkins-jenkins-2.328\test\src\test\java\hudson\views\ListViewColumnTest.java","13","5","14","46","0","0","0","0","0","0","0","0","0","0","0","0","0","0","0","0","0","0","0","0","0","0","0","0"
"L63406","j","hudson.views.StatusFilterTest.j;LJenkinsRule;","L63404","L103","C:\GIT\pris2\SourceMeter\Guille\jenkins-jenkins-2.328\test\src\test\java\hudson\views\StatusFilterTest.java","16","5","17","46","0","0","0","0","0","0","0","0","0","0","0","0","0","0","0","0","0","0","0","0","0","0","0","0"
"L63453","file","hudson.WebAppMain$FileAndDescription.file;Ljava/io/File;","L16758","L103","C:\GIT\pris2\SourceMeter\Guille\jenkins-jenkins-2.328\core\src\main\java\hudson\WebAppMain.java","313","9","313","32","0","0","0","0","0","0","0","0","0","0","0","0","0","0","0","0","0","0","0","0","0","0","0","0"
"L63458","description","hudson.WebAppMain$FileAndDescription.description;Ljava/lang/String;","L16758","L103","C:\GIT\pris2\SourceMeter\Guille\jenkins-jenkins-2.328\core\src\main\java\hudson\WebAppMain.java","314","9","314","41","0","0","0","0","0","0","0","0","0","0","0","0","0","0","0","0","0","0","0","0","0","0","0","0"
"L63567","baseList","hudson.widgets.HistoryWidget.baseList;Ljava/lang/Iterable;","L27735","L103","C:\GIT\pris2\SourceMeter\Guille\jenkins-jenkins-2.328\core\src\main\java\hudson\widgets\HistoryWidget.java","58","5","58","33","0","0","0","0","0","0","0","0","0","0","0","0","0","0","0","0","0","0","0","0","0","0","0","0"
"L63579","nextBuildNumberToFetch","hudson.widgets.HistoryWidget.nextBuildNumberToFetch;Ljava/lang/String;","L27735","L103","C:\GIT\pris2\SourceMeter\Guille\jenkins-jenkins-2.328\core\src\main\java\hudson\widgets\HistoryWidget.java","63","5","63","43","0","0","0","0","0","0","0","0","0","0","0","0","0","0","0","0","0","0","0","0","0","0","0","0"
"L63581","baseUrl","hudson.widgets.HistoryWidget.baseUrl;Ljava/lang/String;","L27735","L103","C:\GIT\pris2\SourceMeter\Guille\jenkins-jenkins-2.328\core\src\main\java\hudson\widgets\HistoryWidget.java","68","5","68","33","0","0","0","0","0","0","0","0","0","0","0","0","0","0","0","0","0","0","0","0","0","0","0","0"
"L63549","owner","hudson.widgets.HistoryWidget.owner;Lhudson/model/ModelObject;","L27735","L103","C:\GIT\pris2\SourceMeter\Guille\jenkins-jenkins-2.328\core\src\main\java\hudson\widgets\HistoryWidget.java","70","5","70","26","0","0","0","0","0","0","0","0","0","0","0","0","0","0","0","0","0","0","0","0","0","0","0","0"
"L63586","trimmed","hudson.widgets.HistoryWidget.trimmed;Z","L27735","L103","C:\GIT\pris2\SourceMeter\Guille\jenkins-jenkins-2.328\core\src\main\java\hudson\widgets\HistoryWidget.java","72","5","72","29","0","0","0","0","0","0","0","0","0","0","0","0","0","0","0","0","0","0","0","0","0","0","0","0"
"L63587","adapter","hudson.widgets.HistoryWidget.adapter;Lhudson/widgets/HistoryWidget$Adapter;","L27735","L103","C:\GIT\pris2\SourceMeter\Guille\jenkins-jenkins-2.328\core\src\main\java\hudson\widgets\HistoryWidget.java","74","5","74","45","0","0","0","0","0","0","0","0","0","0","0","0","0","0","0","0","0","0","0","0","0","0","0","0"
"L63588","newerThan","hudson.widgets.HistoryWidget.newerThan;Ljava/lang/Long;","L27735","L103","C:\GIT\pris2\SourceMeter\Guille\jenkins-jenkins-2.328\core\src\main\java\hudson\widgets\HistoryWidget.java","76","5","76","26","0","0","0","0","0","0","0","0","0","0","0","0","0","0","0","0","0","0","0","0","0","0","0","0"
"L63589","olderThan","hudson.widgets.HistoryWidget.olderThan;Ljava/lang/Long;","L27735","L103","C:\GIT\pris2\SourceMeter\Guille\jenkins-jenkins-2.328\core\src\main\java\hudson\widgets\HistoryWidget.java","77","5","77","26","0","0","0","0","0","0","0","0","0","0","0","0","0","0","0","0","0","0","0","0","0","0","0","0"
"L63590","searchString","hudson.widgets.HistoryWidget.searchString;Ljava/lang/String;","L27735","L103","C:\GIT\pris2\SourceMeter\Guille\jenkins-jenkins-2.328\core\src\main\java\hudson\widgets\HistoryWidget.java","78","5","78","31","0","0","0","0","0","0","0","0","0","0","0","0","0","0","0","0","0","0","0","0","0","0","0","0"
"L63591","firstTransientBuildKey","hudson.widgets.HistoryWidget.firstTransientBuildKey;Ljava/lang/String;","L27735","L103","C:\GIT\pris2\SourceMeter\Guille\jenkins-jenkins-2.328\core\src\main\java\hudson\widgets\HistoryWidget.java","83","5","83","43","0","0","0","0","0","0","0","0","0","0","0","0","0","0","0","0","0","0","0","0","0","0","0","0"
"L63641","THRESHOLD","hudson.widgets.HistoryWidget.THRESHOLD;I","L27735","L103","C:\GIT\pris2\SourceMeter\Guille\jenkins-jenkins-2.328\core\src\main\java\hudson\widgets\HistoryWidget.java","257","5","257","112","0","0","0","0","0","0","0","0","0","0","0","0","0","0","0","0","0","0","0","0","0","0","0","0"
"L63692","bodyStack","hudson.widgets.RenderOnDemandClosure.bodyStack;[LScript;","L23210","L103","C:\GIT\pris2\SourceMeter\Guille\jenkins-jenkins-2.328\core\src\main\java\hudson\widgets\RenderOnDemandClosure.java","59","5","59","38","0","0","0","0","0","0","0","0","0","0","0","0","0","0","0","0","0","0","0","0","0","0","0","0"
"L63694","variables","hudson.widgets.RenderOnDemandClosure.variables;Ljava/util/Map;","L23210","L103","C:\GIT\pris2\SourceMeter\Guille\jenkins-jenkins-2.328\core\src\main\java\hudson\widgets\RenderOnDemandClosure.java","60","5","60","49","0","0","0","0","0","0","0","0","0","0","0","0","0","0","0","0","0","0","0","0","0","0","0","0"
"L63695","currentDescriptorByNameUrl","hudson.widgets.RenderOnDemandClosure.currentDescriptorByNameUrl;Ljava/lang/String;","L23210","L103","C:\GIT\pris2\SourceMeter\Guille\jenkins-jenkins-2.328\core\src\main\java\hudson\widgets\RenderOnDemandClosure.java","61","5","61","53","0","0","0","0","0","0","0","0","0","0","0","0","0","0","0","0","0","0","0","0","0","0","0","0"
"L63696","adjuncts","hudson.widgets.RenderOnDemandClosure.adjuncts;[Ljava/lang/String;","L23210","L103","C:\GIT\pris2\SourceMeter\Guille\jenkins-jenkins-2.328\core\src\main\java\hudson\widgets\RenderOnDemandClosure.java","63","5","63","37","0","0","0","0","0","0","0","0","0","0","0","0","0","0","0","0","0","0","0","0","0","0","0","0"
"L63716","LOGGER","hudson.widgets.RenderOnDemandClosure.LOGGER;Ljava/util/logging/Logger;","L23210","L103","C:\GIT\pris2\SourceMeter\Guille\jenkins-jenkins-2.328\core\src\main\java\hudson\widgets\RenderOnDemandClosure.java","132","5","132","98","0","0","0","0","0","0","0","0","0","0","0","0","0","0","0","0","0","0","0","0","0","0","0","0"
"L63728","j","hudson.widgets.HistoryWidgetTest.j;LJenkinsRule;","L63726","L103","C:\GIT\pris2\SourceMeter\Guille\jenkins-jenkins-2.328\test\src\test\java\hudson\widgets\HistoryWidgetTest.java","11","5","12","46","0","0","0","0","0","0","0","0","0","0","0","0","0","0","0","0","0","0","0","0","0","0","0","0"
"L63856","saveCount","hudson.BulkChangeTest$Point.saveCount;I","L63854","L103","C:\GIT\pris2\SourceMeter\Guille\jenkins-jenkins-2.328\core\src\test\java\hudson\BulkChangeTest.java","44","9","44","27","0","0","0","0","0","0","0","0","0","0","0","0","0","0","0","0","0","0","0","0","0","0","0","0"
"L63858","x","hudson.BulkChangeTest$Point.x;I","L63854","L103","C:\GIT\pris2\SourceMeter\Guille\jenkins-jenkins-2.328\core\src\test\java\hudson\BulkChangeTest.java","46","9","47","15","0","0","0","0","0","0","0","0","0","0","0","0","0","0","0","0","0","0","0","0","0","0","0","0"
"L63859","y","hudson.BulkChangeTest$Point.y;I","L63854","L103","C:\GIT\pris2\SourceMeter\Guille\jenkins-jenkins-2.328\core\src\test\java\hudson\BulkChangeTest.java","46","9","47","18","0","0","0","0","0","0","0","0","0","0","0","0","0","0","0","0","0","0","0","0","0","0","0","0"
"L64204","LINE","hudson.FunctionsTest$Stack.LINE;Ljava/util/regex/Pattern;","L64181","L103","C:\GIT\pris2\SourceMeter\Guille\jenkins-jenkins-2.328\core\src\test\java\hudson\FunctionsTest.java","577","9","577","90","0","0","0","0","0","0","0","0","0","0","0","0","0","0","0","0","0","0","0","0","0","0","0","0"
"L64205","toString","hudson.FunctionsTest$Stack.toString;Ljava/lang/String;","L64181","L103","C:\GIT\pris2\SourceMeter\Guille\jenkins-jenkins-2.328\core\src\test\java\hudson\FunctionsTest.java","578","9","578","39","0","0","0","0","0","0","0","0","0","0","0","0","0","0","0","0","0","0","0","0","0","0","0","0"
"L64337","name","hudson.PluginWrapperTest$PluginWrapperBuilder.name;Ljava/lang/String;","L64324","L103","C:\GIT\pris2\SourceMeter\Guille\jenkins-jenkins-2.328\core\src\test\java\hudson\PluginWrapperTest.java","155","9","155","35","0","0","0","0","0","0","0","0","0","0","0","0","0","0","0","0","0","0","0","0","0","0","0","0"
"L64338","version","hudson.PluginWrapperTest$PluginWrapperBuilder.version;Ljava/lang/String;","L64324","L103","C:\GIT\pris2\SourceMeter\Guille\jenkins-jenkins-2.328\core\src\test\java\hudson\PluginWrapperTest.java","156","9","156","39","0","0","0","0","0","0","0","0","0","0","0","0","0","0","0","0","0","0","0","0","0","0","0","0"
"L64339","requiredCoreVersion","hudson.PluginWrapperTest$PluginWrapperBuilder.requiredCoreVersion;Ljava/lang/String;","L64324","L103","C:\GIT\pris2\SourceMeter\Guille\jenkins-jenkins-2.328\core\src\test\java\hudson\PluginWrapperTest.java","157","9","157","52","0","0","0","0","0","0","0","0","0","0","0","0","0","0","0","0","0","0","0","0","0","0","0","0"
"L64340","deps","hudson.PluginWrapperTest$PluginWrapperBuilder.deps;Ljava/util/List;","L64324","L103","C:\GIT\pris2\SourceMeter\Guille\jenkins-jenkins-2.328\core\src\test\java\hudson\PluginWrapperTest.java","158","9","158","79","0","0","0","0","0","0","0","0","0","0","0","0","0","0","0","0","0","0","0","0","0","0","0","0"
"L64341","optDeps","hudson.PluginWrapperTest$PluginWrapperBuilder.optDeps;Ljava/util/List;","L64324","L103","C:\GIT\pris2\SourceMeter\Guille\jenkins-jenkins-2.328\core\src\test\java\hudson\PluginWrapperTest.java","159","9","159","82","0","0","0","0","0","0","0","0","0","0","0","0","0","0","0","0","0","0","0","0","0","0","0","0"
"L64342","cl","hudson.PluginWrapperTest$PluginWrapperBuilder.cl;Ljava/lang/ClassLoader;","L64324","L103","C:\GIT\pris2\SourceMeter\Guille\jenkins-jenkins-2.328\core\src\test\java\hudson\PluginWrapperTest.java","160","9","160","39","0","0","0","0","0","0","0","0","0","0","0","0","0","0","0","0","0","0","0","0","0","0","0","0"
"L64405","string","hudson.UtilTest$DigesterThread.string;Ljava/lang/String;","L64398","L103","C:\GIT\pris2\SourceMeter\Guille\jenkins-jenkins-2.328\core\src\test\java\hudson\UtilTest.java","382","9","382","31","0","0","0","0","0","0","0","0","0","0","0","0","0","0","0","0","0","0","0","0","0","0","0","0"
"L64406","expectedDigest","hudson.UtilTest$DigesterThread.expectedDigest;Ljava/lang/String;","L64398","L103","C:\GIT\pris2\SourceMeter\Guille\jenkins-jenkins-2.328\core\src\test\java\hudson\UtilTest.java","383","9","383","39","0","0","0","0","0","0","0","0","0","0","0","0","0","0","0","0","0","0","0","0","0","0","0","0"
"L64403","error","hudson.UtilTest$DigesterThread.error;Ljava/lang/String;","L64398","L103","C:\GIT\pris2\SourceMeter\Guille\jenkins-jenkins-2.328\core\src\test\java\hudson\UtilTest.java","385","9","385","30","0","0","0","0","0","0","0","0","0","0","0","0","0","0","0","0","0","0","0","0","0","0","0","0"
"L64525","r","hudson.bugs.JnlpAccessWithSecuredHudsonTest.r;LJenkinsRule;","L64522","L103","C:\GIT\pris2\SourceMeter\Guille\jenkins-jenkins-2.328\test\src\test\java\hudson\bugs\JnlpAccessWithSecuredHudsonTest.java","70","5","71","46","0","0","0","0","0","0","0","0","0","0","0","0","0","0","0","0","0","0","0","0","0","0","0","0"
"L64526","tmp","hudson.bugs.JnlpAccessWithSecuredHudsonTest.tmp;LTemporaryFolder;","L64522","L103","C:\GIT\pris2\SourceMeter\Guille\jenkins-jenkins-2.328\test\src\test\java\hudson\bugs\JnlpAccessWithSecuredHudsonTest.java","73","5","74","56","0","0","0","0","0","0","0","0","0","0","0","0","0","0","0","0","0","0","0","0","0","0","0","0"
"L64543","j","hudson.bugs.LoginRedirectTest.j;LJenkinsRule;","L64540","L103","C:\GIT\pris2\SourceMeter\Guille\jenkins-jenkins-2.328\test\src\test\java\hudson\bugs\LoginRedirectTest.java","48","5","49","46","0","0","0","0","0","0","0","0","0","0","0","0","0","0","0","0","0","0","0","0","0","0","0","0"
"L64576","j","hudson.core.PluginManagerOverrideTest.j;LJenkinsRule;","L64573","L103","C:\GIT\pris2\SourceMeter\Guille\jenkins-jenkins-2.328\test\src\test\java\hudson\core\PluginManagerOverrideTest.java","19","5","20","46","0","0","0","0","0","0","0","0","0","0","0","0","0","0","0","0","0","0","0","0","0","0","0","0"
"L64666","error","hudson.ExtensionFinderTest$FailingExtension.error;Z","L64663","L103","C:\GIT\pris2\SourceMeter\Guille\jenkins-jenkins-2.328\test\src\test\java\hudson\ExtensionFinderTest.java","74","9","74","37","0","0","0","0","0","0","0","0","0","0","0","0","0","0","0","0","0","0","0","0","0","0","0","0"
"L64677","foo","hudson.ExtensionFinderTest$InjectingExtension.foo;Lhudson/ExtensionFinderTest$InjectingExtension$Foo;","L64674","L103","C:\GIT\pris2\SourceMeter\Guille\jenkins-jenkins-2.328\test\src\test\java\hudson\ExtensionFinderTest.java","93","9","94","17","0","0","0","0","0","0","0","0","0","0","0","0","0","0","0","0","0","0","0","0","0","0","0","0"
"L64679","value","hudson.ExtensionFinderTest$InjectingExtension.value;Ljava/lang/String;","L64674","L103","C:\GIT\pris2\SourceMeter\Guille\jenkins-jenkins-2.328\test\src\test\java\hudson\ExtensionFinderTest.java","96","9","97","22","0","0","0","0","0","0","0","0","0","0","0","0","0","0","0","0","0","0","0","0","0","0","0","0"
"L64707","b","hudson.ExtensionFinderTest$A.b;Lhudson/ExtensionFinderTest$B;","L64701","L103","C:\GIT\pris2\SourceMeter\Guille\jenkins-jenkins-2.328\test\src\test\java\hudson\ExtensionFinderTest.java","154","9","154","21","0","0","0","0","0","0","0","0","0","0","0","0","0","0","0","0","0","0","0","0","0","0","0","0"
"L64709","a","hudson.ExtensionFinderTest$B.a;Lhudson/ExtensionFinderTest$A;","L64704","L103","C:\GIT\pris2\SourceMeter\Guille\jenkins-jenkins-2.328\test\src\test\java\hudson\ExtensionFinderTest.java","159","9","159","21","0","0","0","0","0","0","0","0","0","0","0","0","0","0","0","0","0","0","0","0","0","0","0","0"
"L64717","xface","hudson.ExtensionFinderTest$X.xface;Lhudson/ExtensionFinderTest$XFace;","L64714","L103","C:\GIT\pris2\SourceMeter\Guille\jenkins-jenkins-2.328\test\src\test\java\hudson\ExtensionFinderTest.java","170","9","171","21","0","0","0","0","0","0","0","0","0","0","0","0","0","0","0","0","0","0","0","0","0","0","0","0"
"L64745","onChangeCallCount","hudson.ExtensionListListenerTest$MyExtensionListListener.onChangeCallCount;I","L64737","L103","C:\GIT\pris2\SourceMeter\Guille\jenkins-jenkins-2.328\test\src\test\java\hudson\ExtensionListListenerTest.java","61","9","61","43","0","0","0","0","0","0","0","0","0","0","0","0","0","0","0","0","0","0","0","0","0","0","0","0"
"L64848","name","hudson.ExtensionListTest$Car.name;Ljava/lang/String;","L64847","L103","C:\GIT\pris2\SourceMeter\Guille\jenkins-jenkins-2.328\test\src\test\java\hudson\ExtensionListTest.java","177","9","177","27","0","0","0","0","0","0","0","0","0","0","0","0","0","0","0","0","0","0","0","0","0","0","0","0"
"L64905","rule","hudson.jobs.CreateItemTest.rule;LJenkinsRule;","L64902","L103","C:\GIT\pris2\SourceMeter\Guille\jenkins-jenkins-2.328\test\src\test\java\hudson\jobs\CreateItemTest.java","57","5","58","49","0","0","0","0","0","0","0","0","0","0","0","0","0","0","0","0","0","0","0","0","0","0","0","0"
"L64977","serialVersionUID","hudson.LauncherTest$RemotableBuildListener.serialVersionUID;J","L64972","L103","C:\GIT\pris2\SourceMeter\Guille\jenkins-jenkins-2.328\test\src\test\java\hudson\LauncherTest.java","204","9","204","56","0","0","0","0","0","0","0","0","0","0","0","0","0","0","0","0","0","0","0","0","0","0","0","0"
"L64978","logFile","hudson.LauncherTest$RemotableBuildListener.logFile;Ljava/io/File;","L64972","L103","C:\GIT\pris2\SourceMeter\Guille\jenkins-jenkins-2.328\test\src\test\java\hudson\LauncherTest.java","206","9","206","36","0","0","0","0","0","0","0","0","0","0","0","0","0","0","0","0","0","0","0","0","0","0","0","0"
"L64980","id","hudson.LauncherTest$RemotableBuildListener.id;Ljava/lang/String;","L64972","L103","C:\GIT\pris2\SourceMeter\Guille\jenkins-jenkins-2.328\test\src\test\java\hudson\LauncherTest.java","208","9","208","33","0","0","0","0","0","0","0","0","0","0","0","0","0","0","0","0","0","0","0","0","0","0","0","0"
"L64982","logger","hudson.LauncherTest$RemotableBuildListener.logger;Ljava/io/PrintStream;","L64972","L103","C:\GIT\pris2\SourceMeter\Guille\jenkins-jenkins-2.328\test\src\test\java\hudson\LauncherTest.java","209","9","209","46","0","0","0","0","0","0","0","0","0","0","0","0","0","0","0","0","0","0","0","0","0","0","0","0"
"L65044","j","hudson.pages.SystemConfigurationTestCase.j;LJenkinsRule;","L65042","L103","C:\GIT\pris2\SourceMeter\Guille\jenkins-jenkins-2.328\test\src\test\java\hudson\pages\SystemConfigurationTestCase.java","42","5","43","46","0","0","0","0","0","0","0","0","0","0","0","0","0","0","0","0","0","0","0","0","0","0","0","0"
"L65045","pageDecoratorImpl","hudson.pages.SystemConfigurationTestCase.pageDecoratorImpl;Lhudson/pages/SystemConfigurationTestCase$PageDecoratorImpl;","L65042","L103","C:\GIT\pris2\SourceMeter\Guille\jenkins-jenkins-2.328\test\src\test\java\hudson\pages\SystemConfigurationTestCase.java","45","5","45","49","0","0","0","0","0","0","0","0","0","0","0","0","0","0","0","0","0","0","0","0","0","0","0","0"
"L65154","installedPlugins","hudson.PluginManagerInstalledGUITest$InstalledPlugins.installedPlugins;Ljava/util/List;","L65126","L103","C:\GIT\pris2\SourceMeter\Guille\jenkins-jenkins-2.328\test\src\test\java\hudson\PluginManagerInstalledGUITest.java","147","9","147","62","0","0","0","0","0","0","0","0","0","0","0","0","0","0","0","0","0","0","0","0","0","0","0","0"
"L65168","pluginRow","hudson.PluginManagerInstalledGUITest$InstalledPlugin.pluginRow;LHtmlTableRow;","L65131","L103","C:\GIT\pris2\SourceMeter\Guille\jenkins-jenkins-2.328\test\src\test\java\hudson\PluginManagerInstalledGUITest.java","180","9","180","46","0","0","0","0","0","0","0","0","0","0","0","0","0","0","0","0","0","0","0","0","0","0","0","0"
"L65216","tested","hudson.PluginManagerTest$PluginManagerImpl_for_testUberClassLoaderIsAvailableDuringStart.tested;Z","L65213","L103","C:\GIT\pris2\SourceMeter\Guille\jenkins-jenkins-2.328\test\src\test\java\hudson\PluginManagerTest.java","182","9","182","24","0","0","0","0","0","0","0","0","0","0","0","0","0","0","0","0","0","0","0","0","0","0","0","0"
"L65423","o","hudson.ProcTest$ChannelFiller.o;Ljava/io/OutputStream;","L65412","L103","C:\GIT\pris2\SourceMeter\Guille\jenkins-jenkins-2.328\test\src\test\java\hudson\ProcTest.java","85","9","85","38","0","0","0","0","0","0","0","0","0","0","0","0","0","0","0","0","0","0","0","0","0","0","0","0"
"L65557","LOGGER","jenkins.agents.WebSocketAgents.LOGGER;Ljava/util/logging/Logger;","L65555","L103","C:\GIT\pris2\SourceMeter\Guille\jenkins-jenkins-2.328\core\src\main\java\jenkins\agents\WebSocketAgents.java","64","5","64","92","0","0","0","0","0","0","0","0","0","0","0","0","0","0","0","0","0","0","0","0","0","0","0","0"
"L65630","LOGGER","jenkins.agents.WebSocketAgentsTest.LOGGER;Ljava/util/logging/Logger;","L65628","L103","C:\GIT\pris2\SourceMeter\Guille\jenkins-jenkins-2.328\test\src\test\java\jenkins\agents\WebSocketAgentsTest.java","60","5","60","96","0","0","0","0","0","0","0","0","0","0","0","0","0","0","0","0","0","0","0","0","0","0","0","0"
"L65633","buildWatcher","jenkins.agents.WebSocketAgentsTest.buildWatcher;LBuildWatcher;","L65628","L103","C:\GIT\pris2\SourceMeter\Guille\jenkins-jenkins-2.328\test\src\test\java\jenkins\agents\WebSocketAgentsTest.java","62","5","63","66","0","0","0","0","0","0","0","0","0","0","0","0","0","0","0","0","0","0","0","0","0","0","0","0"
"L65634","r","jenkins.agents.WebSocketAgentsTest.r;LJenkinsRule;","L65628","L103","C:\GIT\pris2\SourceMeter\Guille\jenkins-jenkins-2.328\test\src\test\java\jenkins\agents\WebSocketAgentsTest.java","65","5","66","46","0","0","0","0","0","0","0","0","0","0","0","0","0","0","0","0","0","0","0","0","0","0","0","0"
"L65635","logging","jenkins.agents.WebSocketAgentsTest.logging;LLoggerRule;","L65628","L103","C:\GIT\pris2\SourceMeter\Guille\jenkins-jenkins-2.328\test\src\test\java\jenkins\agents\WebSocketAgentsTest.java","68","5","73","44","0","0","0","0","0","0","0","0","0","0","0","0","0","0","0","0","0","0","0","0","0","0","0","0"
"L65636","tmp","jenkins.agents.WebSocketAgentsTest.tmp;LTemporaryFolder;","L65628","L103","C:\GIT\pris2\SourceMeter\Guille\jenkins-jenkins-2.328\test\src\test\java\jenkins\agents\WebSocketAgentsTest.java","75","5","76","56","0","0","0","0","0","0","0","0","0","0","0","0","0","0","0","0","0","0","0","0","0","0","0","0"
"L65686","GET_CLASS_LOADING_LOCK","jenkins.ClassLoaderReflectionToolkit$GetClassLoadingLock.GET_CLASS_LOADING_LOCK;Ljava/lang/reflect/Method;","L65688","L103","C:\GIT\pris2\SourceMeter\Guille\jenkins-jenkins-2.328\core\src\main\java\jenkins\ClassLoaderReflectionToolkit.java","74","9","74","60","0","0","0","0","0","0","0","0","0","0","0","0","0","0","0","0","0","0","0","0","0","0","0","0"
"L65693","FIND_LOADED_CLASS","jenkins.ClassLoaderReflectionToolkit$FindLoadedClass.FIND_LOADED_CLASS;Ljava/lang/reflect/Method;","L65691","L103","C:\GIT\pris2\SourceMeter\Guille\jenkins-jenkins-2.328\core\src\main\java\jenkins\ClassLoaderReflectionToolkit.java","89","9","89","55","0","0","0","0","0","0","0","0","0","0","0","0","0","0","0","0","0","0","0","0","0","0","0","0"
"L65698","FIND_CLASS","jenkins.ClassLoaderReflectionToolkit$FindClass.FIND_CLASS;Ljava/lang/reflect/Method;","L65696","L103","C:\GIT\pris2\SourceMeter\Guille\jenkins-jenkins-2.328\core\src\main\java\jenkins\ClassLoaderReflectionToolkit.java","102","9","102","48","0","0","0","0","0","0","0","0","0","0","0","0","0","0","0","0","0","0","0","0","0","0","0","0"
"L65714","FIND_RESOURCE","jenkins.ClassLoaderReflectionToolkit$FindResource.FIND_RESOURCE;Ljava/lang/reflect/Method;","L65716","L103","C:\GIT\pris2\SourceMeter\Guille\jenkins-jenkins-2.328\core\src\main\java\jenkins\ClassLoaderReflectionToolkit.java","182","9","182","51","0","0","0","0","0","0","0","0","0","0","0","0","0","0","0","0","0","0","0","0","0","0","0","0"
"L65724","FIND_RESOURCES","jenkins.ClassLoaderReflectionToolkit$FindResources.FIND_RESOURCES;Ljava/lang/reflect/Method;","L65726","L103","C:\GIT\pris2\SourceMeter\Guille\jenkins-jenkins-2.328\core\src\main\java\jenkins\ClassLoaderReflectionToolkit.java","221","9","221","52","0","0","0","0","0","0","0","0","0","0","0","0","0","0","0","0","0","0","0","0","0","0","0","0"
"L65736","jobNames","jenkins.cli.StopBuildsCommand.jobNames;Ljava/util/List;","L65734","L103","C:\GIT\pris2\SourceMeter\Guille\jenkins-jenkins-2.328\core\src\main\java\jenkins\cli\StopBuildsCommand.java","45","5","46","35","0","0","0","0","0","0","0","0","0","0","0","0","0","0","0","0","0","0","0","0","0","0","0","0"
"L65737","isAnyBuildStopped","jenkins.cli.StopBuildsCommand.isAnyBuildStopped;Z","L65734","L103","C:\GIT\pris2\SourceMeter\Guille\jenkins-jenkins-2.328\core\src\main\java\jenkins\cli\StopBuildsCommand.java","48","5","48","39","0","0","0","0","0","0","0","0","0","0","0","0","0","0","0","0","0","0","0","0","0","0","0","0"
"L65761","j","jenkins.cli.StopBuildsCommandTest.j;LJenkinsRule;","L65759","L103","C:\GIT\pris2\SourceMeter\Guille\jenkins-jenkins-2.328\test\src\test\java\jenkins\cli\StopBuildsCommandTest.java","50","5","51","46","0","0","0","0","0","0","0","0","0","0","0","0","0","0","0","0","0","0","0","0","0","0","0","0"
"L65762","TEST_JOB_NAME","jenkins.cli.StopBuildsCommandTest.TEST_JOB_NAME;Ljava/lang/String;","L65759","L103","C:\GIT\pris2\SourceMeter\Guille\jenkins-jenkins-2.328\test\src\test\java\jenkins\cli\StopBuildsCommandTest.java","53","5","53","59","0","0","0","0","0","0","0","0","0","0","0","0","0","0","0","0","0","0","0","0","0","0","0","0"
"L65763","TEST_JOB_NAME_2","jenkins.cli.StopBuildsCommandTest.TEST_JOB_NAME_2;Ljava/lang/String;","L65759","L103","C:\GIT\pris2\SourceMeter\Guille\jenkins-jenkins-2.328\test\src\test\java\jenkins\cli\StopBuildsCommandTest.java","54","5","54","62","0","0","0","0","0","0","0","0","0","0","0","0","0","0","0","0","0","0","0","0","0","0","0","0"
"L65764","LN","jenkins.cli.StopBuildsCommandTest.LN;Ljava/lang/String;","L65759","L103","C:\GIT\pris2\SourceMeter\Guille\jenkins-jenkins-2.328\test\src\test\java\jenkins\cli\StopBuildsCommandTest.java","55","5","55","61","0","0","0","0","0","0","0","0","0","0","0","0","0","0","0","0","0","0","0","0","0","0","0","0"
"L65809","owner","jenkins.diagnosis.HsErrPidFile.owner;Ljenkins/diagnosis/HsErrPidList;","L65807","L103","C:\GIT\pris2\SourceMeter\Guille\jenkins-jenkins-2.328\core\src\main\java\jenkins\diagnosis\HsErrPidFile.java","19","5","19","38","0","0","0","0","0","0","0","0","0","0","0","0","0","0","0","0","0","0","0","0","0","0","0","0"
"L65813","file","jenkins.diagnosis.HsErrPidFile.file;Ljava/io/File;","L65807","L103","C:\GIT\pris2\SourceMeter\Guille\jenkins-jenkins-2.328\core\src\main\java\jenkins\diagnosis\HsErrPidFile.java","20","5","20","29","0","0","0","0","0","0","0","0","0","0","0","0","0","0","0","0","0","0","0","0","0","0","0","0"
"L65828","files","jenkins.diagnosis.HsErrPidList.files;Ljava/util/List;","L65810","L103","C:\GIT\pris2\SourceMeter\Guille\jenkins-jenkins-2.328\core\src\main\java\jenkins\diagnosis\HsErrPidList.java","41","17","41","68","0","0","0","0","0","0","0","0","0","0","0","0","0","0","0","0","0","0","0","0","0","0","0","0"
"L65841","map","jenkins.diagnosis.HsErrPidList.map;Ljava/nio/MappedByteBuffer;","L65810","L103","C:\GIT\pris2\SourceMeter\Guille\jenkins-jenkins-2.328\core\src\main\java\jenkins\diagnosis\HsErrPidList.java","46","5","46","34","0","0","0","0","0","0","0","0","0","0","0","0","0","0","0","0","0","0","0","0","0","0","0","0"
"L65859","ERROR_FILE_OPTION","jenkins.diagnosis.HsErrPidList.ERROR_FILE_OPTION;Ljava/lang/String;","L65810","L103","C:\GIT\pris2\SourceMeter\Guille\jenkins-jenkins-2.328\core\src\main\java\jenkins\diagnosis\HsErrPidList.java","169","5","169","70","0","0","0","0","0","0","0","0","0","0","0","0","0","0","0","0","0","0","0","0","0","0","0","0"
"L65861","LOGGER","jenkins.diagnosis.HsErrPidList.LOGGER;Ljava/util/logging/Logger;","L65810","L103","C:\GIT\pris2\SourceMeter\Guille\jenkins-jenkins-2.328\core\src\main\java\jenkins\diagnosis\HsErrPidList.java","170","5","170","89","0","0","0","0","0","0","0","0","0","0","0","0","0","0","0","0","0","0","0","0","0","0","0","0"
"L65935","LOGGER","jenkins.diagnostics.URICheckEncodingMonitor.LOGGER;Ljava/util/logging/Logger;","L65933","L103","C:\GIT\pris2\SourceMeter\Guille\jenkins-jenkins-2.328\core\src\main\java\jenkins\diagnostics\URICheckEncodingMonitor.java","22","5","22","100","0","0","0","0","0","0","0","0","0","0","0","0","0","0","0","0","0","0","0","0","0","0","0","0"
"L65946","j","jenkins.diagnostics.ControllerExecutorsAgentsTest.j;LJenkinsRule;","L65944","L103","C:\GIT\pris2\SourceMeter\Guille\jenkins-jenkins-2.328\test\src\test\java\jenkins\diagnostics\ControllerExecutorsAgentsTest.java","39","5","40","46","0","0","0","0","0","0","0","0","0","0","0","0","0","0","0","0","0","0","0","0","0","0","0","0"
"L65957","j","jenkins.diagnostics.ControllerExecutorsNoAgentsTest.j;LJenkinsRule;","L65955","L103","C:\GIT\pris2\SourceMeter\Guille\jenkins-jenkins-2.328\test\src\test\java\jenkins\diagnostics\ControllerExecutorsNoAgentsTest.java","40","5","41","46","0","0","0","0","0","0","0","0","0","0","0","0","0","0","0","0","0","0","0","0","0","0","0","0"
"L65968","j","jenkins.diagnostics.RootUrlNotSetMonitorTest.j;LJenkinsRule;","L65966","L103","C:\GIT\pris2\SourceMeter\Guille\jenkins-jenkins-2.328\test\src\test\java\jenkins\diagnostics\RootUrlNotSetMonitorTest.java","40","5","41","46","0","0","0","0","0","0","0","0","0","0","0","0","0","0","0","0","0","0","0","0","0","0","0","0"
"L66068","logger","jenkins.fingerprints.FileFingerprintStorage.logger;Ljava/util/logging/Logger;","L32143","L103","C:\GIT\pris2\SourceMeter\Guille\jenkins-jenkins-2.328\core\src\main\java\jenkins\fingerprints\FileFingerprintStorage.java","71","5","71","99","0","0","0","0","0","0","0","0","0","0","0","0","0","0","0","0","0","0","0","0","0","0","0","0"
"L66069","DATE_CONVERTER","jenkins.fingerprints.FileFingerprintStorage.DATE_CONVERTER;LDateConverter;","L32143","L103","C:\GIT\pris2\SourceMeter\Guille\jenkins-jenkins-2.328\core\src\main\java\jenkins\fingerprints\FileFingerprintStorage.java","72","5","72","77","0","0","0","0","0","0","0","0","0","0","0","0","0","0","0","0","0","0","0","0","0","0","0","0"
"L46384","FINGERPRINTS_DIR_NAME","jenkins.fingerprints.FileFingerprintStorage.FINGERPRINTS_DIR_NAME;Ljava/lang/String;","L32143","L103","C:\GIT\pris2\SourceMeter\Guille\jenkins-jenkins-2.328\core\src\main\java\jenkins\fingerprints\FileFingerprintStorage.java","73","5","73","71","0","0","0","0","0","0","0","0","0","0","0","0","0","0","0","0","0","0","0","0","0","0","0","0"
"L66070","FINGERPRINT_FILE_PATTERN","jenkins.fingerprints.FileFingerprintStorage.FINGERPRINT_FILE_PATTERN;Ljava/util/regex/Pattern;","L32143","L103","C:\GIT\pris2\SourceMeter\Guille\jenkins-jenkins-2.328\core\src\main\java\jenkins\fingerprints\FileFingerprintStorage.java","74","5","74","99","0","0","0","0","0","0","0","0","0","0","0","0","0","0","0","0","0","0","0","0","0","0","0","0"
"L66188","storage","jenkins.fingerprints.GlobalFingerprintConfiguration.storage;Ljenkins/fingerprints/FingerprintStorage;","L66157","L103","C:\GIT\pris2\SourceMeter\Guille\jenkins-jenkins-2.328\core\src\main\java\jenkins\fingerprints\GlobalFingerprintConfiguration.java","44","5","44","102","0","0","0","0","0","0","0","0","0","0","0","0","0","0","0","0","0","0","0","0","0","0","0","0"
"L66189","LOGGER","jenkins.fingerprints.GlobalFingerprintConfiguration.LOGGER;Ljava/util/logging/Logger;","L66157","L103","C:\GIT\pris2\SourceMeter\Guille\jenkins-jenkins-2.328\core\src\main\java\jenkins\fingerprints\GlobalFingerprintConfiguration.java","45","5","45","107","0","0","0","0","0","0","0","0","0","0","0","0","0","0","0","0","0","0","0","0","0","0","0","0"
"L66190","fingerprintCleanupDisabled","jenkins.fingerprints.GlobalFingerprintConfiguration.fingerprintCleanupDisabled;Z","L66157","L103","C:\GIT\pris2\SourceMeter\Guille\jenkins-jenkins-2.328\core\src\main\java\jenkins\fingerprints\GlobalFingerprintConfiguration.java","46","5","46","48","0","0","0","0","0","0","0","0","0","0","0","0","0","0","0","0","0","0","0","0","0","0","0","0"
"L66205","jenkinsRule","jenkins.fingerprints.FingerprintStorageTest.jenkinsRule;LJenkinsRule;","L66203","L103","C:\GIT\pris2\SourceMeter\Guille\jenkins-jenkins-2.328\test\src\test\java\jenkins\fingerprints\FingerprintStorageTest.java","44","5","45","56","0","0","0","0","0","0","0","0","0","0","0","0","0","0","0","0","0","0","0","0","0","0","0","0"
"L66222","ENABLED","jenkins.formelementpath.FormElementPathPageDecorator.ENABLED;Z","L66220","L103","C:\GIT\pris2\SourceMeter\Guille\jenkins-jenkins-2.328\core\src\main\java\jenkins\formelementpath\FormElementPathPageDecorator.java","11","5","13","100","0","0","0","0","0","0","0","0","0","0","0","0","0","0","0","0","0","0","0","0","0","0","0","0"
"L66298","UNUSED_INNER_CLASSES","jenkins.install.InstallState.UNUSED_INNER_CLASSES;[Ljenkins/install/InstallState;","L66296","L103","C:\GIT\pris2\SourceMeter\Guille\jenkins-jenkins-2.328\core\src\main\java\jenkins\install\InstallState.java","64","5","73","7","0","0","0","0","0","0","0","0","0","0","0","0","0","0","0","0","0","0","0","0","0","0","0","0"
"L66329","UNKNOWN","jenkins.install.InstallState.UNKNOWN;Ljenkins/install/InstallState;","L66296","L103","C:\GIT\pris2\SourceMeter\Guille\jenkins-jenkins-2.328\core\src\main\java\jenkins\install\InstallState.java","78","5","79","62","0","0","0","0","0","0","0","0","0","0","0","0","0","0","0","0","0","0","0","0","0","0","0","0"
"L66336","RUNNING","jenkins.install.InstallState.RUNNING;Ljenkins/install/InstallState;","L66296","L103","C:\GIT\pris2\SourceMeter\Guille\jenkins-jenkins-2.328\core\src\main\java\jenkins\install\InstallState.java","95","5","96","82","0","0","0","0","0","0","0","0","0","0","0","0","0","0","0","0","0","0","0","0","0","0","0","0"
"L66338","INITIAL_SETUP_COMPLETED","jenkins.install.InstallState.INITIAL_SETUP_COMPLETED;Ljenkins/install/InstallState;","L66296","L103","C:\GIT\pris2\SourceMeter\Guille\jenkins-jenkins-2.328\core\src\main\java\jenkins\install\InstallState.java","101","5","102","92","0","0","0","0","0","0","0","0","0","0","0","0","0","0","0","0","0","0","0","0","0","0","0","0"
"L66350","CREATE_ADMIN_USER","jenkins.install.InstallState.CREATE_ADMIN_USER;Ljenkins/install/InstallState;","L66296","L103","C:\GIT\pris2\SourceMeter\Guille\jenkins-jenkins-2.328\core\src\main\java\jenkins\install\InstallState.java","124","5","125","80","0","0","0","0","0","0","0","0","0","0","0","0","0","0","0","0","0","0","0","0","0","0","0","0"
"L66359","CONFIGURE_INSTANCE","jenkins.install.InstallState.CONFIGURE_INSTANCE;Ljenkins/install/InstallState;","L66296","L103","C:\GIT\pris2\SourceMeter\Guille\jenkins-jenkins-2.328\core\src\main\java\jenkins\install\InstallState.java","143","5","144","83","0","0","0","0","0","0","0","0","0","0","0","0","0","0","0","0","0","0","0","0","0","0","0","0"
"L50839","INITIAL_PLUGINS_INSTALLING","jenkins.install.InstallState.INITIAL_PLUGINS_INSTALLING;Ljenkins/install/InstallState;","L66296","L103","C:\GIT\pris2\SourceMeter\Guille\jenkins-jenkins-2.328\core\src\main\java\jenkins\install\InstallState.java","165","5","166","121","0","0","0","0","0","0","0","0","0","0","0","0","0","0","0","0","0","0","0","0","0","0","0","0"
"L66368","INITIAL_SECURITY_SETUP","jenkins.install.InstallState.INITIAL_SECURITY_SETUP;Ljenkins/install/InstallState;","L66296","L103","C:\GIT\pris2\SourceMeter\Guille\jenkins-jenkins-2.328\core\src\main\java\jenkins\install\InstallState.java","171","5","172","90","0","0","0","0","0","0","0","0","0","0","0","0","0","0","0","0","0","0","0","0","0","0","0","0"
"L66378","NEW","jenkins.install.InstallState.NEW;Ljenkins/install/InstallState;","L66296","L103","C:\GIT\pris2\SourceMeter\Guille\jenkins-jenkins-2.328\core\src\main\java\jenkins\install\InstallState.java","194","5","195","75","0","0","0","0","0","0","0","0","0","0","0","0","0","0","0","0","0","0","0","0","0","0","0","0"
"L66380","RESTART","jenkins.install.InstallState.RESTART;Ljenkins/install/InstallState;","L66296","L103","C:\GIT\pris2\SourceMeter\Guille\jenkins-jenkins-2.328\core\src\main\java\jenkins\install\InstallState.java","200","5","201","62","0","0","0","0","0","0","0","0","0","0","0","0","0","0","0","0","0","0","0","0","0","0","0","0"
"L66389","UPGRADE","jenkins.install.InstallState.UPGRADE;Ljenkins/install/InstallState;","L66296","L103","C:\GIT\pris2\SourceMeter\Guille\jenkins-jenkins-2.328\core\src\main\java\jenkins\install\InstallState.java","217","5","218","62","0","0","0","0","0","0","0","0","0","0","0","0","0","0","0","0","0","0","0","0","0","0","0","0"
"L66414","DOWNGRADE","jenkins.install.InstallState.DOWNGRADE;Ljenkins/install/InstallState;","L66296","L103","C:\GIT\pris2\SourceMeter\Guille\jenkins-jenkins-2.328\core\src\main\java\jenkins\install\InstallState.java","260","5","261","66","0","0","0","0","0","0","0","0","0","0","0","0","0","0","0","0","0","0","0","0","0","0","0","0"
"L66408","LOGGER","jenkins.install.InstallState.LOGGER;Ljava/util/logging/Logger;","L66296","L103","C:\GIT\pris2\SourceMeter\Guille\jenkins-jenkins-2.328\core\src\main\java\jenkins\install\InstallState.java","277","5","277","89","0","0","0","0","0","0","0","0","0","0","0","0","0","0","0","0","0","0","0","0","0","0","0","0"
"L66421","TEST","jenkins.install.InstallState.TEST;Ljenkins/install/InstallState;","L66296","L103","C:\GIT\pris2\SourceMeter\Guille\jenkins-jenkins-2.328\core\src\main\java\jenkins\install\InstallState.java","282","5","282","76","0","0","0","0","0","0","0","0","0","0","0","0","0","0","0","0","0","0","0","0","0","0","0","0"
"L66423","DEVELOPMENT","jenkins.install.InstallState.DEVELOPMENT;Ljenkins/install/InstallState;","L66296","L103","C:\GIT\pris2\SourceMeter\Guille\jenkins-jenkins-2.328\core\src\main\java\jenkins\install\InstallState.java","288","5","288","90","0","0","0","0","0","0","0","0","0","0","0","0","0","0","0","0","0","0","0","0","0","0","0","0"
"L66425","isSetupComplete","jenkins.install.InstallState.isSetupComplete;Z","L66296","L103","C:\GIT\pris2\SourceMeter\Guille\jenkins-jenkins-2.328\core\src\main\java\jenkins\install\InstallState.java","290","5","290","53","0","0","0","0","0","0","0","0","0","0","0","0","0","0","0","0","0","0","0","0","0","0","0","0"
"L66426","name","jenkins.install.InstallState.name;Ljava/lang/String;","L66296","L103","C:\GIT\pris2\SourceMeter\Guille\jenkins-jenkins-2.328\core\src\main\java\jenkins\install\InstallState.java","295","5","295","31","0","0","0","0","0","0","0","0","0","0","0","0","0","0","0","0","0","0","0","0","0","0","0","0"
"L66469","LOGGER","jenkins.install.InstallUtil.LOGGER;Ljava/util/logging/Logger;","L66466","L103","C:\GIT\pris2\SourceMeter\Guille\jenkins-jenkins-2.328\core\src\main\java\jenkins\install\InstallUtil.java","69","5","69","88","0","0","0","0","0","0","0","0","0","0","0","0","0","0","0","0","0","0","0","0","0","0","0","0"
"L50609","NEW_INSTALL_VERSION","jenkins.install.InstallUtil.NEW_INSTALL_VERSION;LVersionNumber;","L66466","L103","C:\GIT\pris2\SourceMeter\Guille\jenkins-jenkins-2.328\core\src\main\java\jenkins\install\InstallUtil.java","72","5","73","86","0","0","0","0","0","0","0","0","0","0","0","0","0","0","0","0","0","0","0","0","0","0","0","0"
"L66473","FORCE_NEW_INSTALL_VERSION","jenkins.install.InstallUtil.FORCE_NEW_INSTALL_VERSION;LVersionNumber;","L66466","L103","C:\GIT\pris2\SourceMeter\Guille\jenkins-jenkins-2.328\core\src\main\java\jenkins\install\InstallUtil.java","74","5","74","93","0","0","0","0","0","0","0","0","0","0","0","0","0","0","0","0","0","0","0","0","0","0","0","0"
"L66566","initialSetupAdminUserName","jenkins.install.SetupWizard.initialSetupAdminUserName;Ljava/lang/String;","L66561","L103","C:\GIT\pris2\SourceMeter\Guille\jenkins-jenkins-2.328\core\src\main\java\jenkins\install\SetupWizard.java","94","5","95","62","0","0","0","0","0","0","0","0","0","0","0","0","0","0","0","0","0","0","0","0","0","0","0","0"
"L66568","LOGGER","jenkins.install.SetupWizard.LOGGER;Ljava/util/logging/Logger;","L66561","L103","C:\GIT\pris2\SourceMeter\Guille\jenkins-jenkins-2.328\core\src\main\java\jenkins\install\SetupWizard.java","97","5","97","88","0","0","0","0","0","0","0","0","0","0","0","0","0","0","0","0","0","0","0","0","0","0","0","0"
"L66571","ADMIN_INITIAL_API_TOKEN_PROPERTY_NAME","jenkins.install.SetupWizard.ADMIN_INITIAL_API_TOKEN_PROPERTY_NAME;Ljava/lang/String;","L66561","L103","C:\GIT\pris2\SourceMeter\Guille\jenkins-jenkins-2.328\core\src\main\java\jenkins\install\SetupWizard.java","99","5","99","127","0","0","0","0","0","0","0","0","0","0","0","0","0","0","0","0","0","0","0","0","0","0","0","0"
"L66572","ADMIN_INITIAL_API_TOKEN","jenkins.install.SetupWizard.ADMIN_INITIAL_API_TOKEN;Ljava/lang/String;","L66561","L103","C:\GIT\pris2\SourceMeter\Guille\jenkins-jenkins-2.328\core\src\main\java\jenkins\install\SetupWizard.java","127","5","129","135","0","0","0","0","0","0","0","0","0","0","0","0","0","0","0","0","0","0","0","0","0","0","0","0"
"L66600","FORCE_SETUP_WIZARD_FILTER","jenkins.install.SetupWizard.FORCE_SETUP_WIZARD_FILTER;Ljavax/servlet/Filter;","L66561","L103","C:\GIT\pris2\SourceMeter\Guille\jenkins-jenkins-2.328\core\src\main\java\jenkins\install\SetupWizard.java","746","5","779","7","0","0","0","0","0","0","0","0","0","0","0","0","0","0","0","0","0","0","0","0","0","0","0","0"
"L66696","j","jenkins.install.InstallStateTest.j;LJenkinsRule;","L66693","L103","C:\GIT\pris2\SourceMeter\Guille\jenkins-jenkins-2.328\test\src\test\java\jenkins\install\InstallStateTest.java","50","5","51","46","0","0","0","0","0","0","0","0","0","0","0","0","0","0","0","0","0","0","0","0","0","0","0","0"
"L66710","jenkinsRule","jenkins.install.InstallUtilTest.jenkinsRule;LJenkinsRule;","L66707","L103","C:\GIT\pris2\SourceMeter\Guille\jenkins-jenkins-2.328\test\src\test\java\jenkins\install\InstallUtilTest.java","65","5","66","56","0","0","0","0","0","0","0","0","0","0","0","0","0","0","0","0","0","0","0","0","0","0","0","0"
"L66737","rr","jenkins.install.LoadDetachedPluginsTest.rr;LRestartableJenkinsRule;","L66735","L103","C:\GIT\pris2\SourceMeter\Guille\jenkins-jenkins-2.328\test\src\test\java\jenkins\install\LoadDetachedPluginsTest.java","63","5","63","92","0","0","0","0","0","0","0","0","0","0","0","0","0","0","0","0","0","0","0","0","0","0","0","0"
"L66739","logging","jenkins.install.LoadDetachedPluginsTest.logging;LLoggerRule;","L66735","L103","C:\GIT\pris2\SourceMeter\Guille\jenkins-jenkins-2.328\test\src\test\java\jenkins\install\LoadDetachedPluginsTest.java","64","5","64","56","0","0","0","0","0","0","0","0","0","0","0","0","0","0","0","0","0","0","0","0","0","0","0","0"
"L66774","sessions","jenkins.install.SetupWizardRestartTest.sessions;LJenkinsSessionRule;","L66772","L103","C:\GIT\pris2\SourceMeter\Guille\jenkins-jenkins-2.328\test\src\test\java\jenkins\install\SetupWizardRestartTest.java","17","5","18","67","0","0","0","0","0","0","0","0","0","0","0","0","0","0","0","0","0","0","0","0","0","0","0","0"
"L66784","j","jenkins.install.SetupWizardTest.j;LJenkinsRule;","L66781","L103","C:\GIT\pris2\SourceMeter\Guille\jenkins-jenkins-2.328\test\src\test\java\jenkins\install\SetupWizardTest.java","77","5","78","46","0","0","0","0","0","0","0","0","0","0","0","0","0","0","0","0","0","0","0","0","0","0","0","0"
"L66785","tmpdir","jenkins.install.SetupWizardTest.tmpdir;LTemporaryFolder;","L66781","L103","C:\GIT\pris2\SourceMeter\Guille\jenkins-jenkins-2.328\test\src\test\java\jenkins\install\SetupWizardTest.java","80","5","81","59","0","0","0","0","0","0","0","0","0","0","0","0","0","0","0","0","0","0","0","0","0","0","0","0"
"L66841","CERT","jenkins.install.SetupWizardTest.CERT;Ljava/lang/String;","L66781","L103","C:\GIT\pris2\SourceMeter\Guille\jenkins-jenkins-2.328\test\src\test\java\jenkins\install\SetupWizardTest.java","473","5","504","43","0","0","0","0","0","0","0","0","0","0","0","0","0","0","0","0","0","0","0","0","0","0","0","0"
"L66956","monitorsList","jenkins.management.AdministrativeMonitorsApiData.monitorsList;Ljava/util/List;","L66936","L103","C:\GIT\pris2\SourceMeter\Guille\jenkins-jenkins-2.328\core\src\main\java\jenkins\management\AdministrativeMonitorsApiData.java","11","5","11","80","0","0","0","0","0","0","0","0","0","0","0","0","0","0","0","0","0","0","0","0","0","0","0","0"
"L66972","LOGGER","jenkins.management.AdministrativeMonitorsConfiguration.LOGGER;Ljava/util/logging/Logger;","L66967","L103","C:\GIT\pris2\SourceMeter\Guille\jenkins-jenkins-2.328\core\src\main\java\jenkins\management\AdministrativeMonitorsConfiguration.java","61","5","61","106","0","0","0","0","0","0","0","0","0","0","0","0","0","0","0","0","0","0","0","0","0","0","0","0"
"L66977","ignoredJenkinsRestOfUrls","jenkins.management.AdministrativeMonitorsDecorator.ignoredJenkinsRestOfUrls;Ljava/util/Collection;","L66953","L103","C:\GIT\pris2\SourceMeter\Guille\jenkins-jenkins-2.328\core\src\main\java\jenkins\management\AdministrativeMonitorsDecorator.java","52","5","52","83","0","0","0","0","0","0","0","0","0","0","0","0","0","0","0","0","0","0","0","0","0","0","0","0"
"L67010","fixThread","jenkins.management.AsynchronousAdministrativeMonitor.fixThread;Ljenkins/management/AsynchronousAdministrativeMonitor$FixThread;","L67007","L103","C:\GIT\pris2\SourceMeter\Guille\jenkins-jenkins-2.328\core\src\main\java\jenkins\management\AsynchronousAdministrativeMonitor.java","39","5","39","42","0","0","0","0","0","0","0","0","0","0","0","0","0","0","0","0","0","0","0","0","0","0","0","0"
"L67044","LOGGER","jenkins.management.AsynchronousAdministrativeMonitor.LOGGER;Ljava/util/logging/Logger;","L67007","L103","C:\GIT\pris2\SourceMeter\Guille\jenkins-jenkins-2.328\core\src\main\java\jenkins\management\AsynchronousAdministrativeMonitor.java","141","5","141","110","0","0","0","0","0","0","0","0","0","0","0","0","0","0","0","0","0","0","0","0","0","0","0","0"
"L67110","LOGGER","jenkins.management.ShutdownLink.LOGGER;Ljava/util/logging/Logger;","L67108","L103","C:\GIT\pris2\SourceMeter\Guille\jenkins-jenkins-2.328\core\src\main\java\jenkins\management\ShutdownLink.java","46","5","46","89","0","0","0","0","0","0","0","0","0","0","0","0","0","0","0","0","0","0","0","0","0","0","0","0"
"L67155","j","jenkins.management.AdministrativeMonitorsDecoratorTest.j;LJenkinsRule;","L67153","L103","C:\GIT\pris2\SourceMeter\Guille\jenkins-jenkins-2.328\test\src\test\java\jenkins\management\AdministrativeMonitorsDecoratorTest.java","43","5","44","46","0","0","0","0","0","0","0","0","0","0","0","0","0","0","0","0","0","0","0","0","0","0","0","0"
"L67332","artifactManagerFactories","jenkins.model.ArtifactManagerConfiguration.artifactManagerFactories;Lhudson/util/DescribableList;","L67324","L103","C:\GIT\pris2\SourceMeter\Guille\jenkins-jenkins-2.328\core\src\main\java\jenkins\model\ArtifactManagerConfiguration.java","47","5","47","148","0","0","0","0","0","0","0","0","0","0","0","0","0","0","0","0","0","0","0","0","0","0","0","0"
"L67374","LOGGER","jenkins.model.BackgroundGlobalBuildDiscarder.LOGGER;Ljava/util/logging/Logger;","L67372","L103","C:\GIT\pris2\SourceMeter\Guille\jenkins-jenkins-2.328\core\src\main\java\jenkins\model\BackgroundGlobalBuildDiscarder.java","46","5","46","107","0","0","0","0","0","0","0","0","0","0","0","0","0","0","0","0","0","0","0","0","0","0","0","0"
"L67400","build","jenkins.model.BlockedBecauseOfBuildInProgress.build;Lhudson/model/Run;","L27410","L103","C:\GIT\pris2\SourceMeter\Guille\jenkins-jenkins-2.328\core\src\main\java\jenkins\model\BlockedBecauseOfBuildInProgress.java","40","5","41","35","0","0","0","0","0","0","0","0","0","0","0","0","0","0","0","0","0","0","0","0","0","0","0","0"
"L67450","strategy","jenkins.model.BuildDiscarderProperty.strategy;Ljenkins/model/BuildDiscarder;","L33421","L103","C:\GIT\pris2\SourceMeter\Guille\jenkins-jenkins-2.328\core\src\main\java\jenkins\model\BuildDiscarderProperty.java","41","5","41","43","0","0","0","0","0","0","0","0","0","0","0","0","0","0","0","0","0","0","0","0","0","0","0","0"
"L67503","serialVersionUID","jenkins.model.CauseOfInterruption.serialVersionUID;J","L31292","L103","C:\GIT\pris2\SourceMeter\Guille\jenkins-jenkins-2.328\core\src\main\java\jenkins\model\CauseOfInterruption.java","150","5","150","53","0","0","0","0","0","0","0","0","0","0","0","0","0","0","0","0","0","0","0","0","0","0","0","0"
"L67542","DESCRIPTOR","jenkins.model.DefaultUserCanonicalIdResolver.DESCRIPTOR;Lhudson/model/Descriptor;","L67531","L103","C:\GIT\pris2\SourceMeter\Guille\jenkins-jenkins-2.328\core\src\main\java\jenkins\model\DefaultUserCanonicalIdResolver.java","61","5","66","7","0","0","0","0","0","0","0","0","0","0","0","0","0","0","0","0","0","0","0","0","0","0","0","0"
"L67565","fingerprint","jenkins.model.FingerprintFacet.fingerprint;Lhudson/model/Fingerprint;","L31952","L103","C:\GIT\pris2\SourceMeter\Guille\jenkins-jenkins-2.328\core\src\main\java\jenkins\model\FingerprintFacet.java","60","5","60","47","0","0","0","0","0","0","0","0","0","0","0","0","0","0","0","0","0","0","0","0","0","0","0","0"
"L67566","timestamp","jenkins.model.FingerprintFacet.timestamp;J","L31952","L103","C:\GIT\pris2\SourceMeter\Guille\jenkins-jenkins-2.328\core\src\main\java\jenkins\model\FingerprintFacet.java","62","5","62","34","0","0","0","0","0","0","0","0","0","0","0","0","0","0","0","0","0","0","0","0","0","0","0","0"
"L67584","configuredBuildDiscarders","jenkins.model.GlobalBuildDiscarderConfiguration.configuredBuildDiscarders;Lhudson/util/DescribableList;","L67579","L103","C:\GIT\pris2\SourceMeter\Guille\jenkins-jenkins-2.328\core\src\main\java\jenkins\model\GlobalBuildDiscarderConfiguration.java","55","5","56","107","0","0","0","0","0","0","0","0","0","0","0","0","0","0","0","0","0","0","0","0","0","0","0","0"
"L67604","LOGGER","jenkins.model.GlobalBuildDiscarderListener.LOGGER;Ljava/util/logging/Logger;","L67601","L103","C:\GIT\pris2\SourceMeter\Guille\jenkins-jenkins-2.328\core\src\main\java\jenkins\model\GlobalBuildDiscarderListener.java","44","5","44","105","0","0","0","0","0","0","0","0","0","0","0","0","0","0","0","0","0","0","0","0","0","0","0","0"
"L67615","LOGGER","jenkins.model.GlobalBuildDiscarderStrategy.LOGGER;Ljava/util/logging/Logger;","L67390","L103","C:\GIT\pris2\SourceMeter\Guille\jenkins-jenkins-2.328\core\src\main\java\jenkins\model\GlobalBuildDiscarderStrategy.java","43","5","43","105","0","0","0","0","0","0","0","0","0","0","0","0","0","0","0","0","0","0","0","0","0","0","0","0"
"L67870","PSEUDO_UNICODE_PATTERN","jenkins.model.IdStrategy.PSEUDO_UNICODE_PATTERN;Ljava/util/regex/Pattern;","L42805","L103","C:\GIT\pris2\SourceMeter\Guille\jenkins-jenkins-2.328\core\src\main\java\jenkins\model\IdStrategy.java","53","5","53","93","0","0","0","0","0","0","0","0","0","0","0","0","0","0","0","0","0","0","0","0","0","0","0","0"
"L67871","CAPITALIZATION_PATTERN","jenkins.model.IdStrategy.CAPITALIZATION_PATTERN;Ljava/util/regex/Pattern;","L42805","L103","C:\GIT\pris2\SourceMeter\Guille\jenkins-jenkins-2.328\core\src\main\java\jenkins\model\IdStrategy.java","54","5","54","85","0","0","0","0","0","0","0","0","0","0","0","0","0","0","0","0","0","0","0","0","0","0","0","0"
"L42810","CASE_INSENSITIVE","jenkins.model.IdStrategy.CASE_INSENSITIVE;Ljenkins/model/IdStrategy;","L42805","L103","C:\GIT\pris2\SourceMeter\Guille\jenkins-jenkins-2.328\core\src\main\java\jenkins\model\IdStrategy.java","59","5","60","71","0","0","0","0","0","0","0","0","0","0","0","0","0","0","0","0","0","0","0","0","0","0","0","0"
"L67971","causes","jenkins.model.InterruptedBuildAction.causes;Ljava/util/List;","L31345","L103","C:\GIT\pris2\SourceMeter\Guille\jenkins-jenkins-2.328\core\src\main\java\jenkins\model\InterruptedBuildAction.java","44","5","44","52","0","0","0","0","0","0","0","0","0","0","0","0","0","0","0","0","0","0","0","0","0","0","0","0"
"L67978","message","jenkins.model.InvalidBuildsDir.message;Ljava/lang/String;","L67977","L103","C:\GIT\pris2\SourceMeter\Guille\jenkins-jenkins-2.328\core\src\main\java\jenkins\model\InvalidBuildsDir.java","6","5","6","28","0","0","0","0","0","0","0","0","0","0","0","0","0","0","0","0","0","0","0","0","0","0","0","0"
"L68079","queue","jenkins.model.Jenkins.queue;Lhudson/model/Queue;","L1987","L103","C:\GIT\pris2\SourceMeter\Guille\jenkins-jenkins-2.328\core\src\main\java\jenkins\model\Jenkins.java","343","5","343","41","0","0","0","0","0","0","0","0","0","0","0","0","0","0","0","0","0","0","0","0","0","0","0","0"
"L68080","configLoaded","jenkins.model.Jenkins.configLoaded;Z","L1987","L103","C:\GIT\pris2\SourceMeter\Guille\jenkins-jenkins-2.328\core\src\main\java\jenkins\model\Jenkins.java","346","5","346","61","0","0","0","0","0","0","0","0","0","0","0","0","0","0","0","0","0","0","0","0","0","0","0","0"
"L19905","lookup","jenkins.model.Jenkins.lookup;Lhudson/Lookup;","L1987","L103","C:\GIT\pris2\SourceMeter\Guille\jenkins-jenkins-2.328\core\src\main\java\jenkins\model\Jenkins.java","351","5","351","57","0","0","0","0","0","0","0","0","0","0","0","0","0","0","0","0","0","0","0","0","0","0","0","0"
"L68085","version","jenkins.model.Jenkins.version;Ljava/lang/String;","L1987","L103","C:\GIT\pris2\SourceMeter\Guille\jenkins-jenkins-2.328\core\src\main\java\jenkins\model\Jenkins.java","365","5","365","36","0","0","0","0","0","0","0","0","0","0","0","0","0","0","0","0","0","0","0","0","0","0","0","0"
"L68088","installStateName","jenkins.model.Jenkins.installStateName;Ljava/lang/String;","L1987","L103","C:\GIT\pris2\SourceMeter\Guille\jenkins-jenkins-2.328\core\src\main\java\jenkins\model\Jenkins.java","370","5","370","47","0","0","0","0","0","0","0","0","0","0","0","0","0","0","0","0","0","0","0","0","0","0","0","0"
"L68090","installState","jenkins.model.Jenkins.installState;Ljenkins/install/InstallState;","L1987","L103","C:\GIT\pris2\SourceMeter\Guille\jenkins-jenkins-2.328\core\src\main\java\jenkins\model\Jenkins.java","372","5","373","39","0","0","0","0","0","0","0","0","0","0","0","0","0","0","0","0","0","0","0","0","0","0","0","0"
"L68091","setupWizard","jenkins.model.Jenkins.setupWizard;Ljenkins/install/SetupWizard;","L1987","L103","C:\GIT\pris2\SourceMeter\Guille\jenkins-jenkins-2.328\core\src\main\java\jenkins\model\Jenkins.java","379","5","379","47","0","0","0","0","0","0","0","0","0","0","0","0","0","0","0","0","0","0","0","0","0","0","0","0"
"L68093","numExecutors","jenkins.model.Jenkins.numExecutors;I","L1987","L103","C:\GIT\pris2\SourceMeter\Guille\jenkins-jenkins-2.328\core\src\main\java\jenkins\model\Jenkins.java","384","5","384","34","0","0","0","0","0","0","0","0","0","0","0","0","0","0","0","0","0","0","0","0","0","0","0","0"
"L68095","mode","jenkins.model.Jenkins.mode;Lhudson/model/Node$Mode;","L1987","L103","C:\GIT\pris2\SourceMeter\Guille\jenkins-jenkins-2.328\core\src\main\java\jenkins\model\Jenkins.java","389","5","389","37","0","0","0","0","0","0","0","0","0","0","0","0","0","0","0","0","0","0","0","0","0","0","0","0"
"L68097","useSecurity","jenkins.model.Jenkins.useSecurity;Ljava/lang/Boolean;","L1987","L103","C:\GIT\pris2\SourceMeter\Guille\jenkins-jenkins-2.328\core\src\main\java\jenkins\model\Jenkins.java","398","5","398","33","0","0","0","0","0","0","0","0","0","0","0","0","0","0","0","0","0","0","0","0","0","0","0","0"
"L68099","authorizationStrategy","jenkins.model.Jenkins.authorizationStrategy;Lhudson/security/AuthorizationStrategy;","L1987","L103","C:\GIT\pris2\SourceMeter\Guille\jenkins-jenkins-2.328\core\src\main\java\jenkins\model\Jenkins.java","409","5","409","100","0","0","0","0","0","0","0","0","0","0","0","0","0","0","0","0","0","0","0","0","0","0","0","0"
"L68101","securityRealm","jenkins.model.Jenkins.securityRealm;Lhudson/security/SecurityRealm;","L1987","L103","C:\GIT\pris2\SourceMeter\Guille\jenkins-jenkins-2.328\core\src\main\java\jenkins\model\Jenkins.java","426","5","426","84","0","0","0","0","0","0","0","0","0","0","0","0","0","0","0","0","0","0","0","0","0","0","0","0"
"L68103","disableRememberMe","jenkins.model.Jenkins.disableRememberMe;Z","L1987","L103","C:\GIT\pris2\SourceMeter\Guille\jenkins-jenkins-2.328\core\src\main\java\jenkins\model\Jenkins.java","433","5","433","48","0","0","0","0","0","0","0","0","0","0","0","0","0","0","0","0","0","0","0","0","0","0","0","0"
"L68105","projectNamingStrategy","jenkins.model.Jenkins.projectNamingStrategy;Ljenkins/model/ProjectNamingStrategy;","L1987","L103","C:\GIT\pris2\SourceMeter\Guille\jenkins-jenkins-2.328\core\src\main\java\jenkins\model\Jenkins.java","438","5","438","112","0","0","0","0","0","0","0","0","0","0","0","0","0","0","0","0","0","0","0","0","0","0","0","0"
"L68107","workspaceDir","jenkins.model.Jenkins.workspaceDir;Ljava/lang/String;","L1987","L103","C:\GIT\pris2\SourceMeter\Guille\jenkins-jenkins-2.328\core\src\main\java\jenkins\model\Jenkins.java","445","5","445","62","0","0","0","0","0","0","0","0","0","0","0","0","0","0","0","0","0","0","0","0","0","0","0","0"
"L68111","buildsDir","jenkins.model.Jenkins.buildsDir;Ljava/lang/String;","L1987","L103","C:\GIT\pris2\SourceMeter\Guille\jenkins-jenkins-2.328\core\src\main\java\jenkins\model\Jenkins.java","452","5","452","51","0","0","0","0","0","0","0","0","0","0","0","0","0","0","0","0","0","0","0","0","0","0","0","0"
"L68115","systemMessage","jenkins.model.Jenkins.systemMessage;Ljava/lang/String;","L1987","L103","C:\GIT\pris2\SourceMeter\Guille\jenkins-jenkins-2.328\core\src\main\java\jenkins\model\Jenkins.java","457","5","457","34","0","0","0","0","0","0","0","0","0","0","0","0","0","0","0","0","0","0","0","0","0","0","0","0"
"L68117","markupFormatter","jenkins.model.Jenkins.markupFormatter;Lhudson/markup/MarkupFormatter;","L1987","L103","C:\GIT\pris2\SourceMeter\Guille\jenkins-jenkins-2.328\core\src\main\java\jenkins\model\Jenkins.java","459","5","459","45","0","0","0","0","0","0","0","0","0","0","0","0","0","0","0","0","0","0","0","0","0","0","0","0"
"L34390","root","jenkins.model.Jenkins.root;Ljava/io/File;","L1987","L103","C:\GIT\pris2\SourceMeter\Guille\jenkins-jenkins-2.328\core\src\main\java\jenkins\model\Jenkins.java","464","5","464","38","0","0","0","0","0","0","0","0","0","0","0","0","0","0","0","0","0","0","0","0","0","0","0","0"
"L68119","initLevel","jenkins.model.Jenkins.initLevel;Lhudson/init/InitMilestone;","L1987","L103","C:\GIT\pris2\SourceMeter\Guille\jenkins-jenkins-2.328\core\src\main\java\jenkins\model\Jenkins.java","469","5","469","80","0","0","0","0","0","0","0","0","0","0","0","0","0","0","0","0","0","0","0","0","0","0","0","0"
"L68121","items","jenkins.model.Jenkins.items;Ljava/util/Map;","L1987","L103","C:\GIT\pris2\SourceMeter\Guille\jenkins-jenkins-2.328\core\src\main\java\jenkins\model\Jenkins.java","474","17","474","124","0","0","0","0","0","0","0","0","0","0","0","0","0","0","0","0","0","0","0","0","0","0","0","0"
"L68130","theInstance","jenkins.model.Jenkins.theInstance;Ljenkins/model/Jenkins;","L1987","L103","C:\GIT\pris2\SourceMeter\Guille\jenkins-jenkins-2.328\core\src\main\java\jenkins\model\Jenkins.java","479","5","479","40","0","0","0","0","0","0","0","0","0","0","0","0","0","0","0","0","0","0","0","0","0","0","0","0"
"L68132","quietDownInfo","jenkins.model.Jenkins.quietDownInfo;Ljenkins/model/Jenkins$QuietDownInfo;","L1987","L103","C:\GIT\pris2\SourceMeter\Guille\jenkins-jenkins-2.328\core\src\main\java\jenkins\model\Jenkins.java","481","5","482","60","0","0","0","0","0","0","0","0","0","0","0","0","0","0","0","0","0","0","0","0","0","0","0","0"
"L68136","terminating","jenkins.model.Jenkins.terminating;Z","L1987","L103","C:\GIT\pris2\SourceMeter\Guille\jenkins-jenkins-2.328\core\src\main\java\jenkins\model\Jenkins.java","483","5","483","52","0","0","0","0","0","0","0","0","0","0","0","0","0","0","0","0","0","0","0","0","0","0","0","0"
"L68137","cleanUpStarted","jenkins.model.Jenkins.cleanUpStarted;Z","L1987","L103","C:\GIT\pris2\SourceMeter\Guille\jenkins-jenkins-2.328\core\src\main\java\jenkins\model\Jenkins.java","484","5","485","46","0","0","0","0","0","0","0","0","0","0","0","0","0","0","0","0","0","0","0","0","0","0","0","0"
"L68138","STARTUP_MARKER_FILE","jenkins.model.Jenkins.STARTUP_MARKER_FILE;Ljenkins/util/io/FileBoolean;","L1987","L103","C:\GIT\pris2\SourceMeter\Guille\jenkins-jenkins-2.328\core\src\main\java\jenkins\model\Jenkins.java","496","5","496","62","0","0","0","0","0","0","0","0","0","0","0","0","0","0","0","0","0","0","0","0","0","0","0","0"
"L68143","jdks","jenkins.model.Jenkins.jdks;Ljava/util/List;","L1987","L103","C:\GIT\pris2\SourceMeter\Guille\jenkins-jenkins-2.328\core\src\main\java\jenkins\model\Jenkins.java","498","5","498","57","0","0","0","0","0","0","0","0","0","0","0","0","0","0","0","0","0","0","0","0","0","0","0","0"
"L68147","dependencyGraph","jenkins.model.Jenkins.dependencyGraph;Lhudson/model/DependencyGraph;","L1987","L103","C:\GIT\pris2\SourceMeter\Guille\jenkins-jenkins-2.328\core\src\main\java\jenkins\model\Jenkins.java","500","5","500","64","0","0","0","0","0","0","0","0","0","0","0","0","0","0","0","0","0","0","0","0","0","0","0","0"
"L68148","dependencyGraphDirty","jenkins.model.Jenkins.dependencyGraphDirty;Ljava/util/concurrent/atomic/AtomicBoolean;","L1987","L103","C:\GIT\pris2\SourceMeter\Guille\jenkins-jenkins-2.328\core\src\main\java\jenkins\model\Jenkins.java","501","5","501","86","0","0","0","0","0","0","0","0","0","0","0","0","0","0","0","0","0","0","0","0","0","0","0","0"
"L68149","viewsTabBar","jenkins.model.Jenkins.viewsTabBar;Lhudson/views/ViewsTabBar;","L1987","L103","C:\GIT\pris2\SourceMeter\Guille\jenkins-jenkins-2.328\core\src\main\java\jenkins\model\Jenkins.java","506","5","506","73","0","0","0","0","0","0","0","0","0","0","0","0","0","0","0","0","0","0","0","0","0","0","0","0"
"L68151","myViewsTabBar","jenkins.model.Jenkins.myViewsTabBar;Lhudson/views/MyViewsTabBar;","L1987","L103","C:\GIT\pris2\SourceMeter\Guille\jenkins-jenkins-2.328\core\src\main\java\jenkins\model\Jenkins.java","511","5","511","79","0","0","0","0","0","0","0","0","0","0","0","0","0","0","0","0","0","0","0","0","0","0","0","0"
"L68153","extensionLists","jenkins.model.Jenkins.extensionLists;Ljava/util/Map;","L1987","L103","C:\GIT\pris2\SourceMeter\Guille\jenkins-jenkins-2.328\core\src\main\java\jenkins\model\Jenkins.java","516","5","517","98","0","0","0","0","0","0","0","0","0","0","0","0","0","0","0","0","0","0","0","0","0","0","0","0"
"L68161","descriptorLists","jenkins.model.Jenkins.descriptorLists;Ljava/util/Map;","L1987","L103","C:\GIT\pris2\SourceMeter\Guille\jenkins-jenkins-2.328\core\src\main\java\jenkins\model\Jenkins.java","522","5","523","109","0","0","0","0","0","0","0","0","0","0","0","0","0","0","0","0","0","0","0","0","0","0","0","0"
"L68169","computers","jenkins.model.Jenkins.computers;Ljava/util/Map;","L1987","L103","C:\GIT\pris2\SourceMeter\Guille\jenkins-jenkins-2.328\core\src\main\java\jenkins\model\Jenkins.java","528","5","528","91","0","0","0","0","0","0","0","0","0","0","0","0","0","0","0","0","0","0","0","0","0","0","0","0"
"L27629","clouds","jenkins.model.Jenkins.clouds;Lhudson/model/Hudson$CloudList;","L1987","L103","C:\GIT\pris2\SourceMeter\Guille\jenkins-jenkins-2.328\core\src\main\java\jenkins\model\Jenkins.java","533","5","533","71","0","0","0","0","0","0","0","0","0","0","0","0","0","0","0","0","0","0","0","0","0","0","0","0"
"L68186","slaves","jenkins.model.Jenkins.slaves;Lhudson/slaves/NodeList;","L1987","L103","C:\GIT\pris2\SourceMeter\Guille\jenkins-jenkins-2.328\core\src\main\java\jenkins\model\Jenkins.java","561","5","562","50","0","0","0","0","0","0","0","0","0","0","0","0","0","0","0","0","0","0","0","0","0","0","0","0"
"L68188","nodes","jenkins.model.Jenkins.nodes;Ljenkins/model/Nodes;","L1987","L103","C:\GIT\pris2\SourceMeter\Guille\jenkins-jenkins-2.328\core\src\main\java\jenkins\model\Jenkins.java","569","5","569","59","0","0","0","0","0","0","0","0","0","0","0","0","0","0","0","0","0","0","0","0","0","0","0","0"
"L68193","quietPeriod","jenkins.model.Jenkins.quietPeriod;Ljava/lang/Integer;","L1987","L103","C:\GIT\pris2\SourceMeter\Guille\jenkins-jenkins-2.328\core\src\main\java\jenkins\model\Jenkins.java","576","17","576","37","0","0","0","0","0","0","0","0","0","0","0","0","0","0","0","0","0","0","0","0","0","0","0","0"
"L68196","scmCheckoutRetryCount","jenkins.model.Jenkins.scmCheckoutRetryCount;I","L1987","L103","C:\GIT\pris2\SourceMeter\Guille\jenkins-jenkins-2.328\core\src\main\java\jenkins\model\Jenkins.java","581","17","581","43","0","0","0","0","0","0","0","0","0","0","0","0","0","0","0","0","0","0","0","0","0","0","0","0"
"L68199","views","jenkins.model.Jenkins.views;Ljava/util/concurrent/CopyOnWriteArrayList;","L1987","L103","C:\GIT\pris2\SourceMeter\Guille\jenkins-jenkins-2.328\core\src\main\java\jenkins\model\Jenkins.java","586","5","586","83","0","0","0","0","0","0","0","0","0","0","0","0","0","0","0","0","0","0","0","0","0","0","0","0"
"L68201","primaryView","jenkins.model.Jenkins.primaryView;Ljava/lang/String;","L1987","L103","C:\GIT\pris2\SourceMeter\Guille\jenkins-jenkins-2.328\core\src\main\java\jenkins\model\Jenkins.java","594","5","594","41","0","0","0","0","0","0","0","0","0","0","0","0","0","0","0","0","0","0","0","0","0","0","0","0"
"L68203","viewGroupMixIn","jenkins.model.Jenkins.viewGroupMixIn;Lhudson/model/ViewGroupMixIn;","L1987","L103","C:\GIT\pris2\SourceMeter\Guille\jenkins-jenkins-2.328\core\src\main\java\jenkins\model\Jenkins.java","596","5","605","7","0","0","0","0","0","0","0","0","0","0","0","0","0","0","0","0","0","0","0","0","0","0","0","0"
"L68213","fingerprintMap","jenkins.model.Jenkins.fingerprintMap;Lhudson/model/FingerprintMap;","L1987","L103","C:\GIT\pris2\SourceMeter\Guille\jenkins-jenkins-2.328\core\src\main\java\jenkins\model\Jenkins.java","608","5","608","82","0","0","0","0","0","0","0","0","0","0","0","0","0","0","0","0","0","0","0","0","0","0","0","0"
"L2335","pluginManager","jenkins.model.Jenkins.pluginManager;Lhudson/PluginManager;","L1987","L103","C:\GIT\pris2\SourceMeter\Guille\jenkins-jenkins-2.328\core\src\main\java\jenkins\model\Jenkins.java","613","5","613","56","0","0","0","0","0","0","0","0","0","0","0","0","0","0","0","0","0","0","0","0","0","0","0","0"
"L68215","tcpSlaveAgentListener","jenkins.model.Jenkins.tcpSlaveAgentListener;Lhudson/TcpSlaveAgentListener;","L1987","L103","C:\GIT\pris2\SourceMeter\Guille\jenkins-jenkins-2.328\core\src\main\java\jenkins\model\Jenkins.java","615","5","615","75","0","0","0","0","0","0","0","0","0","0","0","0","0","0","0","0","0","0","0","0","0","0","0","0"
"L68216","tcpSlaveAgentListenerLock","jenkins.model.Jenkins.tcpSlaveAgentListenerLock;Ljava/lang/Object;","L1987","L103","C:\GIT\pris2\SourceMeter\Guille\jenkins-jenkins-2.328\core\src\main\java\jenkins\model\Jenkins.java","617","5","617","77","0","0","0","0","0","0","0","0","0","0","0","0","0","0","0","0","0","0","0","0","0","0","0","0"
"L68217","scmListeners","jenkins.model.Jenkins.scmListeners;Lhudson/util/CopyOnWriteList;","L1987","L103","C:\GIT\pris2\SourceMeter\Guille\jenkins-jenkins-2.328\core\src\main\java\jenkins\model\Jenkins.java","622","5","622","97","0","0","0","0","0","0","0","0","0","0","0","0","0","0","0","0","0","0","0","0","0","0","0","0"
"L68222","slaveAgentPort","jenkins.model.Jenkins.slaveAgentPort;I","L1987","L103","C:\GIT\pris2\SourceMeter\Guille\jenkins-jenkins-2.328\core\src\main\java\jenkins\model\Jenkins.java","628","5","628","67","0","0","0","0","0","0","0","0","0","0","0","0","0","0","0","0","0","0","0","0","0","0","0","0"
"L68227","SLAVE_AGENT_PORT_ENFORCE","jenkins.model.Jenkins.SLAVE_AGENT_PORT_ENFORCE;Z","L1987","L103","C:\GIT\pris2\SourceMeter\Guille\jenkins-jenkins-2.328\core\src\main\java\jenkins\model\Jenkins.java","637","5","637","148","0","0","0","0","0","0","0","0","0","0","0","0","0","0","0","0","0","0","0","0","0","0","0","0"
"L68229","disabledAgentProtocols","jenkins.model.Jenkins.disabledAgentProtocols;Ljava/util/List;","L1987","L103","C:\GIT\pris2\SourceMeter\Guille\jenkins-jenkins-2.328\core\src\main\java\jenkins\model\Jenkins.java","645","5","646","49","0","0","0","0","0","0","0","0","0","0","0","0","0","0","0","0","0","0","0","0","0","0","0","0"
"L68231","_disabledAgentProtocols","jenkins.model.Jenkins._disabledAgentProtocols;[Ljava/lang/String;","L1987","L103","C:\GIT\pris2\SourceMeter\Guille\jenkins-jenkins-2.328\core\src\main\java\jenkins\model\Jenkins.java","650","5","651","56","0","0","0","0","0","0","0","0","0","0","0","0","0","0","0","0","0","0","0","0","0","0","0","0"
"L68233","enabledAgentProtocols","jenkins.model.Jenkins.enabledAgentProtocols;Ljava/util/List;","L1987","L103","C:\GIT\pris2\SourceMeter\Guille\jenkins-jenkins-2.328\core\src\main\java\jenkins\model\Jenkins.java","659","5","660","48","0","0","0","0","0","0","0","0","0","0","0","0","0","0","0","0","0","0","0","0","0","0","0","0"
"L68235","_enabledAgentProtocols","jenkins.model.Jenkins._enabledAgentProtocols;[Ljava/lang/String;","L1987","L103","C:\GIT\pris2\SourceMeter\Guille\jenkins-jenkins-2.328\core\src\main\java\jenkins\model\Jenkins.java","664","5","665","55","0","0","0","0","0","0","0","0","0","0","0","0","0","0","0","0","0","0","0","0","0","0","0","0"
"L68237","agentProtocols","jenkins.model.Jenkins.agentProtocols;Ljava/util/Set;","L1987","L103","C:\GIT\pris2\SourceMeter\Guille\jenkins-jenkins-2.328\core\src\main\java\jenkins\model\Jenkins.java","675","5","675","50","0","0","0","0","0","0","0","0","0","0","0","0","0","0","0","0","0","0","0","0","0","0","0","0"
"L68239","label","jenkins.model.Jenkins.label;Ljava/lang/String;","L1987","L103","C:\GIT\pris2\SourceMeter\Guille\jenkins-jenkins-2.328\core\src\main\java\jenkins\model\Jenkins.java","680","5","680","31","0","0","0","0","0","0","0","0","0","0","0","0","0","0","0","0","0","0","0","0","0","0","0","0"
"L68241","nodeNameAndSelfLabelOverride","jenkins.model.Jenkins.nodeNameAndSelfLabelOverride;Ljava/lang/String;","L1987","L103","C:\GIT\pris2\SourceMeter\Guille\jenkins-jenkins-2.328\core\src\main\java\jenkins\model\Jenkins.java","682","5","682","171","0","0","0","0","0","0","0","0","0","0","0","0","0","0","0","0","0","0","0","0","0","0","0","0"
"L68242","crumbIssuer","jenkins.model.Jenkins.crumbIssuer;Lhudson/security/csrf/CrumbIssuer;","L1987","L103","C:\GIT\pris2\SourceMeter\Guille\jenkins-jenkins-2.328\core\src\main\java\jenkins\model\Jenkins.java","687","5","687","106","0","0","0","0","0","0","0","0","0","0","0","0","0","0","0","0","0","0","0","0","0","0","0","0"
"L68244","labels","jenkins.model.Jenkins.labels;Ljava/util/concurrent/ConcurrentHashMap;","L1987","L103","C:\GIT\pris2\SourceMeter\Guille\jenkins-jenkins-2.328\core\src\main\java\jenkins\model\Jenkins.java","693","5","693","97","0","0","0","0","0","0","0","0","0","0","0","0","0","0","0","0","0","0","0","0","0","0","0","0"
"L35606","overallLoad","jenkins.model.Jenkins.overallLoad;Lhudson/model/OverallLoadStatistics;","L1987","L103","C:\GIT\pris2\SourceMeter\Guille\jenkins-jenkins-2.328\core\src\main\java\jenkins\model\Jenkins.java","700","5","701","92","0","0","0","0","0","0","0","0","0","0","0","0","0","0","0","0","0","0","0","0","0","0","0","0"
"L35604","unlabeledLoad","jenkins.model.Jenkins.unlabeledLoad;Lhudson/model/LoadStatistics;","L1987","L103","C:\GIT\pris2\SourceMeter\Guille\jenkins-jenkins-2.328\core\src\main\java\jenkins\model\Jenkins.java","710","5","711","89","0","0","0","0","0","0","0","0","0","0","0","0","0","0","0","0","0","0","0","0","0","0","0","0"
"L57728","unlabeledNodeProvisioner","jenkins.model.Jenkins.unlabeledNodeProvisioner;Lhudson/slaves/NodeProvisioner;","L1987","L103","C:\GIT\pris2\SourceMeter\Guille\jenkins-jenkins-2.328\core\src\main\java\jenkins\model\Jenkins.java","717","5","717","112","0","0","0","0","0","0","0","0","0","0","0","0","0","0","0","0","0","0","0","0","0","0","0","0"
"L68257","overallNodeProvisioner","jenkins.model.Jenkins.overallNodeProvisioner;Lhudson/slaves/NodeProvisioner;","L1987","L103","C:\GIT\pris2\SourceMeter\Guille\jenkins-jenkins-2.328\core\src\main\java\jenkins\model\Jenkins.java","726","5","728","94","0","0","0","0","0","0","0","0","0","0","0","0","0","0","0","0","0","0","0","0","0","0","0","0"
"L3929","servletContext","jenkins.model.Jenkins.servletContext;Ljavax/servlet/ServletContext;","L1987","L103","C:\GIT\pris2\SourceMeter\Guille\jenkins-jenkins-2.328\core\src\main\java\jenkins\model\Jenkins.java","731","5","731","58","0","0","0","0","0","0","0","0","0","0","0","0","0","0","0","0","0","0","0","0","0","0","0","0"
"L68259","actions","jenkins.model.Jenkins.actions;Ljava/util/List;","L1987","L103","C:\GIT\pris2\SourceMeter\Guille\jenkins-jenkins-2.328\core\src\main\java\jenkins\model\Jenkins.java","737","5","737","81","0","0","0","0","0","0","0","0","0","0","0","0","0","0","0","0","0","0","0","0","0","0","0","0"
"L68261","nodeProperties","jenkins.model.Jenkins.nodeProperties;Lhudson/util/DescribableList;","L1987","L103","C:\GIT\pris2\SourceMeter\Guille\jenkins-jenkins-2.328\core\src\main\java\jenkins\model\Jenkins.java","742","5","742","115","0","0","0","0","0","0","0","0","0","0","0","0","0","0","0","0","0","0","0","0","0","0","0","0"
"L68263","globalNodeProperties","jenkins.model.Jenkins.globalNodeProperties;Lhudson/util/DescribableList;","L1987","L103","C:\GIT\pris2\SourceMeter\Guille\jenkins-jenkins-2.328\core\src\main\java\jenkins\model\Jenkins.java","747","5","747","121","0","0","0","0","0","0","0","0","0","0","0","0","0","0","0","0","0","0","0","0","0","0","0","0"
"L68265","administrativeMonitors","jenkins.model.Jenkins.administrativeMonitors;Ljava/util/List;","L1987","L103","C:\GIT\pris2\SourceMeter\Guille\jenkins-jenkins-2.328\core\src\main\java\jenkins\model\Jenkins.java","754","5","754","127","0","0","0","0","0","0","0","0","0","0","0","0","0","0","0","0","0","0","0","0","0","0","0","0"
"L68267","widgets","jenkins.model.Jenkins.widgets;Ljava/util/List;","L1987","L103","C:\GIT\pris2\SourceMeter\Guille\jenkins-jenkins-2.328\core\src\main\java\jenkins\model\Jenkins.java","759","5","759","83","0","0","0","0","0","0","0","0","0","0","0","0","0","0","0","0","0","0","0","0","0","0","0","0"
"L68269","adjuncts","jenkins.model.Jenkins.adjuncts;LAdjunctManager;","L1987","L103","C:\GIT\pris2\SourceMeter\Guille\jenkins-jenkins-2.328\core\src\main\java\jenkins\model\Jenkins.java","764","5","764","53","0","0","0","0","0","0","0","0","0","0","0","0","0","0","0","0","0","0","0","0","0","0","0","0"
"L68271","itemGroupMixIn","jenkins.model.Jenkins.itemGroupMixIn;Lhudson/model/ItemGroupMixIn;","L1987","L103","C:\GIT\pris2\SourceMeter\Guille\jenkins-jenkins-2.328\core\src\main\java\jenkins\model\Jenkins.java","769","5","779","7","0","0","0","0","0","0","0","0","0","0","0","0","0","0","0","0","0","0","0","0","0","0","0","0"
"L68288","HOLDER","jenkins.model.Jenkins.HOLDER;Ljenkins/model/Jenkins$JenkinsHolder;","L1987","L103","C:\GIT\pris2\SourceMeter\Guille\jenkins-jenkins-2.328\core\src\main\java\jenkins\model\Jenkins.java","791","5","796","7","0","0","0","0","0","0","0","0","0","0","0","0","0","0","0","0","0","0","0","0","0","0","0","0"
"L68303","secretKey","jenkins.model.Jenkins.secretKey;Ljava/lang/String;","L1987","L103","C:\GIT\pris2\SourceMeter\Guille\jenkins-jenkins-2.328\core\src\main\java\jenkins\model\Jenkins.java","858","5","858","46","0","0","0","0","0","0","0","0","0","0","0","0","0","0","0","0","0","0","0","0","0","0","0","0"
"L68305","updateCenter","jenkins.model.Jenkins.updateCenter;Lhudson/model/UpdateCenter;","L1987","L103","C:\GIT\pris2\SourceMeter\Guille\jenkins-jenkins-2.328\core\src\main\java\jenkins\model\Jenkins.java","860","5","860","95","0","0","0","0","0","0","0","0","0","0","0","0","0","0","0","0","0","0","0","0","0","0","0","0"
"L68307","noUsageStatistics","jenkins.model.Jenkins.noUsageStatistics;Ljava/lang/Boolean;","L1987","L103","C:\GIT\pris2\SourceMeter\Guille\jenkins-jenkins-2.328\core\src\main\java\jenkins\model\Jenkins.java","865","5","865","39","0","0","0","0","0","0","0","0","0","0","0","0","0","0","0","0","0","0","0","0","0","0","0","0"
"L68309","nodeRenameMigrationNeeded","jenkins.model.Jenkins.nodeRenameMigrationNeeded;Ljava/lang/Boolean;","L1987","L103","C:\GIT\pris2\SourceMeter\Guille\jenkins-jenkins-2.328\core\src\main\java\jenkins\model\Jenkins.java","872","5","873","61","0","0","0","0","0","0","0","0","0","0","0","0","0","0","0","0","0","0","0","0","0","0","0","0"
"L50890","proxy","jenkins.model.Jenkins.proxy;Lhudson/ProxyConfiguration;","L1987","L103","C:\GIT\pris2\SourceMeter\Guille\jenkins-jenkins-2.328\core\src\main\java\jenkins\model\Jenkins.java","878","5","878","56","0","0","0","0","0","0","0","0","0","0","0","0","0","0","0","0","0","0","0","0","0","0","0","0"
"L68313","log","jenkins.model.Jenkins.log;Lhudson/logging/LogRecorderManager;","L1987","L103","C:\GIT\pris2\SourceMeter\Guille\jenkins-jenkins-2.328\core\src\main\java\jenkins\model\Jenkins.java","883","5","883","73","0","0","0","0","0","0","0","0","0","0","0","0","0","0","0","0","0","0","0","0","0","0","0","0"
"L68315","oldJenkinsJVM","jenkins.model.Jenkins.oldJenkinsJVM;Z","L1987","L103","C:\GIT\pris2\SourceMeter\Guille\jenkins-jenkins-2.328\core\src\main\java\jenkins\model\Jenkins.java","886","5","886","51","0","0","0","0","0","0","0","0","0","0","0","0","0","0","0","0","0","0","0","0","0","0","0","0"
"L69480","ALLOWED_RESOURCE_EXTENSIONS","jenkins.model.Jenkins.ALLOWED_RESOURCE_EXTENSIONS;Ljava/util/Set;","L1987","L103","C:\GIT\pris2\SourceMeter\Guille\jenkins-jenkins-2.328\core\src\main\java\jenkins\model\Jenkins.java","4868","5","4871","8","0","0","0","0","0","0","0","0","0","0","0","0","0","0","0","0","0","0","0","0","0","0","0","0"
"L22307","logRecords","jenkins.model.Jenkins.logRecords;Ljava/util/List;","L1987","L103","C:\GIT\pris2\SourceMeter\Guille\jenkins-jenkins-2.328\core\src\main\java\jenkins\model\Jenkins.java","5263","5","5264","72","0","0","0","0","0","0","0","0","0","0","0","0","0","0","0","0","0","0","0","0","0","0","0","0"
"L16379","XSTREAM","jenkins.model.Jenkins.XSTREAM;LXStream;","L1987","L103","C:\GIT\pris2\SourceMeter\Guille\jenkins-jenkins-2.328\core\src\main\java\jenkins\model\Jenkins.java","5269","5","5269","41","0","0","0","0","0","0","0","0","0","0","0","0","0","0","0","0","0","0","0","0","0","0","0","0"
"L2798","XSTREAM2","jenkins.model.Jenkins.XSTREAM2;Lhudson/util/XStream2;","L1987","L103","C:\GIT\pris2\SourceMeter\Guille\jenkins-jenkins-2.328\core\src\main\java\jenkins\model\Jenkins.java","5274","5","5274","43","0","0","0","0","0","0","0","0","0","0","0","0","0","0","0","0","0","0","0","0","0","0","0","0"
"L69595","TWICE_CPU_NUM","jenkins.model.Jenkins.TWICE_CPU_NUM;I","L1987","L103","C:\GIT\pris2\SourceMeter\Guille\jenkins-jenkins-2.328\core\src\main\java\jenkins\model\Jenkins.java","5276","5","5276","106","0","0","0","0","0","0","0","0","0","0","0","0","0","0","0","0","0","0","0","0","0","0","0","0"
"L69183","threadPoolForLoad","jenkins.model.Jenkins.threadPoolForLoad;Ljava/util/concurrent/ExecutorService;","L1987","L103","C:\GIT\pris2\SourceMeter\Guille\jenkins-jenkins-2.328\core\src\main\java\jenkins\model\Jenkins.java","5283","17","5285","128","0","0","0","0","0","0","0","0","0","0","0","0","0","0","0","0","0","0","0","0","0","0","0","0"
"L66540","UNCOMPUTED_VERSION","jenkins.model.Jenkins.UNCOMPUTED_VERSION;Ljava/lang/String;","L1987","L103","C:\GIT\pris2\SourceMeter\Guille\jenkins-jenkins-2.328\core\src\main\java\jenkins\model\Jenkins.java","5339","5","5340","57","0","0","0","0","0","0","0","0","0","0","0","0","0","0","0","0","0","0","0","0","0","0","0","0"
"L4054","VERSION","jenkins.model.Jenkins.VERSION;Ljava/lang/String;","L1987","L103","C:\GIT\pris2\SourceMeter\Guille\jenkins-jenkins-2.328\core\src\main\java\jenkins\model\Jenkins.java","5345","5","5346","55","0","0","0","0","0","0","0","0","0","0","0","0","0","0","0","0","0","0","0","0","0","0","0","0"
"L69603","CHANGELOG_URL","jenkins.model.Jenkins.CHANGELOG_URL;Ljava/lang/String;","L1987","L103","C:\GIT\pris2\SourceMeter\Guille\jenkins-jenkins-2.328\core\src\main\java\jenkins\model\Jenkins.java","5348","5","5349","40","0","0","0","0","0","0","0","0","0","0","0","0","0","0","0","0","0","0","0","0","0","0","0","0"
"L69605","VERSION_HASH","jenkins.model.Jenkins.VERSION_HASH;Ljava/lang/String;","L1987","L103","C:\GIT\pris2\SourceMeter\Guille\jenkins-jenkins-2.328\core\src\main\java\jenkins\model\Jenkins.java","5411","5","5411","39","0","0","0","0","0","0","0","0","0","0","0","0","0","0","0","0","0","0","0","0","0","0","0","0"
"L3981","SESSION_HASH","jenkins.model.Jenkins.SESSION_HASH;Ljava/lang/String;","L1987","L103","C:\GIT\pris2\SourceMeter\Guille\jenkins-jenkins-2.328\core\src\main\java\jenkins\model\Jenkins.java","5420","5","5421","39","0","0","0","0","0","0","0","0","0","0","0","0","0","0","0","0","0","0","0","0","0","0","0","0"
"L8630","RESOURCE_PATH","jenkins.model.Jenkins.RESOURCE_PATH;Ljava/lang/String;","L1987","L103","C:\GIT\pris2\SourceMeter\Guille\jenkins-jenkins-2.328\core\src\main\java\jenkins\model\Jenkins.java","5430","5","5431","45","0","0","0","0","0","0","0","0","0","0","0","0","0","0","0","0","0","0","0","0","0","0","0","0"
"L22977","VIEW_RESOURCE_PATH","jenkins.model.Jenkins.VIEW_RESOURCE_PATH;Ljava/lang/String;","L1987","L103","C:\GIT\pris2\SourceMeter\Guille\jenkins-jenkins-2.328\core\src\main\java\jenkins\model\Jenkins.java","5440","5","5441","64","0","0","0","0","0","0","0","0","0","0","0","0","0","0","0","0","0","0","0","0","0","0","0","0"
"L66244","PARALLEL_LOAD","jenkins.model.Jenkins.PARALLEL_LOAD;Z","L1987","L103","C:\GIT\pris2\SourceMeter\Guille\jenkins-jenkins-2.328\core\src\main\java\jenkins\model\Jenkins.java","5443","5","5444","125","0","0","0","0","0","0","0","0","0","0","0","0","0","0","0","0","0","0","0","0","0","0","0","0"
"L68385","KILL_AFTER_LOAD","jenkins.model.Jenkins.KILL_AFTER_LOAD;Z","L1987","L103","C:\GIT\pris2\SourceMeter\Guille\jenkins-jenkins-2.328\core\src\main\java\jenkins\model\Jenkins.java","5445","5","5446","129","0","0","0","0","0","0","0","0","0","0","0","0","0","0","0","0","0","0","0","0","0","0","0","0"
"L69620","FLYWEIGHT_SUPPORT","jenkins.model.Jenkins.FLYWEIGHT_SUPPORT;Z","L1987","L103","C:\GIT\pris2\SourceMeter\Guille\jenkins-jenkins-2.328\core\src\main\java\jenkins\model\Jenkins.java","5450","5","5451","52","0","0","0","0","0","0","0","0","0","0","0","0","0","0","0","0","0","0","0","0","0","0","0","0"
"L69622","CONCURRENT_BUILD","jenkins.model.Jenkins.CONCURRENT_BUILD;Z","L1987","L103","C:\GIT\pris2\SourceMeter\Guille\jenkins-jenkins-2.328\core\src\main\java\jenkins\model\Jenkins.java","5461","5","5463","51","0","0","0","0","0","0","0","0","0","0","0","0","0","0","0","0","0","0","0","0","0","0","0","0"
"L69624","WORKSPACE_DIRNAME","jenkins.model.Jenkins.WORKSPACE_DIRNAME;Ljava/lang/String;","L1987","L103","C:\GIT\pris2\SourceMeter\Guille\jenkins-jenkins-2.328\core\src\main\java\jenkins\model\Jenkins.java","5468","5","5468","145","0","0","0","0","0","0","0","0","0","0","0","0","0","0","0","0","0","0","0","0","0","0","0","0"
"L4766","NAME_VALIDATION_REJECTS_TRAILING_DOT_PROP","jenkins.model.Jenkins.NAME_VALIDATION_REJECTS_TRAILING_DOT_PROP;Ljava/lang/String;","L1987","L103","C:\GIT\pris2\SourceMeter\Guille\jenkins-jenkins-2.328\core\src\main\java\jenkins\model\Jenkins.java","5480","5","5481","143","0","0","0","0","0","0","0","0","0","0","0","0","0","0","0","0","0","0","0","0","0","0","0","0"
"L68113","DEFAULT_BUILDS_DIR","jenkins.model.Jenkins.DEFAULT_BUILDS_DIR;Ljava/lang/String;","L1987","L103","C:\GIT\pris2\SourceMeter\Guille\jenkins-jenkins-2.328\core\src\main\java\jenkins\model\Jenkins.java","5487","5","5487","79","0","0","0","0","0","0","0","0","0","0","0","0","0","0","0","0","0","0","0","0","0","0","0","0"
"L68109","OLD_DEFAULT_WORKSPACES_DIR","jenkins.model.Jenkins.OLD_DEFAULT_WORKSPACES_DIR;Ljava/lang/String;","L1987","L103","C:\GIT\pris2\SourceMeter\Guille\jenkins-jenkins-2.328\core\src\main\java\jenkins\model\Jenkins.java","5492","5","5492","101","0","0","0","0","0","0","0","0","0","0","0","0","0","0","0","0","0","0","0","0","0","0","0","0"
"L68333","DEFAULT_WORKSPACES_DIR","jenkins.model.Jenkins.DEFAULT_WORKSPACES_DIR;Ljava/lang/String;","L1987","L103","C:\GIT\pris2\SourceMeter\Guille\jenkins-jenkins-2.328\core\src\main\java\jenkins\model\Jenkins.java","5498","5","5498","104","0","0","0","0","0","0","0","0","0","0","0","0","0","0","0","0","0","0","0","0","0","0","0","0"
"L69055","BUILDS_DIR_PROP","jenkins.model.Jenkins.BUILDS_DIR_PROP;Ljava/lang/String;","L1987","L103","C:\GIT\pris2\SourceMeter\Guille\jenkins-jenkins-2.328\core\src\main\java\jenkins\model\Jenkins.java","5504","5","5504","82","0","0","0","0","0","0","0","0","0","0","0","0","0","0","0","0","0","0","0","0","0","0","0","0"
"L69059","WORKSPACES_DIR_PROP","jenkins.model.Jenkins.WORKSPACES_DIR_PROP;Ljava/lang/String;","L1987","L103","C:\GIT\pris2\SourceMeter\Guille\jenkins-jenkins-2.328\core\src\main\java\jenkins\model\Jenkins.java","5510","5","5510","90","0","0","0","0","0","0","0","0","0","0","0","0","0","0","0","0","0","0","0","0","0","0","0","0"
"L68548","AUTOMATIC_AGENT_LAUNCH","jenkins.model.Jenkins.AUTOMATIC_AGENT_LAUNCH;Z","L1987","L103","C:\GIT\pris2\SourceMeter\Guille\jenkins-jenkins-2.328\core\src\main\java\jenkins\model\Jenkins.java","5516","5","5517","137","0","0","0","0","0","0","0","0","0","0","0","0","0","0","0","0","0","0","0","0","0","0","0","0"
"L68353","LOGGER","jenkins.model.Jenkins.LOGGER;Ljava/util/logging/Logger;","L1987","L103","C:\GIT\pris2\SourceMeter\Guille\jenkins-jenkins-2.328\core\src\main\java\jenkins\model\Jenkins.java","5519","5","5519","84","0","0","0","0","0","0","0","0","0","0","0","0","0","0","0","0","0","0","0","0","0","0","0","0"
"L68348","RANDOM","jenkins.model.Jenkins.RANDOM;Ljava/security/SecureRandom;","L1987","L103","C:\GIT\pris2\SourceMeter\Guille\jenkins-jenkins-2.328\core\src\main\java\jenkins\model\Jenkins.java","5520","5","5520","67","0","0","0","0","0","0","0","0","0","0","0","0","0","0","0","0","0","0","0","0","0","0","0","0"
"L51084","PERMISSIONS","jenkins.model.Jenkins.PERMISSIONS;Lhudson/security/PermissionGroup;","L1987","L103","C:\GIT\pris2\SourceMeter\Guille\jenkins-jenkins-2.328\core\src\main\java\jenkins\model\Jenkins.java","5522","5","5522","85","0","0","0","0","0","0","0","0","0","0","0","0","0","0","0","0","0","0","0","0","0","0","0","0"
"L3216","ADMINISTER","jenkins.model.Jenkins.ADMINISTER;Lhudson/security/Permission;","L1987","L103","C:\GIT\pris2\SourceMeter\Guille\jenkins-jenkins-2.328\core\src\main\java\jenkins\model\Jenkins.java","5523","5","5523","78","0","0","0","0","0","0","0","0","0","0","0","0","0","0","0","0","0","0","0","0","0","0","0","0"
"L5432","MANAGE","jenkins.model.Jenkins.MANAGE;Lhudson/security/Permission;","L1987","L103","C:\GIT\pris2\SourceMeter\Guille\jenkins-jenkins-2.328\core\src\main\java\jenkins\model\Jenkins.java","5539","5","5544","61","0","0","0","0","0","0","0","0","0","0","0","0","0","0","0","0","0","0","0","0","0","0","0","0"
"L19012","SYSTEM_READ","jenkins.model.Jenkins.SYSTEM_READ;Lhudson/security/Permission;","L1987","L103","C:\GIT\pris2\SourceMeter\Guille\jenkins-jenkins-2.328\core\src\main\java\jenkins\model\Jenkins.java","5552","5","5556","61","0","0","0","0","0","0","0","0","0","0","0","0","0","0","0","0","0","0","0","0","0","0","0","0"
"L69636","MANAGE_AND_SYSTEM_READ","jenkins.model.Jenkins.MANAGE_AND_SYSTEM_READ;[Lhudson/security/Permission;","L1987","L103","C:\GIT\pris2\SourceMeter\Guille\jenkins-jenkins-2.328\core\src\main\java\jenkins\model\Jenkins.java","5558","5","5560","54","0","0","0","0","0","0","0","0","0","0","0","0","0","0","0","0","0","0","0","0","0","0","0","0"
"L1990","READ","jenkins.model.Jenkins.READ;Lhudson/security/Permission;","L1987","L103","C:\GIT\pris2\SourceMeter\Guille\jenkins-jenkins-2.328\core\src\main\java\jenkins\model\Jenkins.java","5562","5","5562","168","0","0","0","0","0","0","0","0","0","0","0","0","0","0","0","0","0","0","0","0","0","0","0","0"
"L69637","RUN_SCRIPTS","jenkins.model.Jenkins.RUN_SCRIPTS;Lhudson/security/Permission;","L1987","L103","C:\GIT\pris2\SourceMeter\Guille\jenkins-jenkins-2.328\core\src\main\java\jenkins\model\Jenkins.java","5564","5","5565","182","0","0","0","0","0","0","0","0","0","0","0","0","0","0","0","0","0","0","0","0","0","0","0","0"
"L69529","ALWAYS_READABLE_PATHS","jenkins.model.Jenkins.ALWAYS_READABLE_PATHS;Ljava/util/Set;","L1987","L103","C:\GIT\pris2\SourceMeter\Guille\jenkins-jenkins-2.328\core\src\main\java\jenkins\model\Jenkins.java","5572","5","5584","8","0","0","0","0","0","0","0","0","0","0","0","0","0","0","0","0","0","0","0","0","0","0","0","0"
"L2249","ANONYMOUS2","jenkins.model.Jenkins.ANONYMOUS2;LAuthentication;","L1987","L103","C:\GIT\pris2\SourceMeter\Guille\jenkins-jenkins-2.328\core\src\main\java\jenkins\model\Jenkins.java","5601","5","5605","85","0","0","0","0","0","0","0","0","0","0","0","0","0","0","0","0","0","0","0","0","0","0","0","0"
"L56376","ANONYMOUS","jenkins.model.Jenkins.ANONYMOUS;Lorg/acegisecurity/Authentication;","L1987","L103","C:\GIT\pris2\SourceMeter\Guille\jenkins-jenkins-2.328\core\src\main\java\jenkins\model\Jenkins.java","5611","5","5618","24","0","0","0","0","0","0","0","0","0","0","0","0","0","0","0","0","0","0","0","0","0","0","0","0"
"L69655","DISABLE_URL_VALIDATION","jenkins.model.JenkinsLocationConfiguration.DISABLE_URL_VALIDATION;Z","L65913","L103","C:\GIT\pris2\SourceMeter\Guille\jenkins-jenkins-2.328\core\src\main\java\jenkins\model\JenkinsLocationConfiguration.java","47","5","50","113","0","0","0","0","0","0","0","0","0","0","0","0","0","0","0","0","0","0","0","0","0","0","0","0"
"L69652","ORDINAL","jenkins.model.JenkinsLocationConfiguration.ORDINAL;I","L65913","L103","C:\GIT\pris2\SourceMeter\Guille\jenkins-jenkins-2.328\core\src\main\java\jenkins\model\JenkinsLocationConfiguration.java","52","5","53","43","0","0","0","0","0","0","0","0","0","0","0","0","0","0","0","0","0","0","0","0","0","0","0","0"
"L69657","hudsonUrl","jenkins.model.JenkinsLocationConfiguration.hudsonUrl;Ljava/lang/String;","L65913","L103","C:\GIT\pris2\SourceMeter\Guille\jenkins-jenkins-2.328\core\src\main\java\jenkins\model\JenkinsLocationConfiguration.java","58","5","59","40","0","0","0","0","0","0","0","0","0","0","0","0","0","0","0","0","0","0","0","0","0","0","0","0"
"L69659","adminAddress","jenkins.model.JenkinsLocationConfiguration.adminAddress;Ljava/lang/String;","L65913","L103","C:\GIT\pris2\SourceMeter\Guille\jenkins-jenkins-2.328\core\src\main\java\jenkins\model\JenkinsLocationConfiguration.java","60","5","60","33","0","0","0","0","0","0","0","0","0","0","0","0","0","0","0","0","0","0","0","0","0","0","0","0"
"L69660","jenkinsUrl","jenkins.model.JenkinsLocationConfiguration.jenkinsUrl;Ljava/lang/String;","L65913","L103","C:\GIT\pris2\SourceMeter\Guille\jenkins-jenkins-2.328\core\src\main\java\jenkins\model\JenkinsLocationConfiguration.java","61","5","61","31","0","0","0","0","0","0","0","0","0","0","0","0","0","0","0","0","0","0","0","0","0","0","0","0"
"L69661","charset","jenkins.model.JenkinsLocationConfiguration.charset;Ljava/lang/String;","L65913","L103","C:\GIT\pris2\SourceMeter\Guille\jenkins-jenkins-2.328\core\src\main\java\jenkins\model\JenkinsLocationConfiguration.java","64","5","64","38","0","0","0","0","0","0","0","0","0","0","0","0","0","0","0","0","0","0","0","0","0","0","0","0"
"L69662","useSsl","jenkins.model.JenkinsLocationConfiguration.useSsl;Ljava/lang/String;","L65913","L103","C:\GIT\pris2\SourceMeter\Guille\jenkins-jenkins-2.328\core\src\main\java\jenkins\model\JenkinsLocationConfiguration.java","64","5","64","46","0","0","0","0","0","0","0","0","0","0","0","0","0","0","0","0","0","0","0","0","0","0","0","0"
"L69668","LOGGER","jenkins.model.JenkinsLocationConfiguration.LOGGER;Ljava/util/logging/Logger;","L65913","L103","C:\GIT\pris2\SourceMeter\Guille\jenkins-jenkins-2.328\core\src\main\java\jenkins\model\JenkinsLocationConfiguration.java","221","5","221","105","0","0","0","0","0","0","0","0","0","0","0","0","0","0","0","0","0","0","0","0","0","0","0","0"
"L71065","ICON_FILE_NAME","jenkins.model.NewViewLink.ICON_FILE_NAME;Ljava/lang/String;","L71062","L103","C:\GIT\pris2\SourceMeter\Guille\jenkins-jenkins-2.328\core\src\main\java\jenkins\model\NewViewLink.java","19","5","20","51","0","0","0","0","0","0","0","0","0","0","0","0","0","0","0","0","0","0","0","0","0","0","0","0"
"L71066","URL_NAME","jenkins.model.NewViewLink.URL_NAME;Ljava/lang/String;","L71062","L103","C:\GIT\pris2\SourceMeter\Guille\jenkins-jenkins-2.328\core\src\main\java\jenkins\model\NewViewLink.java","21","5","22","53","0","0","0","0","0","0","0","0","0","0","0","0","0","0","0","0","0","0","0","0","0","0","0","0"
"L71087","LOGGER","jenkins.model.NodeListener.LOGGER;Ljava/util/logging/Logger;","L71084","L103","C:\GIT\pris2\SourceMeter\Guille\jenkins-jenkins-2.328\core\src\main\java\jenkins\model\NodeListener.java","43","5","43","89","0","0","0","0","0","0","0","0","0","0","0","0","0","0","0","0","0","0","0","0","0","0","0","0"
"L71125","ENFORCE_NAME_RESTRICTIONS","jenkins.model.Nodes.ENFORCE_NAME_RESTRICTIONS;Z","L68190","L103","C:\GIT\pris2\SourceMeter\Guille\jenkins-jenkins-2.328\core\src\main\java\jenkins\model\Nodes.java","70","5","71","148","0","0","0","0","0","0","0","0","0","0","0","0","0","0","0","0","0","0","0","0","0","0","0","0"
"L71127","jenkins","jenkins.model.Nodes.jenkins;Ljenkins/model/Jenkins;","L68190","L103","C:\GIT\pris2\SourceMeter\Guille\jenkins-jenkins-2.328\core\src\main\java\jenkins\model\Nodes.java","76","5","77","35","0","0","0","0","0","0","0","0","0","0","0","0","0","0","0","0","0","0","0","0","0","0","0","0"
"L71129","nodes","jenkins.model.Nodes.nodes;Ljava/util/concurrent/ConcurrentMap;","L68190","L103","C:\GIT\pris2\SourceMeter\Guille\jenkins-jenkins-2.328\core\src\main\java\jenkins\model\Nodes.java","82","5","82","85","0","0","0","0","0","0","0","0","0","0","0","0","0","0","0","0","0","0","0","0","0","0","0","0"
"L16686","BUILD_NOW_TEXT","jenkins.model.ParameterizedJobMixIn.BUILD_NOW_TEXT;Lhudson/util/AlternativeUiTextProvider$Message;","L1820","L103","C:\GIT\pris2\SourceMeter\Guille\jenkins-jenkins-2.328\core\src\main\java\jenkins\model\ParameterizedJobMixIn.java","291","5","291","136","0","0","0","0","0","0","0","0","0","0","0","0","0","0","0","0","0","0","0","0","0","0","0","0"
"L71383","caches","jenkins.model.PeepholePermalink.caches;Ljava/util/Map;","L36760","L103","C:\GIT\pris2\SourceMeter\Guille\jenkins-jenkins-2.328\core\src\main\java\jenkins\model\PeepholePermalink.java","69","5","69","83","0","0","0","0","0","0","0","0","0","0","0","0","0","0","0","0","0","0","0","0","0","0","0","0"
"L71405","RESOLVES_TO_NONE","jenkins.model.PeepholePermalink.RESOLVES_TO_NONE;I","L36760","L103","C:\GIT\pris2\SourceMeter\Guille\jenkins-jenkins-2.328\core\src\main\java\jenkins\model\PeepholePermalink.java","242","5","242","52","0","0","0","0","0","0","0","0","0","0","0","0","0","0","0","0","0","0","0","0","0","0","0","0"
"L71425","LOGGER","jenkins.model.PeepholePermalink.LOGGER;Ljava/util/logging/Logger;","L36760","L103","C:\GIT\pris2\SourceMeter\Guille\jenkins-jenkins-2.328\core\src\main\java\jenkins\model\PeepholePermalink.java","244","5","244","94","0","0","0","0","0","0","0","0","0","0","0","0","0","0","0","0","0","0","0","0","0","0","0","0"
"L46985","DEFAULT_NAMING_STRATEGY","jenkins.model.ProjectNamingStrategy.DEFAULT_NAMING_STRATEGY;Ljenkins/model/ProjectNamingStrategy;","L33793","L103","C:\GIT\pris2\SourceMeter\Guille\jenkins-jenkins-2.328\core\src\main\java\jenkins\model\ProjectNamingStrategy.java","86","5","86","108","0","0","0","0","0","0","0","0","0","0","0","0","0","0","0","0","0","0","0","0","0","0","0","0"
"L71610","legacyIdFormatter","jenkins.model.RunIdMigrator.legacyIdFormatter;Ljava/text/DateFormat;","L33345","L103","C:\GIT\pris2\SourceMeter\Guille\jenkins-jenkins-2.328\core\src\main\java\jenkins\model\RunIdMigrator.java","83","5","83","94","0","0","0","0","0","0","0","0","0","0","0","0","0","0","0","0","0","0","0","0","0","0","0","0"
"L71611","LOGGER","jenkins.model.RunIdMigrator.LOGGER;Ljava/util/logging/Logger;","L33345","L103","C:\GIT\pris2\SourceMeter\Guille\jenkins-jenkins-2.328\core\src\main\java\jenkins\model\RunIdMigrator.java","85","5","85","82","0","0","0","0","0","0","0","0","0","0","0","0","0","0","0","0","0","0","0","0","0","0","0","0"
"L71612","MAP_FILE","jenkins.model.RunIdMigrator.MAP_FILE;Ljava/lang/String;","L33345","L103","C:\GIT\pris2\SourceMeter\Guille\jenkins-jenkins-2.328\core\src\main\java\jenkins\model\RunIdMigrator.java","86","5","86","56","0","0","0","0","0","0","0","0","0","0","0","0","0","0","0","0","0","0","0","0","0","0","0","0"
"L71613","EMPTY","jenkins.model.RunIdMigrator.EMPTY;Ljava/util/Map;","L33345","L103","C:\GIT\pris2\SourceMeter\Guille\jenkins-jenkins-2.328\core\src\main\java\jenkins\model\RunIdMigrator.java","88","5","88","71","0","0","0","0","0","0","0","0","0","0","0","0","0","0","0","0","0","0","0","0","0","0","0","0"
"L71615","offeredToUnmigrate","jenkins.model.RunIdMigrator.offeredToUnmigrate;Ljava/util/Set;","L33345","L103","C:\GIT\pris2\SourceMeter\Guille\jenkins-jenkins-2.328\core\src\main\java\jenkins\model\RunIdMigrator.java","93","5","93","102","0","0","0","0","0","0","0","0","0","0","0","0","0","0","0","0","0","0","0","0","0","0","0","0"
"L71620","idToNumber","jenkins.model.RunIdMigrator.idToNumber;Ljava/util/Map;","L33345","L103","C:\GIT\pris2\SourceMeter\Guille\jenkins-jenkins-2.328\core\src\main\java\jenkins\model\RunIdMigrator.java","95","5","95","62","0","0","0","0","0","0","0","0","0","0","0","0","0","0","0","0","0","0","0","0","0","0","0","0"
"L71643","NUMBER_ELT","jenkins.model.RunIdMigrator.NUMBER_ELT;Ljava/util/regex/Pattern;","L33345","L103","C:\GIT\pris2\SourceMeter\Guille\jenkins-jenkins-2.328\core\src\main\java\jenkins\model\RunIdMigrator.java","196","5","196","104","0","0","0","0","0","0","0","0","0","0","0","0","0","0","0","0","0","0","0","0","0","0","0","0"
"L71673","ID_ELT","jenkins.model.RunIdMigrator.ID_ELT;Ljava/util/regex/Pattern;","L33345","L103","C:\GIT\pris2\SourceMeter\Guille\jenkins-jenkins-2.328\core\src\main\java\jenkins\model\RunIdMigrator.java","368","5","368","96","0","0","0","0","0","0","0","0","0","0","0","0","0","0","0","0","0","0","0","0","0","0","0","0"
"L71674","TIMESTAMP_ELT","jenkins.model.RunIdMigrator.TIMESTAMP_ELT;Ljava/util/regex/Pattern;","L33345","L103","C:\GIT\pris2\SourceMeter\Guille\jenkins-jenkins-2.328\core\src\main\java\jenkins\model\RunIdMigrator.java","369","5","369","113","0","0","0","0","0","0","0","0","0","0","0","0","0","0","0","0","0","0","0","0","0","0","0","0"
"L71689","discarder","jenkins.model.SimpleGlobalBuildDiscarderStrategy.discarder;Ljenkins/model/BuildDiscarder;","L71687","L103","C:\GIT\pris2\SourceMeter\Guille\jenkins-jenkins-2.328\core\src\main\java\jenkins\model\SimpleGlobalBuildDiscarderStrategy.java","42","5","42","38","0","0","0","0","0","0","0","0","0","0","0","0","0","0","0","0","0","0","0","0","0","0","0","0"
"L71714","LOG","jenkins.model.StandardArtifactManager.LOG;Ljava/util/logging/Logger;","L39550","L103","C:\GIT\pris2\SourceMeter\Guille\jenkins-jenkins-2.328\core\src\main\java\jenkins\model\StandardArtifactManager.java","51","5","51","97","0","0","0","0","0","0","0","0","0","0","0","0","0","0","0","0","0","0","0","0","0","0","0","0"
"L60501","TAR_COMPRESSION","jenkins.model.StandardArtifactManager.TAR_COMPRESSION;Lhudson/FilePath$TarCompression;","L39550","L103","C:\GIT\pris2\SourceMeter\Guille\jenkins-jenkins-2.328\core\src\main\java\jenkins\model\StandardArtifactManager.java","53","5","58","44","0","0","0","0","0","0","0","0","0","0","0","0","0","0","0","0","0","0","0","0","0","0","0","0"
"L71715","build","jenkins.model.StandardArtifactManager.build;Lhudson/model/Run;","L39550","L103","C:\GIT\pris2\SourceMeter\Guille\jenkins-jenkins-2.328\core\src\main\java\jenkins\model\StandardArtifactManager.java","60","5","60","41","0","0","0","0","0","0","0","0","0","0","0","0","0","0","0","0","0","0","0","0","0","0","0","0"
"L71756","cache","jenkins.model.TransientActionFactory.cache;LLoadingCache;","L27941","L103","C:\GIT\pris2\SourceMeter\Guille\jenkins-jenkins-2.328\core\src\main\java\jenkins\model\TransientActionFactory.java","104","5","131","8","0","0","0","0","0","0","0","0","0","0","0","0","0","0","0","0","0","0","0","0","0","0","0","0"
"L71790","nodes","jenkins.model.UnlabeledLoadStatistics.nodes;Ljava/lang/Iterable;","L68253","L103","C:\GIT\pris2\SourceMeter\Guille\jenkins-jenkins-2.328\core\src\main\java\jenkins\model\UnlabeledLoadStatistics.java","49","5","49","71","0","0","0","0","0","0","0","0","0","0","0","0","0","0","0","0","0","0","0","0","0","0","0","0"
"L71822","startTime","jenkins.model.Uptime.startTime;J","L27574","L103","C:\GIT\pris2\SourceMeter\Guille\jenkins-jenkins-2.328\core\src\main\java\jenkins\model\Uptime.java","15","5","15","28","0","0","0","0","0","0","0","0","0","0","0","0","0","0","0","0","0","0","0","0","0","0","0","0"
"L71830","instance","jenkins.model.CoreEnvironmentContributorTest.instance;Ljenkins/model/CoreEnvironmentContributor;","L71828","L103","C:\GIT\pris2\SourceMeter\Guille\jenkins-jenkins-2.328\core\src\test\java\jenkins\model\CoreEnvironmentContributorTest.java","23","5","23","41","0","0","0","0","0","0","0","0","0","0","0","0","0","0","0","0","0","0","0","0","0","0","0","0"
"L71833","mocks","jenkins.model.CoreEnvironmentContributorTest.mocks;Ljava/lang/AutoCloseable;","L71828","L103","C:\GIT\pris2\SourceMeter\Guille\jenkins-jenkins-2.328\core\src\test\java\jenkins\model\CoreEnvironmentContributorTest.java","25","5","25","33","0","0","0","0","0","0","0","0","0","0","0","0","0","0","0","0","0","0","0","0","0","0","0","0"
"L71834","job","jenkins.model.CoreEnvironmentContributorTest.job;Lhudson/model/Job;","L71828","L103","C:\GIT\pris2\SourceMeter\Guille\jenkins-jenkins-2.328\core\src\test\java\jenkins\model\CoreEnvironmentContributorTest.java","27","5","28","13","0","0","0","0","0","0","0","0","0","0","0","0","0","0","0","0","0","0","0","0","0","0","0","0"
"L71835","listener","jenkins.model.CoreEnvironmentContributorTest.listener;Lhudson/model/TaskListener;","L71828","L103","C:\GIT\pris2\SourceMeter\Guille\jenkins-jenkins-2.328\core\src\test\java\jenkins\model\CoreEnvironmentContributorTest.java","30","5","31","27","0","0","0","0","0","0","0","0","0","0","0","0","0","0","0","0","0","0","0","0","0","0","0","0"
"L71873","jenkins","jenkins.model.JenkinsGetRootUrlTest.jenkins;Ljenkins/model/Jenkins;","L71871","L103","C:\GIT\pris2\SourceMeter\Guille\jenkins-jenkins-2.328\core\src\test\java\jenkins\model\JenkinsGetRootUrlTest.java","47","5","47","29","0","0","0","0","0","0","0","0","0","0","0","0","0","0","0","0","0","0","0","0","0","0","0","0"
"L71874","staplerRequest","jenkins.model.JenkinsGetRootUrlTest.staplerRequest;LStaplerRequest;","L71871","L103","C:\GIT\pris2\SourceMeter\Guille\jenkins-jenkins-2.328\core\src\test\java\jenkins\model\JenkinsGetRootUrlTest.java","48","5","48","43","0","0","0","0","0","0","0","0","0","0","0","0","0","0","0","0","0","0","0","0","0","0","0","0"
"L71875","config","jenkins.model.JenkinsGetRootUrlTest.config;Ljenkins/model/JenkinsLocationConfiguration;","L71871","L103","C:\GIT\pris2\SourceMeter\Guille\jenkins-jenkins-2.328\core\src\test\java\jenkins\model\JenkinsGetRootUrlTest.java","49","5","49","49","0","0","0","0","0","0","0","0","0","0","0","0","0","0","0","0","0","0","0","0","0","0","0","0"
"L71916","config","jenkins.model.JenkinsLocationConfigurationTest.config;Ljenkins/model/JenkinsLocationConfiguration;","L71913","L103","C:\GIT\pris2\SourceMeter\Guille\jenkins-jenkins-2.328\core\src\test\java\jenkins\model\JenkinsLocationConfigurationTest.java","42","5","42","41","0","0","0","0","0","0","0","0","0","0","0","0","0","0","0","0","0","0","0","0","0","0","0","0"
"L71926","newViewLink","jenkins.model.NewViewLinkTest.newViewLink;Ljenkins/model/NewViewLink;","L71924","L103","C:\GIT\pris2\SourceMeter\Guille\jenkins-jenkins-2.328\core\src\test\java\jenkins\model\NewViewLinkTest.java","21","5","21","37","0","0","0","0","0","0","0","0","0","0","0","0","0","0","0","0","0","0","0","0","0","0","0","0"
"L71929","view","jenkins.model.NewViewLinkTest.view;Lhudson/model/View;","L71924","L103","C:\GIT\pris2\SourceMeter\Guille\jenkins-jenkins-2.328\core\src\test\java\jenkins\model\NewViewLinkTest.java","23","5","23","42","0","0","0","0","0","0","0","0","0","0","0","0","0","0","0","0","0","0","0","0","0","0","0","0"
"L71930","group","jenkins.model.NewViewLinkTest.group;Lhudson/model/ViewGroup;","L71924","L103","C:\GIT\pris2\SourceMeter\Guille\jenkins-jenkins-2.328\core\src\test\java\jenkins\model\NewViewLinkTest.java","24","5","24","63","0","0","0","0","0","0","0","0","0","0","0","0","0","0","0","0","0","0","0","0","0","0","0","0"
"L71931","viewGroupURL","jenkins.model.NewViewLinkTest.viewGroupURL;Ljava/lang/String;","L71924","L103","C:\GIT\pris2\SourceMeter\Guille\jenkins-jenkins-2.328\core\src\test\java\jenkins\model\NewViewLinkTest.java","25","5","25","48","0","0","0","0","0","0","0","0","0","0","0","0","0","0","0","0","0","0","0","0","0","0","0","0"
"L71944","tmp","jenkins.model.RunIdMigratorTest.tmp;LTemporaryFolder;","L71942","L103","C:\GIT\pris2\SourceMeter\Guille\jenkins-jenkins-2.328\core\src\test\java\jenkins\model\RunIdMigratorTest.java","55","5","55","62","0","0","0","0","0","0","0","0","0","0","0","0","0","0","0","0","0","0","0","0","0","0","0","0"
"L71945","defaultTimezone","jenkins.model.RunIdMigratorTest.defaultTimezone;Ljava/util/TimeZone;","L71942","L103","C:\GIT\pris2\SourceMeter\Guille\jenkins-jenkins-2.328\core\src\test\java\jenkins\model\RunIdMigratorTest.java","57","5","57","45","0","0","0","0","0","0","0","0","0","0","0","0","0","0","0","0","0","0","0","0","0","0","0","0"
"L71954","migrator","jenkins.model.RunIdMigratorTest.migrator;Ljenkins/model/RunIdMigrator;","L71942","L103","C:\GIT\pris2\SourceMeter\Guille\jenkins-jenkins-2.328\core\src\test\java\jenkins\model\RunIdMigratorTest.java","77","5","77","36","0","0","0","0","0","0","0","0","0","0","0","0","0","0","0","0","0","0","0","0","0","0","0","0"
"L71955","dir","jenkins.model.RunIdMigratorTest.dir;Ljava/io/File;","L71942","L103","C:\GIT\pris2\SourceMeter\Guille\jenkins-jenkins-2.328\core\src\test\java\jenkins\model\RunIdMigratorTest.java","78","5","78","22","0","0","0","0","0","0","0","0","0","0","0","0","0","0","0","0","0","0","0","0","0","0","0","0"
"L71991","j","jenkins.model.AssetManagerTest.j;LJenkinsRule;","L71989","L103","C:\GIT\pris2\SourceMeter\Guille\jenkins-jenkins-2.328\test\src\test\java\jenkins\model\AssetManagerTest.java","38","5","39","46","0","0","0","0","0","0","0","0","0","0","0","0","0","0","0","0","0","0","0","0","0","0","0","0"
"L71996","r","jenkins.model.BuildDiscarderPropertyTest.r;LJenkinsRule;","L71994","L103","C:\GIT\pris2\SourceMeter\Guille\jenkins-jenkins-2.328\test\src\test\java\jenkins\model\BuildDiscarderPropertyTest.java","46","5","47","46","0","0","0","0","0","0","0","0","0","0","0","0","0","0","0","0","0","0","0","0","0","0","0","0"
"L72008","KEY","jenkins.model.BuiltInNodeMigrationPropertyTest.KEY;Ljava/lang/String;","L72006","L103","C:\GIT\pris2\SourceMeter\Guille\jenkins-jenkins-2.328\test\src\test\java\jenkins\model\BuiltInNodeMigrationPropertyTest.java","35","5","35","96","0","0","0","0","0","0","0","0","0","0","0","0","0","0","0","0","0","0","0","0","0","0","0","0"
"L72009","OVERRIDE_VALUE","jenkins.model.BuiltInNodeMigrationPropertyTest.OVERRIDE_VALUE;Ljava/lang/String;","L72006","L103","C:\GIT\pris2\SourceMeter\Guille\jenkins-jenkins-2.328\test\src\test\java\jenkins\model\BuiltInNodeMigrationPropertyTest.java","36","5","36","55","0","0","0","0","0","0","0","0","0","0","0","0","0","0","0","0","0","0","0","0","0","0","0","0"
"L72010","j","jenkins.model.BuiltInNodeMigrationPropertyTest.j;LJenkinsRule;","L72006","L103","C:\GIT\pris2\SourceMeter\Guille\jenkins-jenkins-2.328\test\src\test\java\jenkins\model\BuiltInNodeMigrationPropertyTest.java","37","5","38","46","0","0","0","0","0","0","0","0","0","0","0","0","0","0","0","0","0","0","0","0","0","0","0","0"
"L72023","r","jenkins.model.BuiltInNodeMigrationRestartTest.r;LJenkinsSessionRule;","L72021","L103","C:\GIT\pris2\SourceMeter\Guille\jenkins-jenkins-2.328\test\src\test\java\jenkins\model\BuiltInNodeMigrationRestartTest.java","25","5","26","60","0","0","0","0","0","0","0","0","0","0","0","0","0","0","0","0","0","0","0","0","0","0","0","0"
"L72066","j","jenkins.model.BuiltInNodeMigrationTest.j;LJenkinsRule;","L72064","L103","C:\GIT\pris2\SourceMeter\Guille\jenkins-jenkins-2.328\test\src\test\java\jenkins\model\BuiltInNodeMigrationTest.java","41","5","42","46","0","0","0","0","0","0","0","0","0","0","0","0","0","0","0","0","0","0","0","0","0","0","0","0"
"L72079","j","jenkins.model.ContextMenuTest.j;LJenkinsRule;","L72077","L103","C:\GIT\pris2\SourceMeter\Guille\jenkins-jenkins-2.328\test\src\test\java\jenkins\model\ContextMenuTest.java","53","5","53","52","0","0","0","0","0","0","0","0","0","0","0","0","0","0","0","0","0","0","0","0","0","0","0","0"
"L72111","j","jenkins.model.ExtensionTypeHierarchyTest.j;LJenkinsRule;","L72108","L103","C:\GIT\pris2\SourceMeter\Guille\jenkins-jenkins-2.328\test\src\test\java\jenkins\model\ExtensionTypeHierarchyTest.java","20","5","21","46","0","0","0","0","0","0","0","0","0","0","0","0","0","0","0","0","0","0","0","0","0","0","0","0"
"L72147","j","jenkins.model.GlobalBuildDiscarderTest.j;LJenkinsRule;","L72145","L103","C:\GIT\pris2\SourceMeter\Guille\jenkins-jenkins-2.328\test\src\test\java\jenkins\model\GlobalBuildDiscarderTest.java","17","5","18","46","0","0","0","0","0","0","0","0","0","0","0","0","0","0","0","0","0","0","0","0","0","0","0","0"
"L72166","j","jenkins.model.GlobalSCMRetryCountConfigurationTest.j;LJenkinsRule;","L72163","L103","C:\GIT\pris2\SourceMeter\Guille\jenkins-jenkins-2.328\test\src\test\java\jenkins\model\GlobalSCMRetryCountConfigurationTest.java","43","5","44","46","0","0","0","0","0","0","0","0","0","0","0","0","0","0","0","0","0","0","0","0","0","0","0","0"
"L72176","LOG_WHEN_CHANGING_BUILDS_DIR","jenkins.model.JenkinsBuildsAndWorkspacesDirectoriesTest.LOG_WHEN_CHANGING_BUILDS_DIR;Ljava/lang/String;","L72173","L103","C:\GIT\pris2\SourceMeter\Guille\jenkins-jenkins-2.328\test\src\test\java\jenkins\model\JenkinsBuildsAndWorkspacesDirectoriesTest.java","42","5","42","100","0","0","0","0","0","0","0","0","0","0","0","0","0","0","0","0","0","0","0","0","0","0","0","0"
"L72177","LOG_WHEN_CHANGING_WORKSPACES_DIR","jenkins.model.JenkinsBuildsAndWorkspacesDirectoriesTest.LOG_WHEN_CHANGING_WORKSPACES_DIR;Ljava/lang/String;","L72173","L103","C:\GIT\pris2\SourceMeter\Guille\jenkins-jenkins-2.328\test\src\test\java\jenkins\model\JenkinsBuildsAndWorkspacesDirectoriesTest.java","43","5","43","108","0","0","0","0","0","0","0","0","0","0","0","0","0","0","0","0","0","0","0","0","0","0","0","0"
"L72178","story","jenkins.model.JenkinsBuildsAndWorkspacesDirectoriesTest.story;LRestartableJenkinsRule;","L72173","L103","C:\GIT\pris2\SourceMeter\Guille\jenkins-jenkins-2.328\test\src\test\java\jenkins\model\JenkinsBuildsAndWorkspacesDirectoriesTest.java","45","5","46","72","0","0","0","0","0","0","0","0","0","0","0","0","0","0","0","0","0","0","0","0","0","0","0","0"
"L72179","loggerRule","jenkins.model.JenkinsBuildsAndWorkspacesDirectoriesTest.loggerRule;LLoggerRule;","L72173","L103","C:\GIT\pris2\SourceMeter\Guille\jenkins-jenkins-2.328\test\src\test\java\jenkins\model\JenkinsBuildsAndWorkspacesDirectoriesTest.java","48","5","49","53","0","0","0","0","0","0","0","0","0","0","0","0","0","0","0","0","0","0","0","0","0","0","0","0"
"L72261","lastRootUrlReturned","jenkins.model.JenkinsLocationConfigurationTest.lastRootUrlReturned;Ljava/lang/String;","L72258","L103","C:\GIT\pris2\SourceMeter\Guille\jenkins-jenkins-2.328\test\src\test\java\jenkins\model\JenkinsLocationConfigurationTest.java","37","5","37","40","0","0","0","0","0","0","0","0","0","0","0","0","0","0","0","0","0","0","0","0","0","0","0","0"
"L72262","lastRootUrlSet","jenkins.model.JenkinsLocationConfigurationTest.lastRootUrlSet;Z","L72258","L103","C:\GIT\pris2\SourceMeter\Guille\jenkins-jenkins-2.328\test\src\test\java\jenkins\model\JenkinsLocationConfigurationTest.java","38","5","38","36","0","0","0","0","0","0","0","0","0","0","0","0","0","0","0","0","0","0","0","0","0","0","0","0"
"L72263","j","jenkins.model.JenkinsLocationConfigurationTest.j;LJenkinsRule;","L72258","L103","C:\GIT\pris2\SourceMeter\Guille\jenkins-jenkins-2.328\test\src\test\java\jenkins\model\JenkinsLocationConfigurationTest.java","40","5","53","7","0","0","0","0","0","0","0","0","0","0","0","0","0","0","0","0","0","0","0","0","0","0","0","0"
"L72294","rr","jenkins.model.JenkinsLogRecordsTest.rr;LRealJenkinsRule;","L72292","L103","C:\GIT\pris2\SourceMeter\Guille\jenkins-jenkins-2.328\test\src\test\java\jenkins\model\JenkinsLogRecordsTest.java","24","5","25","55","0","0","0","0","0","0","0","0","0","0","0","0","0","0","0","0","0","0","0","0","0","0","0","0"
"L72310","j","jenkins.model.JenkinsManagePermissionTest.j;LJenkinsRule;","L72306","L103","C:\GIT\pris2\SourceMeter\Guille\jenkins-jenkins-2.328\test\src\test\java\jenkins\model\JenkinsManagePermissionTest.java","48","5","49","46","0","0","0","0","0","0","0","0","0","0","0","0","0","0","0","0","0","0","0","0","0","0","0","0"
"L72358","j","jenkins.model.JenkinsReloadConfigurationTest.j;LJenkinsRule;","L72355","L103","C:\GIT\pris2\SourceMeter\Guille\jenkins-jenkins-2.328\test\src\test\java\jenkins\model\JenkinsReloadConfigurationTest.java","25","5","25","52","0","0","0","0","0","0","0","0","0","0","0","0","0","0","0","0","0","0","0","0","0","0","0","0"
"L72378","SYSTEM_READER_AND_MANAGER","jenkins.model.JenkinsSystemReadAndManagePermissionTest.SYSTEM_READER_AND_MANAGER;Ljava/lang/String;","L72376","L103","C:\GIT\pris2\SourceMeter\Guille\jenkins-jenkins-2.328\test\src\test\java\jenkins\model\JenkinsSystemReadAndManagePermissionTest.java","22","5","22","86","0","0","0","0","0","0","0","0","0","0","0","0","0","0","0","0","0","0","0","0","0","0","0","0"
"L72381","j","jenkins.model.JenkinsSystemReadAndManagePermissionTest.j;LJenkinsRule;","L72376","L103","C:\GIT\pris2\SourceMeter\Guille\jenkins-jenkins-2.328\test\src\test\java\jenkins\model\JenkinsSystemReadAndManagePermissionTest.java","36","5","37","53","0","0","0","0","0","0","0","0","0","0","0","0","0","0","0","0","0","0","0","0","0","0","0","0"
"L72382","webClient","jenkins.model.JenkinsSystemReadAndManagePermissionTest.webClient;LJenkinsRule/WebClient;","L72376","L103","C:\GIT\pris2\SourceMeter\Guille\jenkins-jenkins-2.328\test\src\test\java\jenkins\model\JenkinsSystemReadAndManagePermissionTest.java","39","5","39","45","0","0","0","0","0","0","0","0","0","0","0","0","0","0","0","0","0","0","0","0","0","0","0","0"
"L72402","SYSTEM_READER","jenkins.model.JenkinsSystemReadPermissionTest.SYSTEM_READER;Ljava/lang/String;","L72400","L103","C:\GIT\pris2\SourceMeter\Guille\jenkins-jenkins-2.328\test\src\test\java\jenkins\model\JenkinsSystemReadPermissionTest.java","18","5","18","64","0","0","0","0","0","0","0","0","0","0","0","0","0","0","0","0","0","0","0","0","0","0","0","0"
"L72403","j","jenkins.model.JenkinsSystemReadPermissionTest.j;LJenkinsRule;","L72400","L103","C:\GIT\pris2\SourceMeter\Guille\jenkins-jenkins-2.328\test\src\test\java\jenkins\model\JenkinsSystemReadPermissionTest.java","20","5","21","53","0","0","0","0","0","0","0","0","0","0","0","0","0","0","0","0","0","0","0","0","0","0","0","0"
"L72404","webClient","jenkins.model.JenkinsSystemReadPermissionTest.webClient;LJenkinsRule/WebClient;","L72400","L103","C:\GIT\pris2\SourceMeter\Guille\jenkins-jenkins-2.328\test\src\test\java\jenkins\model\JenkinsSystemReadPermissionTest.java","23","5","23","45","0","0","0","0","0","0","0","0","0","0","0","0","0","0","0","0","0","0","0","0","0","0","0","0"
"L72416","j","jenkins.model.JenkinsTest.j;LJenkinsRule;","L72413","L103","C:\GIT\pris2\SourceMeter\Guille\jenkins-jenkins-2.328\test\src\test\java\jenkins\model\JenkinsTest.java","99","5","99","52","0","0","0","0","0","0","0","0","0","0","0","0","0","0","0","0","0","0","0","0","0","0","0","0"
"L72464","listenerMock","jenkins.model.JenkinsTest.listenerMock;Lhudson/slaves/ComputerListener;","L72413","L103","C:\GIT\pris2\SourceMeter\Guille\jenkins-jenkins-2.328\test\src\test\java\jenkins\model\JenkinsTest.java","473","5","474","94","0","0","0","0","0","0","0","0","0","0","0","0","0","0","0","0","0","0","0","0","0","0","0","0"
"L72544","j","jenkins.model.MasterBuildConfigurationTest.j;LJenkinsRule;","L72542","L103","C:\GIT\pris2\SourceMeter\Guille\jenkins-jenkins-2.328\test\src\test\java\jenkins\model\MasterBuildConfigurationTest.java","13","5","13","52","0","0","0","0","0","0","0","0","0","0","0","0","0","0","0","0","0","0","0","0","0","0","0","0"
"L72549","j","jenkins.model.NodeListenerTest.j;LJenkinsRule;","L72547","L103","C:\GIT\pris2\SourceMeter\Guille\jenkins-jenkins-2.328\test\src\test\java\jenkins\model\NodeListenerTest.java","25","5","25","52","0","0","0","0","0","0","0","0","0","0","0","0","0","0","0","0","0","0","0","0","0","0","0","0"
"L72550","mock","jenkins.model.NodeListenerTest.mock;Ljenkins/model/NodeListener;","L72547","L103","C:\GIT\pris2\SourceMeter\Guille\jenkins-jenkins-2.328\test\src\test\java\jenkins\model\NodeListenerTest.java","27","5","27","31","0","0","0","0","0","0","0","0","0","0","0","0","0","0","0","0","0","0","0","0","0","0","0","0"
"L72563","r","jenkins.model.NodesTest.r;LJenkinsRule;","L72561","L103","C:\GIT\pris2\SourceMeter\Guille\jenkins-jenkins-2.328\test\src\test\java\jenkins\model\NodesTest.java","55","5","56","46","0","0","0","0","0","0","0","0","0","0","0","0","0","0","0","0","0","0","0","0","0","0","0","0"
"L72606","j","jenkins.model.ParameterizedJobMixInTest.j;LJenkinsRule;","L72603","L103","C:\GIT\pris2\SourceMeter\Guille\jenkins-jenkins-2.328\test\src\test\java\jenkins\model\ParameterizedJobMixInTest.java","44","5","45","46","0","0","0","0","0","0","0","0","0","0","0","0","0","0","0","0","0","0","0","0","0","0","0","0"
"L72614","j","jenkins.model.PeepholePermalinkTest.j;LJenkinsRule;","L72612","L103","C:\GIT\pris2\SourceMeter\Guille\jenkins-jenkins-2.328\test\src\test\java\jenkins\model\PeepholePermalinkTest.java","22","5","23","46","0","0","0","0","0","0","0","0","0","0","0","0","0","0","0","0","0","0","0","0","0","0","0","0"
"L72615","logging","jenkins.model.PeepholePermalinkTest.logging;LLoggerRule;","L72612","L103","C:\GIT\pris2\SourceMeter\Guille\jenkins-jenkins-2.328\test\src\test\java\jenkins\model\PeepholePermalinkTest.java","24","5","25","94","0","0","0","0","0","0","0","0","0","0","0","0","0","0","0","0","0","0","0","0","0","0","0","0"
"L72628","logs","jenkins.model.StartupTest.logs;LLoggerRule;","L72626","L103","C:\GIT\pris2\SourceMeter\Guille\jenkins-jenkins-2.328\test\src\test\java\jenkins\model\StartupTest.java","42","5","43","93","0","0","0","0","0","0","0","0","0","0","0","0","0","0","0","0","0","0","0","0","0","0","0","0"
"L72629","r","jenkins.model.StartupTest.r;LJenkinsRule;","L72626","L103","C:\GIT\pris2\SourceMeter\Guille\jenkins-jenkins-2.328\test\src\test\java\jenkins\model\StartupTest.java","45","5","46","46","0","0","0","0","0","0","0","0","0","0","0","0","0","0","0","0","0","0","0","0","0","0","0","0"
"L72634","r","jenkins.model.TransientActionFactoryTest.r;LJenkinsRule;","L72632","L103","C:\GIT\pris2\SourceMeter\Guille\jenkins-jenkins-2.328\test\src\test\java\jenkins\model\TransientActionFactoryTest.java","61","5","61","52","0","0","0","0","0","0","0","0","0","0","0","0","0","0","0","0","0","0","0","0","0","0","0","0"
"L72706","j","jenkins.model.UnlabeledLoadStatisticsTest.j;LJenkinsRule;","L72703","L103","C:\GIT\pris2\SourceMeter\Guille\jenkins-jenkins-2.328\test\src\test\java\jenkins\model\UnlabeledLoadStatisticsTest.java","49","5","50","46","0","0","0","0","0","0","0","0","0","0","0","0","0","0","0","0","0","0","0","0","0","0","0","0"
"L72707","unlabeledLoad","jenkins.model.UnlabeledLoadStatisticsTest.unlabeledLoad;Lhudson/model/LoadStatistics;","L72703","L103","C:\GIT\pris2\SourceMeter\Guille\jenkins-jenkins-2.328\test\src\test\java\jenkins\model\UnlabeledLoadStatisticsTest.java","52","5","52","80","0","0","0","0","0","0","0","0","0","0","0","0","0","0","0","0","0","0","0","0","0","0","0","0"
"L72717","disabled","jenkins.monitor.JavaVersionRecommendationAdminMonitor.disabled;Ljava/lang/Boolean;","L72715","L103","C:\GIT\pris2\SourceMeter\Guille\jenkins-jenkins-2.328\core\src\main\java\jenkins\monitor\JavaVersionRecommendationAdminMonitor.java","49","5","49","143","0","0","0","0","0","0","0","0","0","0","0","0","0","0","0","0","0","0","0","0","0","0","0","0"
"L72770","path","jenkins.mvn.FilePathGlobalSettingsProvider.path;Ljava/lang/String;","L60917","L103","C:\GIT\pris2\SourceMeter\Guille\jenkins-jenkins-2.328\core\src\main\java\jenkins\mvn\FilePathGlobalSettingsProvider.java","17","5","17","31","0","0","0","0","0","0","0","0","0","0","0","0","0","0","0","0","0","0","0","0","0","0","0","0"
"L72782","path","jenkins.mvn.FilePathSettingsProvider.path;Ljava/lang/String;","L60910","L103","C:\GIT\pris2\SourceMeter\Guille\jenkins-jenkins-2.328\core\src\main\java\jenkins\mvn\FilePathSettingsProvider.java","18","5","18","31","0","0","0","0","0","0","0","0","0","0","0","0","0","0","0","0","0","0","0","0","0","0","0","0"
"L72793","settingsProvider","jenkins.mvn.GlobalMavenConfig.settingsProvider;Ljenkins/mvn/SettingsProvider;","L60905","L103","C:\GIT\pris2\SourceMeter\Guille\jenkins-jenkins-2.328\core\src\main\java\jenkins\mvn\GlobalMavenConfig.java","14","5","14","47","0","0","0","0","0","0","0","0","0","0","0","0","0","0","0","0","0","0","0","0","0","0","0","0"
"L72794","globalSettingsProvider","jenkins.mvn.GlobalMavenConfig.globalSettingsProvider;Ljenkins/mvn/GlobalSettingsProvider;","L60905","L103","C:\GIT\pris2\SourceMeter\Guille\jenkins-jenkins-2.328\core\src\main\java\jenkins\mvn\GlobalMavenConfig.java","15","5","15","59","0","0","0","0","0","0","0","0","0","0","0","0","0","0","0","0","0","0","0","0","0","0","0","0"
"L73716","LOGGER","jenkins.plugins.DetachedPluginsUtil.LOGGER;Ljava/util/logging/Logger;","L50617","L103","C:\GIT\pris2\SourceMeter\Guille\jenkins-jenkins-2.328\core\src\main\java\jenkins\plugins\DetachedPluginsUtil.java","39","5","39","96","0","0","0","0","0","0","0","0","0","0","0","0","0","0","0","0","0","0","0","0","0","0","0","0"
"L73717","DETACHED_LIST","jenkins.plugins.DetachedPluginsUtil.DETACHED_LIST;Ljava/util/List;","L50617","L103","C:\GIT\pris2\SourceMeter\Guille\jenkins-jenkins-2.328\core\src\main\java\jenkins\plugins\DetachedPluginsUtil.java","44","5","45","53","0","0","0","0","0","0","0","0","0","0","0","0","0","0","0","0","0","0","0","0","0","0","0","0"
"L73719","BREAK_CYCLES","jenkins.plugins.DetachedPluginsUtil.BREAK_CYCLES;Ljava/util/Set;","L50617","L103","C:\GIT\pris2\SourceMeter\Guille\jenkins-jenkins-2.328\core\src\main\java\jenkins\plugins\DetachedPluginsUtil.java","50","5","50","51","0","0","0","0","0","0","0","0","0","0","0","0","0","0","0","0","0","0","0","0","0","0","0","0"
"L74109","j","jenkins.scm.SCMCheckoutStrategyTest.j;LJenkinsRule;","L74106","L103","C:\GIT\pris2\SourceMeter\Guille\jenkins-jenkins-2.328\test\src\test\java\jenkins\scm\SCMCheckoutStrategyTest.java","27","5","28","46","0","0","0","0","0","0","0","0","0","0","0","0","0","0","0","0","0","0","0","0","0","0","0","0"
"L74881","LOGGER","jenkins.security.ApiTokenProperty.LOGGER;Ljava/util/logging/Logger;","L4423","L103","C:\GIT\pris2\SourceMeter\Guille\jenkins-jenkins-2.328\core\src\main\java\jenkins\security\ApiTokenProperty.java","82","5","82","93","0","0","0","0","0","0","0","0","0","0","0","0","0","0","0","0","0","0","0","0","0","0","0","0"
"L74882","SHOW_LEGACY_TOKEN_TO_ADMINS","jenkins.security.ApiTokenProperty.SHOW_LEGACY_TOKEN_TO_ADMINS;Z","L4423","L103","C:\GIT\pris2\SourceMeter\Guille\jenkins-jenkins-2.328\core\src\main\java\jenkins\security\ApiTokenProperty.java","92","5","94","98","0","0","0","0","0","0","0","0","0","0","0","0","0","0","0","0","0","0","0","0","0","0","0","0"
"L74884","ADMIN_CAN_GENERATE_NEW_TOKENS","jenkins.security.ApiTokenProperty.ADMIN_CAN_GENERATE_NEW_TOKENS;Z","L4423","L103","C:\GIT\pris2\SourceMeter\Guille\jenkins-jenkins-2.328\core\src\main\java\jenkins\security\ApiTokenProperty.java","105","5","107","106","0","0","0","0","0","0","0","0","0","0","0","0","0","0","0","0","0","0","0","0","0","0","0","0"
"L74886","apiToken","jenkins.security.ApiTokenProperty.apiToken;Lhudson/util/Secret;","L4423","L103","C:\GIT\pris2\SourceMeter\Guille\jenkins-jenkins-2.328\core\src\main\java\jenkins\security\ApiTokenProperty.java","109","5","109","38","0","0","0","0","0","0","0","0","0","0","0","0","0","0","0","0","0","0","0","0","0","0","0","0"
"L74887","tokenStore","jenkins.security.ApiTokenProperty.tokenStore;Ljenkins/security/apitoken/ApiTokenStore;","L4423","L103","C:\GIT\pris2\SourceMeter\Guille\jenkins-jenkins-2.328\core\src\main\java\jenkins\security\ApiTokenProperty.java","110","5","110","38","0","0","0","0","0","0","0","0","0","0","0","0","0","0","0","0","0","0","0","0","0","0","0","0"
"L74888","tokenStats","jenkins.security.ApiTokenProperty.tokenStats;Ljenkins/security/apitoken/ApiTokenStats;","L4423","L103","C:\GIT\pris2\SourceMeter\Guille\jenkins-jenkins-2.328\core\src\main\java\jenkins\security\ApiTokenProperty.java","117","5","117","48","0","0","0","0","0","0","0","0","0","0","0","0","0","0","0","0","0","0","0","0","0","0","0","0"
"L74960","RANDOM","jenkins.security.ApiTokenProperty.RANDOM;Ljava/security/SecureRandom;","L4423","L103","C:\GIT\pris2\SourceMeter\Guille\jenkins-jenkins-2.328\core\src\main\java\jenkins\security\ApiTokenProperty.java","664","5","665","67","0","0","0","0","0","0","0","0","0","0","0","0","0","0","0","0","0","0","0","0","0","0","0","0"
"L74910","API_KEY_SEED","jenkins.security.ApiTokenProperty.API_KEY_SEED;Ljenkins/security/HMACConfidentialKey;","L4423","L103","C:\GIT\pris2\SourceMeter\Guille\jenkins-jenkins-2.328\core\src\main\java\jenkins\security\ApiTokenProperty.java","671","5","673","120","0","0","0","0","0","0","0","0","0","0","0","0","0","0","0","0","0","0","0","0","0","0","0","0"
"L75058","LOGGER","jenkins.security.BasicHeaderApiTokenAuthenticator.LOGGER;Ljava/util/logging/Logger;","L74248","L103","C:\GIT\pris2\SourceMeter\Guille\jenkins-jenkins-2.328\core\src\main\java\jenkins\security\BasicHeaderApiTokenAuthenticator.java","53","5","53","109","0","0","0","0","0","0","0","0","0","0","0","0","0","0","0","0","0","0","0","0","0","0","0","0"
"L75080","authenticationEntryPoint","jenkins.security.BasicHeaderProcessor.authenticationEntryPoint;LAuthenticationEntryPoint;","L55785","L103","C:\GIT\pris2\SourceMeter\Guille\jenkins-jenkins-2.328\core\src\main\java\jenkins\security\BasicHeaderProcessor.java","47","5","47","63","0","0","0","0","0","0","0","0","0","0","0","0","0","0","0","0","0","0","0","0","0","0","0","0"
"L75081","rememberMeServices","jenkins.security.BasicHeaderProcessor.rememberMeServices;LRememberMeServices;","L55785","L103","C:\GIT\pris2\SourceMeter\Guille\jenkins-jenkins-2.328\core\src\main\java\jenkins\security\BasicHeaderProcessor.java","48","5","48","82","0","0","0","0","0","0","0","0","0","0","0","0","0","0","0","0","0","0","0","0","0","0","0","0"
"L75094","LOGGER","jenkins.security.BasicHeaderProcessor.LOGGER;Ljava/util/logging/Logger;","L55785","L103","C:\GIT\pris2\SourceMeter\Guille\jenkins-jenkins-2.328\core\src\main\java\jenkins\security\BasicHeaderProcessor.java","159","5","159","97","0","0","0","0","0","0","0","0","0","0","0","0","0","0","0","0","0","0","0","0","0","0","0","0"
"L75117","authenticationDetailsSource","jenkins.security.BasicHeaderRealPasswordAuthenticator.authenticationDetailsSource;LAuthenticationDetailsSource;","L75114","L103","C:\GIT\pris2\SourceMeter\Guille\jenkins-jenkins-2.328\core\src\main\java\jenkins\security\BasicHeaderRealPasswordAuthenticator.java","48","5","48","108","0","0","0","0","0","0","0","0","0","0","0","0","0","0","0","0","0","0","0","0","0","0","0","0"
"L75126","LOGGER","jenkins.security.BasicHeaderRealPasswordAuthenticator.LOGGER;Ljava/util/logging/Logger;","L75114","L103","C:\GIT\pris2\SourceMeter\Guille\jenkins-jenkins-2.328\core\src\main\java\jenkins\security\BasicHeaderRealPasswordAuthenticator.java","71","5","71","113","0","0","0","0","0","0","0","0","0","0","0","0","0","0","0","0","0","0","0","0","0","0","0","0"
"L75123","DISABLE","jenkins.security.BasicHeaderRealPasswordAuthenticator.DISABLE;Z","L75114","L103","C:\GIT\pris2\SourceMeter\Guille\jenkins-jenkins-2.328\core\src\main\java\jenkins\security\BasicHeaderRealPasswordAuthenticator.java","77","5","78","101","0","0","0","0","0","0","0","0","0","0","0","0","0","0","0","0","0","0","0","0","0","0","0","0"
"L75141","LOGGER","jenkins.security.ClassFilterImpl.LOGGER;Ljava/util/logging/Logger;","L17188","L103","C:\GIT\pris2\SourceMeter\Guille\jenkins-jenkins-2.328\core\src\main\java\jenkins\security\ClassFilterImpl.java","72","5","72","92","0","0","0","0","0","0","0","0","0","0","0","0","0","0","0","0","0","0","0","0","0","0","0","0"
"L75142","SUPPRESS_WHITELIST","jenkins.security.ClassFilterImpl.SUPPRESS_WHITELIST;Z","L17188","L103","C:\GIT\pris2\SourceMeter\Guille\jenkins-jenkins-2.328\core\src\main\java\jenkins\security\ClassFilterImpl.java","74","5","74","148","0","0","0","0","0","0","0","0","0","0","0","0","0","0","0","0","0","0","0","0","0","0","0","0"
"L75143","SUPPRESS_ALL","jenkins.security.ClassFilterImpl.SUPPRESS_ALL;Z","L17188","L103","C:\GIT\pris2\SourceMeter\Guille\jenkins-jenkins-2.328\core\src\main\java\jenkins\security\ClassFilterImpl.java","75","5","75","136","0","0","0","0","0","0","0","0","0","0","0","0","0","0","0","0","0","0","0","0","0","0","0","0"
"L75144","JENKINS_LOC","jenkins.security.ClassFilterImpl.JENKINS_LOC;Ljava/lang/String;","L17188","L103","C:\GIT\pris2\SourceMeter\Guille\jenkins-jenkins-2.328\core\src\main\java\jenkins\security\ClassFilterImpl.java","77","5","77","73","0","0","0","0","0","0","0","0","0","0","0","0","0","0","0","0","0","0","0","0","0","0","0","0"
"L75147","REMOTING_LOC","jenkins.security.ClassFilterImpl.REMOTING_LOC;Ljava/lang/String;","L17188","L103","C:\GIT\pris2\SourceMeter\Guille\jenkins-jenkins-2.328\core\src\main\java\jenkins\security\ClassFilterImpl.java","78","5","78","78","0","0","0","0","0","0","0","0","0","0","0","0","0","0","0","0","0","0","0","0","0","0","0","0"
"L75158","cache","jenkins.security.ClassFilterImpl.cache;Ljava/util/Map;","L17188","L103","C:\GIT\pris2\SourceMeter\Guille\jenkins-jenkins-2.328\core\src\main\java\jenkins\security\ClassFilterImpl.java","112","5","112","99","0","0","0","0","0","0","0","0","0","0","0","0","0","0","0","0","0","0","0","0","0","0","0","0"
"L75172","codeSourceCache","jenkins.security.ClassFilterImpl.codeSourceCache;Ljava/util/Map;","L17188","L103","C:\GIT\pris2\SourceMeter\Guille\jenkins-jenkins-2.328\core\src\main\java\jenkins\security\ClassFilterImpl.java","114","5","114","103","0","0","0","0","0","0","0","0","0","0","0","0","0","0","0","0","0","0","0","0","0","0","0","0"
"L75183","WHITELISTED_CLASSES","jenkins.security.ClassFilterImpl.WHITELISTED_CLASSES;Ljava/util/Set;","L17188","L103","C:\GIT\pris2\SourceMeter\Guille\jenkins-jenkins-2.328\core\src\main\java\jenkins\security\ClassFilterImpl.java","116","5","116","50","0","0","0","0","0","0","0","0","0","0","0","0","0","0","0","0","0","0","0","0","0","0","0","0"
"L75203","CLASSES_JAR","jenkins.security.ClassFilterImpl.CLASSES_JAR;Ljava/util/regex/Pattern;","L17188","L103","C:\GIT\pris2\SourceMeter\Guille\jenkins-jenkins-2.328\core\src\main\java\jenkins\security\ClassFilterImpl.java","190","5","190","104","0","0","0","0","0","0","0","0","0","0","0","0","0","0","0","0","0","0","0","0","0","0","0","0"
"L75232","id","jenkins.security.ConfidentialKey.id;Ljava/lang/String;","L75230","L103","C:\GIT\pris2\SourceMeter\Guille\jenkins-jenkins-2.328\core\src\main\java\jenkins\security\ConfidentialKey.java","39","5","39","29","0","0","0","0","0","0","0","0","0","0","0","0","0","0","0","0","0","0","0","0","0","0","0","0"
"L75265","TEST","jenkins.security.ConfidentialStore.TEST;Ljava/lang/ThreadLocal;","L75247","L103","C:\GIT\pris2\SourceMeter\Guille\jenkins-jenkins-2.328\core\src\main\java\jenkins\security\ConfidentialStore.java","106","5","107","67","0","0","0","0","0","0","0","0","0","0","0","0","0","0","0","0","0","0","0","0","0","0","0","0"
"L75275","LOGGER","jenkins.security.ConfidentialStore.LOGGER;Ljava/util/logging/Logger;","L75247","L103","C:\GIT\pris2\SourceMeter\Guille\jenkins-jenkins-2.328\core\src\main\java\jenkins\security\ConfidentialStore.java","158","5","158","94","0","0","0","0","0","0","0","0","0","0","0","0","0","0","0","0","0","0","0","0","0","0","0","0"
"L75318","DEFAULT_IV_LENGTH","jenkins.security.CryptoConfidentialKey.DEFAULT_IV_LENGTH;I","L9316","L103","C:\GIT\pris2\SourceMeter\Guille\jenkins-jenkins-2.328\core\src\main\java\jenkins\security\CryptoConfidentialKey.java","20","5","21","52","0","0","0","0","0","0","0","0","0","0","0","0","0","0","0","0","0","0","0","0","0","0","0","0"
"L75319","lastCS","jenkins.security.CryptoConfidentialKey.lastCS;Ljenkins/security/ConfidentialStore;","L9316","L103","C:\GIT\pris2\SourceMeter\Guille\jenkins-jenkins-2.328\core\src\main\java\jenkins\security\CryptoConfidentialKey.java","23","5","23","38","0","0","0","0","0","0","0","0","0","0","0","0","0","0","0","0","0","0","0","0","0","0","0","0"
"L75320","secret","jenkins.security.CryptoConfidentialKey.secret;Ljavax/crypto/SecretKey;","L9316","L103","C:\GIT\pris2\SourceMeter\Guille\jenkins-jenkins-2.328\core\src\main\java\jenkins\security\CryptoConfidentialKey.java","24","5","24","30","0","0","0","0","0","0","0","0","0","0","0","0","0","0","0","0","0","0","0","0","0","0","0","0"
"L75334","KEY_ALGORITHM","jenkins.security.CryptoConfidentialKey.KEY_ALGORITHM;Ljava/lang/String;","L9316","L103","C:\GIT\pris2\SourceMeter\Guille\jenkins-jenkins-2.328\core\src\main\java\jenkins\security\CryptoConfidentialKey.java","138","5","138","55","0","0","0","0","0","0","0","0","0","0","0","0","0","0","0","0","0","0","0","0","0","0","0","0"
"L75340","ALGORITHM","jenkins.security.CryptoConfidentialKey.ALGORITHM;Ljava/lang/String;","L9316","L103","C:\GIT\pris2\SourceMeter\Guille\jenkins-jenkins-2.328\core\src\main\java\jenkins\security\CryptoConfidentialKey.java","139","5","139","68","0","0","0","0","0","0","0","0","0","0","0","0","0","0","0","0","0","0","0","0","0","0","0","0"
"L75404","sr","jenkins.security.DefaultConfidentialStore.sr;Ljava/security/SecureRandom;","L75277","L103","C:\GIT\pris2\SourceMeter\Guille\jenkins-jenkins-2.328\core\src\main\java\jenkins\security\DefaultConfidentialStore.java","34","5","34","56","0","0","0","0","0","0","0","0","0","0","0","0","0","0","0","0","0","0","0","0","0","0","0","0"
"L75405","rootDir","jenkins.security.DefaultConfidentialStore.rootDir;Ljava/io/File;","L75277","L103","C:\GIT\pris2\SourceMeter\Guille\jenkins-jenkins-2.328\core\src\main\java\jenkins\security\DefaultConfidentialStore.java","39","5","39","32","0","0","0","0","0","0","0","0","0","0","0","0","0","0","0","0","0","0","0","0","0","0","0","0"
"L75407","masterKey","jenkins.security.DefaultConfidentialStore.masterKey;Ljavax/crypto/SecretKey;","L75277","L103","C:\GIT\pris2\SourceMeter\Guille\jenkins-jenkins-2.328\core\src\main\java\jenkins\security\DefaultConfidentialStore.java","48","5","48","39","0","0","0","0","0","0","0","0","0","0","0","0","0","0","0","0","0","0","0","0","0","0","0","0"
"L75424","MAGIC","jenkins.security.DefaultConfidentialStore.MAGIC;[B","L75277","L103","C:\GIT\pris2\SourceMeter\Guille\jenkins-jenkins-2.328\core\src\main\java\jenkins\security\DefaultConfidentialStore.java","155","5","155","93","0","0","0","0","0","0","0","0","0","0","0","0","0","0","0","0","0","0","0","0","0","0","0","0"
"L75443","enabled","jenkins.security.FrameOptionsPageDecorator.enabled;Z","L75440","L103","C:\GIT\pris2\SourceMeter\Guille\jenkins-jenkins-2.328\core\src\main\java\jenkins\security\FrameOptionsPageDecorator.java","17","5","18","150","0","0","0","0","0","0","0","0","0","0","0","0","0","0","0","0","0","0","0","0","0","0","0","0"
"L75447","length","jenkins.security.HexStringConfidentialKey.length;I","L33909","L103","C:\GIT\pris2\SourceMeter\Guille\jenkins-jenkins-2.328\core\src\main\java\jenkins\security\HexStringConfidentialKey.java","17","5","17","30","0","0","0","0","0","0","0","0","0","0","0","0","0","0","0","0","0","0","0","0","0","0","0","0"
"L75448","lastCS","jenkins.security.HexStringConfidentialKey.lastCS;Ljenkins/security/ConfidentialStore;","L33909","L103","C:\GIT\pris2\SourceMeter\Guille\jenkins-jenkins-2.328\core\src\main\java\jenkins\security\HexStringConfidentialKey.java","19","5","19","38","0","0","0","0","0","0","0","0","0","0","0","0","0","0","0","0","0","0","0","0","0","0","0","0"
"L75449","secret","jenkins.security.HexStringConfidentialKey.secret;Ljava/lang/String;","L33909","L103","C:\GIT\pris2\SourceMeter\Guille\jenkins-jenkins-2.328\core\src\main\java\jenkins\security\HexStringConfidentialKey.java","20","5","20","27","0","0","0","0","0","0","0","0","0","0","0","0","0","0","0","0","0","0","0","0","0","0","0","0"
"L75464","lastCS","jenkins.security.HMACConfidentialKey.lastCS;Ljenkins/security/ConfidentialStore;","L18044","L103","C:\GIT\pris2\SourceMeter\Guille\jenkins-jenkins-2.328\core\src\main\java\jenkins\security\HMACConfidentialKey.java","29","5","29","38","0","0","0","0","0","0","0","0","0","0","0","0","0","0","0","0","0","0","0","0","0","0","0","0"
"L75465","key","jenkins.security.HMACConfidentialKey.key;Ljavax/crypto/SecretKey;","L18044","L103","C:\GIT\pris2\SourceMeter\Guille\jenkins-jenkins-2.328\core\src\main\java\jenkins\security\HMACConfidentialKey.java","30","5","30","27","0","0","0","0","0","0","0","0","0","0","0","0","0","0","0","0","0","0","0","0","0","0","0","0"
"L75466","mac","jenkins.security.HMACConfidentialKey.mac;Ljavax/crypto/Mac;","L18044","L103","C:\GIT\pris2\SourceMeter\Guille\jenkins-jenkins-2.328\core\src\main\java\jenkins\security\HMACConfidentialKey.java","31","5","31","21","0","0","0","0","0","0","0","0","0","0","0","0","0","0","0","0","0","0","0","0","0","0","0","0"
"L75470","length","jenkins.security.HMACConfidentialKey.length;I","L18044","L103","C:\GIT\pris2\SourceMeter\Guille\jenkins-jenkins-2.328\core\src\main\java\jenkins\security\HMACConfidentialKey.java","32","5","32","30","0","0","0","0","0","0","0","0","0","0","0","0","0","0","0","0","0","0","0","0","0","0","0","0"
"L75512","ALGORITHM","jenkins.security.HMACConfidentialKey.ALGORITHM;Ljava/lang/String;","L18044","L103","C:\GIT\pris2\SourceMeter\Guille\jenkins-jenkins-2.328\core\src\main\java\jenkins\security\HMACConfidentialKey.java","141","5","141","58","0","0","0","0","0","0","0","0","0","0","0","0","0","0","0","0","0","0","0","0","0","0","0","0"
"L75523","authentication","jenkins.security.ImpersonatingExecutorService.authentication;LAuthentication;","L29561","L103","C:\GIT\pris2\SourceMeter\Guille\jenkins-jenkins-2.328\core\src\main\java\jenkins\security\ImpersonatingExecutorService.java","41","5","41","49","0","0","0","0","0","0","0","0","0","0","0","0","0","0","0","0","0","0","0","0","0","0","0","0"
"L75554","authentication","jenkins.security.ImpersonatingScheduledExecutorService.authentication;LAuthentication;","L75549","L103","C:\GIT\pris2\SourceMeter\Guille\jenkins-jenkins-2.328\core\src\main\java\jenkins\security\ImpersonatingScheduledExecutorService.java","40","5","40","49","0","0","0","0","0","0","0","0","0","0","0","0","0","0","0","0","0","0","0","0","0","0","0","0"
"L75587","base","jenkins.security.ImpersonatingUserDetailsService.base;Lorg/acegisecurity/userdetails/UserDetailsService;","L75585","L103","C:\GIT\pris2\SourceMeter\Guille\jenkins-jenkins-2.328\core\src\main\java\jenkins\security\ImpersonatingUserDetailsService.java","23","5","23","43","0","0","0","0","0","0","0","0","0","0","0","0","0","0","0","0","0","0","0","0","0","0","0","0"
"L75610","base","jenkins.security.ImpersonatingUserDetailsService2.base;LUserDetailsService;","L42866","L103","C:\GIT\pris2\SourceMeter\Guille\jenkins-jenkins-2.328\core\src\main\java\jenkins\security\ImpersonatingUserDetailsService2.java","20","5","20","43","0","0","0","0","0","0","0","0","0","0","0","0","0","0","0","0","0","0","0","0","0","0","0","0"
"L75621","roles","jenkins.security.LastGrantedAuthoritiesProperty.roles;[Ljava/lang/String;","L75599","L103","C:\GIT\pris2\SourceMeter\Guille\jenkins-jenkins-2.328\core\src\main\java\jenkins\security\LastGrantedAuthoritiesProperty.java","39","5","39","37","0","0","0","0","0","0","0","0","0","0","0","0","0","0","0","0","0","0","0","0","0","0","0","0"
"L75622","timestamp","jenkins.security.LastGrantedAuthoritiesProperty.timestamp;J","L75599","L103","C:\GIT\pris2\SourceMeter\Guille\jenkins-jenkins-2.328\core\src\main\java\jenkins\security\LastGrantedAuthoritiesProperty.java","40","5","40","28","0","0","0","0","0","0","0","0","0","0","0","0","0","0","0","0","0","0","0","0","0","0","0","0"
"L75643","LOGGER","jenkins.security.LastGrantedAuthoritiesProperty.LOGGER;Ljava/util/logging/Logger;","L75599","L103","C:\GIT\pris2\SourceMeter\Guille\jenkins-jenkins-2.328\core\src\main\java\jenkins\security\LastGrantedAuthoritiesProperty.java","176","5","176","107","0","0","0","0","0","0","0","0","0","0","0","0","0","0","0","0","0","0","0","0","0","0","0","0"
"L75653","serialVersionUID","jenkins.security.MasterToSlaveCallable.serialVersionUID;J","L13256","L103","C:\GIT\pris2\SourceMeter\Guille\jenkins-jenkins-2.328\core\src\main\java\jenkins\security\MasterToSlaveCallable.java","21","5","21","53","0","0","0","0","0","0","0","0","0","0","0","0","0","0","0","0","0","0","0","0","0","0","0","0"
"L75665","authentication","jenkins.security.NonSerializableSecurityContext.authentication;LAuthentication;","L54094","L103","C:\GIT\pris2\SourceMeter\Guille\jenkins-jenkins-2.328\core\src\main\java\jenkins\security\NonSerializableSecurityContext.java","51","5","51","53","0","0","0","0","0","0","0","0","0","0","0","0","0","0","0","0","0","0","0","0","0","0","0","0"
"L75710","authenticators","jenkins.security.QueueItemAuthenticatorConfiguration.authenticators;Lhudson/util/DescribableList;","L75707","L103","C:\GIT\pris2\SourceMeter\Guille\jenkins-jenkins-2.328\core\src\main\java\jenkins\security\QueueItemAuthenticatorConfiguration.java","24","5","25","39","0","0","0","0","0","0","0","0","0","0","0","0","0","0","0","0","0","0","0","0","0","0","0","0"
"L75758","anyBuildLaunchedAsSystemWithAuthenticatorPresent","jenkins.security.QueueItemAuthenticatorMonitor.anyBuildLaunchedAsSystemWithAuthenticatorPresent;Z","L75743","L103","C:\GIT\pris2\SourceMeter\Guille\jenkins-jenkins-2.328\core\src\main\java\jenkins\security\QueueItemAuthenticatorMonitor.java","151","5","151","85","0","0","0","0","0","0","0","0","0","0","0","0","0","0","0","0","0","0","0","0","0","0","0","0"
"L75768","LOGGER","jenkins.security.QueueItemAuthenticatorMonitor.LOGGER;Ljava/util/logging/Logger;","L75743","L103","C:\GIT\pris2\SourceMeter\Guille\jenkins-jenkins-2.328\core\src\main\java\jenkins\security\QueueItemAuthenticatorMonitor.java","153","5","153","106","0","0","0","0","0","0","0","0","0","0","0","0","0","0","0","0","0","0","0","0","0","0","0","0"
"L75807","LOGGER","jenkins.security.RedactSecretJsonInErrorMessageSanitizer.LOGGER;Ljava/util/logging/Logger;","L75806","L103","C:\GIT\pris2\SourceMeter\Guille\jenkins-jenkins-2.328\core\src\main\java\jenkins\security\RedactSecretJsonInErrorMessageSanitizer.java","39","5","39","116","0","0","0","0","0","0","0","0","0","0","0","0","0","0","0","0","0","0","0","0","0","0","0","0"
"L75810","REDACT_KEY","jenkins.security.RedactSecretJsonInErrorMessageSanitizer.REDACT_KEY;Ljava/lang/String;","L75806","L103","C:\GIT\pris2\SourceMeter\Guille\jenkins-jenkins-2.328\core\src\main\java\jenkins\security\RedactSecretJsonInErrorMessageSanitizer.java","42","5","42","55","0","0","0","0","0","0","0","0","0","0","0","0","0","0","0","0","0","0","0","0","0","0","0","0"
"L75812","REDACT_VALUE","jenkins.security.RedactSecretJsonInErrorMessageSanitizer.REDACT_VALUE;Ljava/lang/String;","L75806","L103","C:\GIT\pris2\SourceMeter\Guille\jenkins-jenkins-2.328\core\src\main\java\jenkins\security\RedactSecretJsonInErrorMessageSanitizer.java","43","5","43","66","0","0","0","0","0","0","0","0","0","0","0","0","0","0","0","0","0","0","0","0","0","0","0","0"
"L30374","INSTANCE","jenkins.security.RedactSecretJsonInErrorMessageSanitizer.INSTANCE;Ljenkins/security/RedactSecretJsonInErrorMessageSanitizer;","L75806","L103","C:\GIT\pris2\SourceMeter\Guille\jenkins-jenkins-2.328\core\src\main\java\jenkins\security\RedactSecretJsonInErrorMessageSanitizer.java","45","5","45","122","0","0","0","0","0","0","0","0","0","0","0","0","0","0","0","0","0","0","0","0","0","0","0","0"
"L75837","needed","jenkins.security.RekeySecretAdminMonitor.needed;Ljenkins/util/io/FileBoolean;","L75835","L103","C:\GIT\pris2\SourceMeter\Guille\jenkins-jenkins-2.328\core\src\main\java\jenkins\security\RekeySecretAdminMonitor.java","43","5","43","56","0","0","0","0","0","0","0","0","0","0","0","0","0","0","0","0","0","0","0","0","0","0","0","0"
"L75841","done","jenkins.security.RekeySecretAdminMonitor.done;Ljenkins/util/io/FileBoolean;","L75835","L103","C:\GIT\pris2\SourceMeter\Guille\jenkins-jenkins-2.328\core\src\main\java\jenkins\security\RekeySecretAdminMonitor.java","48","5","48","52","0","0","0","0","0","0","0","0","0","0","0","0","0","0","0","0","0","0","0","0","0","0","0","0"
"L75843","scanOnBoot","jenkins.security.RekeySecretAdminMonitor.scanOnBoot;Ljenkins/util/io/FileBoolean;","L75835","L103","C:\GIT\pris2\SourceMeter\Guille\jenkins-jenkins-2.328\core\src\main\java\jenkins\security\RekeySecretAdminMonitor.java","53","5","53","64","0","0","0","0","0","0","0","0","0","0","0","0","0","0","0","0","0","0","0","0","0","0","0","0"
"L75871","LOGGER","jenkins.security.RekeySecretAdminMonitor.LOGGER;Ljava/util/logging/Logger;","L75835","L103","C:\GIT\pris2\SourceMeter\Guille\jenkins-jenkins-2.328\core\src\main\java\jenkins\security\RekeySecretAdminMonitor.java","158","5","158","100","0","0","0","0","0","0","0","0","0","0","0","0","0","0","0","0","0","0","0","0","0","0","0","0"
"L75879","LOGGER","jenkins.security.ResourceDomainConfiguration.LOGGER;Ljava/util/logging/Logger;","L75877","L103","C:\GIT\pris2\SourceMeter\Guille\jenkins-jenkins-2.328\core\src\main\java\jenkins\security\ResourceDomainConfiguration.java","75","5","75","104","0","0","0","0","0","0","0","0","0","0","0","0","0","0","0","0","0","0","0","0","0","0","0","0"
"L75882","url","jenkins.security.ResourceDomainConfiguration.url;Ljava/lang/String;","L75877","L103","C:\GIT\pris2\SourceMeter\Guille\jenkins-jenkins-2.328\core\src\main\java\jenkins\security\ResourceDomainConfiguration.java","77","5","77","24","0","0","0","0","0","0","0","0","0","0","0","0","0","0","0","0","0","0","0","0","0","0","0","0"
"L75912","LOGGER","jenkins.security.ResourceDomainFilter.LOGGER;Ljava/util/logging/Logger;","L75909","L103","C:\GIT\pris2\SourceMeter\Guille\jenkins-jenkins-2.328\core\src\main\java\jenkins\security\ResourceDomainFilter.java","55","5","55","97","0","0","0","0","0","0","0","0","0","0","0","0","0","0","0","0","0","0","0","0","0","0","0","0"
"L75915","ALLOWED_PATHS","jenkins.security.ResourceDomainFilter.ALLOWED_PATHS;Ljava/util/Set;","L75909","L103","C:\GIT\pris2\SourceMeter\Guille\jenkins-jenkins-2.328\core\src\main\java\jenkins\security\ResourceDomainFilter.java","57","5","57","150","0","0","0","0","0","0","0","0","0","0","0","0","0","0","0","0","0","0","0","0","0","0","0","0"
"L75891","ERROR_RESPONSE","jenkins.security.ResourceDomainFilter.ERROR_RESPONSE;Ljava/lang/String;","L75909","L103","C:\GIT\pris2\SourceMeter\Guille\jenkins-jenkins-2.328\core\src\main\java\jenkins\security\ResourceDomainFilter.java","58","5","58","100","0","0","0","0","0","0","0","0","0","0","0","0","0","0","0","0","0","0","0","0","0","0","0","0"
"L75945","LOGGER","jenkins.security.ResourceDomainRootAction.LOGGER;Ljava/util/logging/Logger;","L30685","L103","C:\GIT\pris2\SourceMeter\Guille\jenkins-jenkins-2.328\core\src\main\java\jenkins\security\ResourceDomainRootAction.java","77","5","77","101","0","0","0","0","0","0","0","0","0","0","0","0","0","0","0","0","0","0","0","0","0","0","0","0"
"L75916","URL","jenkins.security.ResourceDomainRootAction.URL;Ljava/lang/String;","L30685","L103","C:\GIT\pris2\SourceMeter\Guille\jenkins-jenkins-2.328\core\src\main\java\jenkins\security\ResourceDomainRootAction.java","79","5","79","53","0","0","0","0","0","0","0","0","0","0","0","0","0","0","0","0","0","0","0","0","0","0","0","0"
"L76018","KEY","jenkins.security.ResourceDomainRootAction.KEY;Ljenkins/security/HMACConfidentialKey;","L30685","L103","C:\GIT\pris2\SourceMeter\Guille\jenkins-jenkins-2.328\core\src\main\java\jenkins\security\ResourceDomainRootAction.java","314","5","314","109","0","0","0","0","0","0","0","0","0","0","0","0","0","0","0","0","0","0","0","0","0","0","0","0"
"L75968","VALID_FOR_MINUTES","jenkins.security.ResourceDomainRootAction.VALID_FOR_MINUTES;I","L30685","L103","C:\GIT\pris2\SourceMeter\Guille\jenkins-jenkins-2.328\core\src\main\java\jenkins\security\ResourceDomainRootAction.java","317","5","318","165","0","0","0","0","0","0","0","0","0","0","0","0","0","0","0","0","0","0","0","0","0","0","0","0"
"L76030","MASTER","jenkins.security.Roles.MASTER;LRole;","L76028","L103","C:\GIT\pris2\SourceMeter\Guille\jenkins-jenkins-2.328\core\src\main\java\jenkins\security\Roles.java","21","5","21","58","0","0","0","0","0","0","0","0","0","0","0","0","0","0","0","0","0","0","0","0","0","0","0","0"
"L67180","SLAVE","jenkins.security.Roles.SLAVE;LRole;","L76028","L103","C:\GIT\pris2\SourceMeter\Guille\jenkins-jenkins-2.328\core\src\main\java\jenkins\security\Roles.java","31","5","31","56","0","0","0","0","0","0","0","0","0","0","0","0","0","0","0","0","0","0","0","0","0","0","0","0"
"L76036","lastCS","jenkins.security.RSAConfidentialKey.lastCS;Ljenkins/security/ConfidentialStore;","L76034","L103","C:\GIT\pris2\SourceMeter\Guille\jenkins-jenkins-2.328\core\src\main\java\jenkins\security\RSAConfidentialKey.java","52","5","52","38","0","0","0","0","0","0","0","0","0","0","0","0","0","0","0","0","0","0","0","0","0","0","0","0"
"L76037","priv","jenkins.security.RSAConfidentialKey.priv;Ljava/security/interfaces/RSAPrivateKey;","L76034","L103","C:\GIT\pris2\SourceMeter\Guille\jenkins-jenkins-2.328\core\src\main\java\jenkins\security\RSAConfidentialKey.java","53","5","53","32","0","0","0","0","0","0","0","0","0","0","0","0","0","0","0","0","0","0","0","0","0","0","0","0"
"L76038","pub","jenkins.security.RSAConfidentialKey.pub;Ljava/security/interfaces/RSAPublicKey;","L76034","L103","C:\GIT\pris2\SourceMeter\Guille\jenkins-jenkins-2.328\core\src\main\java\jenkins\security\RSAConfidentialKey.java","54","5","54","30","0","0","0","0","0","0","0","0","0","0","0","0","0","0","0","0","0","0","0","0","0","0","0","0"
"L76081","SIGNING_ALGORITHM","jenkins.security.RSADigitalSignatureConfidentialKey.SIGNING_ALGORITHM;Ljava/lang/String;","L76068","L103","C:\GIT\pris2\SourceMeter\Guille\jenkins-jenkins-2.328\core\src\main\java\jenkins\security\RSADigitalSignatureConfidentialKey.java","62","5","62","54","0","0","0","0","0","0","0","0","0","0","0","0","0","0","0","0","0","0","0","0","0","0","0","0"
"L76157","LOGGER","jenkins.security.SecurityListener.LOGGER;Ljava/util/logging/Logger;","L56197","L103","C:\GIT\pris2\SourceMeter\Guille\jenkins-jenkins-2.328\core\src\main\java\jenkins\security\SecurityListener.java","45","5","45","93","0","0","0","0","0","0","0","0","0","0","0","0","0","0","0","0","0","0","0","0","0","0","0","0"
"L76355","serialVersionUID","jenkins.security.SlaveToMasterCallable.serialVersionUID;J","L9622","L103","C:\GIT\pris2\SourceMeter\Guille\jenkins-jenkins-2.328\core\src\main\java\jenkins\security\SlaveToMasterCallable.java","18","5","18","53","0","0","0","0","0","0","0","0","0","0","0","0","0","0","0","0","0","0","0","0","0","0","0","0"
"L77816","ALLOW_SEMICOLONS_IN_PATH","jenkins.security.SuspiciousRequestFilter.ALLOW_SEMICOLONS_IN_PATH;Ljava/lang/String;","L77814","L103","C:\GIT\pris2\SourceMeter\Guille\jenkins-jenkins-2.328\core\src\main\java\jenkins\security\SuspiciousRequestFilter.java","22","5","22","126","0","0","0","0","0","0","0","0","0","0","0","0","0","0","0","0","0","0","0","0","0","0","0","0"
"L77820","allowSemicolonsInPath","jenkins.security.SuspiciousRequestFilter.allowSemicolonsInPath;Z","L77814","L103","C:\GIT\pris2\SourceMeter\Guille\jenkins-jenkins-2.328\core\src\main\java\jenkins\security\SuspiciousRequestFilter.java","24","5","25","112","0","0","0","0","0","0","0","0","0","0","0","0","0","0","0","0","0","0","0","0","0","0","0","0"
"L77822","LOGGER","jenkins.security.SuspiciousRequestFilter.LOGGER;Ljava/util/logging/Logger;","L77814","L103","C:\GIT\pris2\SourceMeter\Guille\jenkins-jenkins-2.328\core\src\main\java\jenkins\security\SuspiciousRequestFilter.java","26","5","26","100","0","0","0","0","0","0","0","0","0","0","0","0","0","0","0","0","0","0","0","0","0","0","0","0"
"L77835","ignoredWarnings","jenkins.security.UpdateSiteWarningsConfiguration.ignoredWarnings;Ljava/util/HashSet;","L42584","L103","C:\GIT\pris2\SourceMeter\Guille\jenkins-jenkins-2.328\core\src\main\java\jenkins\security\UpdateSiteWarningsConfiguration.java","55","5","55","63","0","0","0","0","0","0","0","0","0","0","0","0","0","0","0","0","0","0","0","0","0","0","0","0"
"L77876","SYS_PROP_NAME","jenkins.security.UserDetailsCache.SYS_PROP_NAME;Ljava/lang/String;","L77874","L103","C:\GIT\pris2\SourceMeter\Guille\jenkins-jenkins-2.328\core\src\main\java\jenkins\security\UserDetailsCache.java","53","5","53","110","0","0","0","0","0","0","0","0","0","0","0","0","0","0","0","0","0","0","0","0","0","0","0","0"
"L77879","EXPIRE_AFTER_WRITE_SEC","jenkins.security.UserDetailsCache.EXPIRE_AFTER_WRITE_SEC;Ljava/lang/Integer;","L77874","L103","C:\GIT\pris2\SourceMeter\Guille\jenkins-jenkins-2.328\core\src\main\java\jenkins\security\UserDetailsCache.java","58","5","58","147","0","0","0","0","0","0","0","0","0","0","0","0","0","0","0","0","0","0","0","0","0","0","0","0"
"L77882","detailsCache","jenkins.security.UserDetailsCache.detailsCache;LCache;","L77874","L103","C:\GIT\pris2\SourceMeter\Guille\jenkins-jenkins-2.328\core\src\main\java\jenkins\security\UserDetailsCache.java","59","5","59","59","0","0","0","0","0","0","0","0","0","0","0","0","0","0","0","0","0","0","0","0","0","0","0","0"
"L77883","existenceCache","jenkins.security.UserDetailsCache.existenceCache;LCache;","L77874","L103","C:\GIT\pris2\SourceMeter\Guille\jenkins-jenkins-2.328\core\src\main\java\jenkins\security\UserDetailsCache.java","60","5","60","57","0","0","0","0","0","0","0","0","0","0","0","0","0","0","0","0","0","0","0","0","0","0","0","0"
"L77923","store","jenkins.security.CryptoConfidentialKeyTest.store;Ljenkins/security/ConfidentialStoreRule;","L77921","L103","C:\GIT\pris2\SourceMeter\Guille\jenkins-jenkins-2.328\core\src\test\java\jenkins\security\CryptoConfidentialKeyTest.java","10","5","11","70","0","0","0","0","0","0","0","0","0","0","0","0","0","0","0","0","0","0","0","0","0","0","0","0"
"L77924","key","jenkins.security.CryptoConfidentialKeyTest.key;Ljenkins/security/CryptoConfidentialKey;","L77921","L103","C:\GIT\pris2\SourceMeter\Guille\jenkins-jenkins-2.328\core\src\test\java\jenkins\security\CryptoConfidentialKeyTest.java","13","5","13","75","0","0","0","0","0","0","0","0","0","0","0","0","0","0","0","0","0","0","0","0","0","0","0","0"
"L77931","tmpRule","jenkins.security.DefaultConfidentialStoreTest.tmpRule;LTemporaryFolder;","L77929","L103","C:\GIT\pris2\SourceMeter\Guille\jenkins-jenkins-2.328\core\src\test\java\jenkins\security\DefaultConfidentialStoreTest.java","21","5","22","60","0","0","0","0","0","0","0","0","0","0","0","0","0","0","0","0","0","0","0","0","0","0","0","0"
"L77942","store","jenkins.security.HexStringConfidentialKeyTest.store;Ljenkins/security/ConfidentialStoreRule;","L77940","L103","C:\GIT\pris2\SourceMeter\Guille\jenkins-jenkins-2.328\core\src\test\java\jenkins\security\HexStringConfidentialKeyTest.java","11","5","12","70","0","0","0","0","0","0","0","0","0","0","0","0","0","0","0","0","0","0","0","0","0","0","0","0"
"L77949","store","jenkins.security.HMACConfidentialKeyTest.store;Ljenkins/security/ConfidentialStoreRule;","L77947","L103","C:\GIT\pris2\SourceMeter\Guille\jenkins-jenkins-2.328\core\src\test\java\jenkins\security\HMACConfidentialKeyTest.java","14","5","15","70","0","0","0","0","0","0","0","0","0","0","0","0","0","0","0","0","0","0","0","0","0","0","0","0"
"L77950","key","jenkins.security.HMACConfidentialKeyTest.key;Ljenkins/security/HMACConfidentialKey;","L77947","L103","C:\GIT\pris2\SourceMeter\Guille\jenkins-jenkins-2.328\core\src\test\java\jenkins\security\HMACConfidentialKeyTest.java","17","5","17","75","0","0","0","0","0","0","0","0","0","0","0","0","0","0","0","0","0","0","0","0","0","0","0","0"
"L77975","store","jenkins.security.RSAConfidentialKeyTest.store;Ljenkins/security/ConfidentialStoreRule;","L77973","L103","C:\GIT\pris2\SourceMeter\Guille\jenkins-jenkins-2.328\core\src\test\java\jenkins\security\RSAConfidentialKeyTest.java","34","5","35","70","0","0","0","0","0","0","0","0","0","0","0","0","0","0","0","0","0","0","0","0","0","0","0","0"
"L77976","key","jenkins.security.RSAConfidentialKeyTest.key;Ljenkins/security/RSAConfidentialKey;","L77973","L103","C:\GIT\pris2\SourceMeter\Guille\jenkins-jenkins-2.328\core\src\test\java\jenkins\security\RSAConfidentialKeyTest.java","37","5","37","72","0","0","0","0","0","0","0","0","0","0","0","0","0","0","0","0","0","0","0","0","0","0","0","0"
"L77988","store","jenkins.security.RSADigitalSignatureConfidentialKeyTest.store;Ljenkins/security/ConfidentialStoreRule;","L77986","L103","C:\GIT\pris2\SourceMeter\Guille\jenkins-jenkins-2.328\core\src\test\java\jenkins\security\RSADigitalSignatureConfidentialKeyTest.java","37","5","38","70","0","0","0","0","0","0","0","0","0","0","0","0","0","0","0","0","0","0","0","0","0","0","0","0"
"L77989","key","jenkins.security.RSADigitalSignatureConfidentialKeyTest.key;Ljenkins/security/RSADigitalSignatureConfidentialKey;","L77986","L103","C:\GIT\pris2\SourceMeter\Guille\jenkins-jenkins-2.328\core\src\test\java\jenkins\security\RSADigitalSignatureConfidentialKeyTest.java","40","5","40","107","0","0","0","0","0","0","0","0","0","0","0","0","0","0","0","0","0","0","0","0","0","0","0","0"
"L77997","j","jenkins.security.AgentToControllerSecurityTest.j;LJenkinsRule;","L77995","L103","C:\GIT\pris2\SourceMeter\Guille\jenkins-jenkins-2.328\test\src\test\java\jenkins\security\AgentToControllerSecurityTest.java","32","5","33","46","0","0","0","0","0","0","0","0","0","0","0","0","0","0","0","0","0","0","0","0","0","0","0","0"
"L78125","j","jenkins.security.ApiCrumbExclusionTest.j;LJenkinsRule;","L78123","L103","C:\GIT\pris2\SourceMeter\Guille\jenkins-jenkins-2.328\test\src\test\java\jenkins\security\ApiCrumbExclusionTest.java","54","5","55","46","0","0","0","0","0","0","0","0","0","0","0","0","0","0","0","0","0","0","0","0","0","0","0","0"
"L78126","wc","jenkins.security.ApiCrumbExclusionTest.wc;LWebClient;","L78123","L103","C:\GIT\pris2\SourceMeter\Guille\jenkins-jenkins-2.328\test\src\test\java\jenkins\security\ApiCrumbExclusionTest.java","57","5","57","26","0","0","0","0","0","0","0","0","0","0","0","0","0","0","0","0","0","0","0","0","0","0","0","0"
"L78149","j","jenkins.security.ApiTokenPropertyTest.j;LJenkinsRule;","L78146","L103","C:\GIT\pris2\SourceMeter\Guille\jenkins-jenkins-2.328\test\src\test\java\jenkins\security\ApiTokenPropertyTest.java","57","5","58","46","0","0","0","0","0","0","0","0","0","0","0","0","0","0","0","0","0","0","0","0","0","0","0","0"
"L78245","sessions","jenkins.security.BasicHeaderApiTokenAuthenticatorTest.sessions;LJenkinsSessionRule;","L78243","L103","C:\GIT\pris2\SourceMeter\Guille\jenkins-jenkins-2.328\test\src\test\java\jenkins\security\BasicHeaderApiTokenAuthenticatorTest.java","57","5","58","67","0","0","0","0","0","0","0","0","0","0","0","0","0","0","0","0","0","0","0","0","0","0","0","0"
"L78281","j","jenkins.security.BasicHeaderProcessorTest.j;LJenkinsRule;","L78278","L103","C:\GIT\pris2\SourceMeter\Guille\jenkins-jenkins-2.328\test\src\test\java\jenkins\security\BasicHeaderProcessorTest.java","31","5","32","46","0","0","0","0","0","0","0","0","0","0","0","0","0","0","0","0","0","0","0","0","0","0","0","0"
"L78282","wc","jenkins.security.BasicHeaderProcessorTest.wc;LWebClient;","L78278","L103","C:\GIT\pris2\SourceMeter\Guille\jenkins-jenkins-2.328\test\src\test\java\jenkins\security\BasicHeaderProcessorTest.java","34","5","34","26","0","0","0","0","0","0","0","0","0","0","0","0","0","0","0","0","0","0","0","0","0","0","0","0"
"L78283","spySecurityListener","jenkins.security.BasicHeaderProcessorTest.spySecurityListener;Ljenkins/security/SpySecurityListener;","L78278","L103","C:\GIT\pris2\SourceMeter\Guille\jenkins-jenkins-2.328\test\src\test\java\jenkins\security\BasicHeaderProcessorTest.java","36","5","36","53","0","0","0","0","0","0","0","0","0","0","0","0","0","0","0","0","0","0","0","0","0","0","0","0"
"L78342","buildWatcher","jenkins.security.ClassFilterImplTest.buildWatcher;LBuildWatcher;","L78340","L103","C:\GIT\pris2\SourceMeter\Guille\jenkins-jenkins-2.328\test\src\test\java\jenkins\security\ClassFilterImplTest.java","68","5","69","66","0","0","0","0","0","0","0","0","0","0","0","0","0","0","0","0","0","0","0","0","0","0","0","0"
"L78343","r","jenkins.security.ClassFilterImplTest.r;LJenkinsRule;","L78340","L103","C:\GIT\pris2\SourceMeter\Guille\jenkins-jenkins-2.328\test\src\test\java\jenkins\security\ClassFilterImplTest.java","71","5","72","46","0","0","0","0","0","0","0","0","0","0","0","0","0","0","0","0","0","0","0","0","0","0","0","0"
"L78344","logging","jenkins.security.ClassFilterImplTest.logging;LLoggerRule;","L78340","L103","C:\GIT\pris2\SourceMeter\Guille\jenkins-jenkins-2.328\test\src\test\java\jenkins\security\ClassFilterImplTest.java","74","5","75","92","0","0","0","0","0","0","0","0","0","0","0","0","0","0","0","0","0","0","0","0","0","0","0","0"
"L78407","r","jenkins.security.CustomClassFilterTest.r;LJenkinsRule;","L78404","L103","C:\GIT\pris2\SourceMeter\Guille\jenkins-jenkins-2.328\test\src\test\java\jenkins\security\CustomClassFilterTest.java","56","5","57","46","0","0","0","0","0","0","0","0","0","0","0","0","0","0","0","0","0","0","0","0","0","0","0","0"
"L78408","errors","jenkins.security.CustomClassFilterTest.errors;LErrorCollector;","L78404","L103","C:\GIT\pris2\SourceMeter\Guille\jenkins-jenkins-2.328\test\src\test\java\jenkins\security\CustomClassFilterTest.java","59","5","60","57","0","0","0","0","0","0","0","0","0","0","0","0","0","0","0","0","0","0","0","0","0","0","0","0"
"L78409","logging","jenkins.security.CustomClassFilterTest.logging;LLoggerRule;","L78404","L103","C:\GIT\pris2\SourceMeter\Guille\jenkins-jenkins-2.328\test\src\test\java\jenkins\security\CustomClassFilterTest.java","62","5","63","90","0","0","0","0","0","0","0","0","0","0","0","0","0","0","0","0","0","0","0","0","0","0","0","0"
"L78410","tmp","jenkins.security.CustomClassFilterTest.tmp;LTemporaryFolder;","L78404","L103","C:\GIT\pris2\SourceMeter\Guille\jenkins-jenkins-2.328\test\src\test\java\jenkins\security\CustomClassFilterTest.java","65","5","66","56","0","0","0","0","0","0","0","0","0","0","0","0","0","0","0","0","0","0","0","0","0","0","0","0"
"L78444","r","jenkins.security.FilePathSecureTest.r;LJenkinsRule;","L78441","L103","C:\GIT\pris2\SourceMeter\Guille\jenkins-jenkins-2.328\test\src\test\java\jenkins\security\FilePathSecureTest.java","41","5","41","52","0","0","0","0","0","0","0","0","0","0","0","0","0","0","0","0","0","0","0","0","0","0","0","0"
"L78445","s","jenkins.security.FilePathSecureTest.s;Lhudson/slaves/DumbSlave;","L78441","L103","C:\GIT\pris2\SourceMeter\Guille\jenkins-jenkins-2.328\test\src\test\java\jenkins\security\FilePathSecureTest.java","43","5","43","25","0","0","0","0","0","0","0","0","0","0","0","0","0","0","0","0","0","0","0","0","0","0","0","0"
"L78446","root","jenkins.security.FilePathSecureTest.root;Lhudson/FilePath;","L78441","L103","C:\GIT\pris2\SourceMeter\Guille\jenkins-jenkins-2.328\test\src\test\java\jenkins\security\FilePathSecureTest.java","44","5","44","27","0","0","0","0","0","0","0","0","0","0","0","0","0","0","0","0","0","0","0","0","0","0","0","0"
"L78447","remote","jenkins.security.FilePathSecureTest.remote;Lhudson/FilePath;","L78441","L103","C:\GIT\pris2\SourceMeter\Guille\jenkins-jenkins-2.328\test\src\test\java\jenkins\security\FilePathSecureTest.java","44","5","44","35","0","0","0","0","0","0","0","0","0","0","0","0","0","0","0","0","0","0","0","0","0","0","0","0"
"L78461","j","jenkins.security.FrameOptionsPageDecoratorTest.j;LJenkinsRule;","L78459","L103","C:\GIT\pris2\SourceMeter\Guille\jenkins-jenkins-2.328\test\src\test\java\jenkins\security\FrameOptionsPageDecoratorTest.java","16","5","17","46","0","0","0","0","0","0","0","0","0","0","0","0","0","0","0","0","0","0","0","0","0","0","0","0"
"L78471","r","jenkins.security.Jenkins67105Test.r;LJenkinsRule;","L78469","L103","C:\GIT\pris2\SourceMeter\Guille\jenkins-jenkins-2.328\test\src\test\java\jenkins\security\Jenkins67105Test.java","19","5","19","52","0","0","0","0","0","0","0","0","0","0","0","0","0","0","0","0","0","0","0","0","0","0","0","0"
"L78505","j","jenkins.security.LastGrantedAuthoritiesPropertyTest.j;LJenkinsRule;","L78502","L103","C:\GIT\pris2\SourceMeter\Guille\jenkins-jenkins-2.328\test\src\test\java\jenkins\security\LastGrantedAuthoritiesPropertyTest.java","29","5","30","46","0","0","0","0","0","0","0","0","0","0","0","0","0","0","0","0","0","0","0","0","0","0","0","0"
"L78535","j","jenkins.security.RedactSecretJsonInErrorMessageSanitizerHtmlTest.j;LJenkinsRule;","L78533","L103","C:\GIT\pris2\SourceMeter\Guille\jenkins-jenkins-2.328\test\src\test\java\jenkins\security\RedactSecretJsonInErrorMessageSanitizerHtmlTest.java","63","5","64","46","0","0","0","0","0","0","0","0","0","0","0","0","0","0","0","0","0","0","0","0","0","0","0","0"
"L78536","logging","jenkins.security.RedactSecretJsonInErrorMessageSanitizerHtmlTest.logging;LLoggerRule;","L78533","L103","C:\GIT\pris2\SourceMeter\Guille\jenkins-jenkins-2.328\test\src\test\java\jenkins\security\RedactSecretJsonInErrorMessageSanitizerHtmlTest.java","66","5","67","50","0","0","0","0","0","0","0","0","0","0","0","0","0","0","0","0","0","0","0","0","0","0","0","0"
"L78595","j","jenkins.security.RekeySecretAdminMonitorTest.j;LJenkinsRule;","L78592","L103","C:\GIT\pris2\SourceMeter\Guille\jenkins-jenkins-2.328\test\src\test\java\jenkins\security\RekeySecretAdminMonitorTest.java","44","5","44","52","0","0","0","0","0","0","0","0","0","0","0","0","0","0","0","0","0","0","0","0","0","0","0","0"
"L78596","monitor","jenkins.security.RekeySecretAdminMonitorTest.monitor;Ljenkins/security/RekeySecretAdminMonitor;","L78592","L103","C:\GIT\pris2\SourceMeter\Guille\jenkins-jenkins-2.328\test\src\test\java\jenkins\security\RekeySecretAdminMonitorTest.java","46","5","46","37","0","0","0","0","0","0","0","0","0","0","0","0","0","0","0","0","0","0","0","0","0","0","0","0"
"L78597","plain_regex_match","jenkins.security.RekeySecretAdminMonitorTest.plain_regex_match;Ljava/lang/String;","L78592","L103","C:\GIT\pris2\SourceMeter\Guille\jenkins-jenkins-2.328\test\src\test\java\jenkins\security\RekeySecretAdminMonitorTest.java","48","5","48","69","0","0","0","0","0","0","0","0","0","0","0","0","0","0","0","0","0","0","0","0","0","0","0","0"
"L78612","TEST_KEY","jenkins.security.RekeySecretAdminMonitorTest.TEST_KEY;Ljava/lang/String;","L78592","L103","C:\GIT\pris2\SourceMeter\Guille\jenkins-jenkins-2.328\test\src\test\java\jenkins\security\RekeySecretAdminMonitorTest.java","187","5","187","85","0","0","0","0","0","0","0","0","0","0","0","0","0","0","0","0","0","0","0","0","0","0","0","0"
"L78657","j","jenkins.security.ResourceDomainTest.j;LJenkinsRule;","L78655","L103","C:\GIT\pris2\SourceMeter\Guille\jenkins-jenkins-2.328\test\src\test\java\jenkins\security\ResourceDomainTest.java","38","5","39","46","0","0","0","0","0","0","0","0","0","0","0","0","0","0","0","0","0","0","0","0","0","0","0","0"
"L78658","RESOURCE_DOMAIN","jenkins.security.ResourceDomainTest.RESOURCE_DOMAIN;Ljava/lang/String;","L78655","L103","C:\GIT\pris2\SourceMeter\Guille\jenkins-jenkins-2.328\test\src\test\java\jenkins\security\ResourceDomainTest.java","41","5","41","63","0","0","0","0","0","0","0","0","0","0","0","0","0","0","0","0","0","0","0","0","0","0","0","0"
"L78687","jenkins","jenkins.security.Security177Test.jenkins;LJenkinsRule;","L78684","L103","C:\GIT\pris2\SourceMeter\Guille\jenkins-jenkins-2.328\test\src\test\java\jenkins\security\Security177Test.java","18","5","19","52","0","0","0","0","0","0","0","0","0","0","0","0","0","0","0","0","0","0","0","0","0","0","0","0"
"L78696","j","jenkins.security.Security218Test.j;LJenkinsRule;","L78693","L103","C:\GIT\pris2\SourceMeter\Guille\jenkins-jenkins-2.328\test\src\test\java\jenkins\security\Security218Test.java","33","5","34","56","0","0","0","0","0","0","0","0","0","0","0","0","0","0","0","0","0","0","0","0","0","0","0","0"
"L78697","tmp","jenkins.security.Security218Test.tmp;LTemporaryFolder;","L78693","L103","C:\GIT\pris2\SourceMeter\Guille\jenkins-jenkins-2.328\test\src\test\java\jenkins\security\Security218Test.java","36","5","37","56","0","0","0","0","0","0","0","0","0","0","0","0","0","0","0","0","0","0","0","0","0","0","0","0"
"L78698","logging","jenkins.security.Security218Test.logging;LLoggerRule;","L78693","L103","C:\GIT\pris2\SourceMeter\Guille\jenkins-jenkins-2.328\test\src\test\java\jenkins\security\Security218Test.java","39","5","40","92","0","0","0","0","0","0","0","0","0","0","0","0","0","0","0","0","0","0","0","0","0","0","0","0"
"L78699","jnlp","jenkins.security.Security218Test.jnlp;Ljava/lang/Process;","L78693","L103","C:\GIT\pris2\SourceMeter\Guille\jenkins-jenkins-2.328\test\src\test\java\jenkins\security\Security218Test.java","45","5","45","36","0","0","0","0","0","0","0","0","0","0","0","0","0","0","0","0","0","0","0","0","0","0","0","0"
"L78733","j","jenkins.security.Security2278Test.j;LJenkinsRule;","L78731","L103","C:\GIT\pris2\SourceMeter\Guille\jenkins-jenkins-2.328\test\src\test\java\jenkins\security\Security2278Test.java","39","5","40","53","0","0","0","0","0","0","0","0","0","0","0","0","0","0","0","0","0","0","0","0","0","0","0","0"
"L78734","project","jenkins.security.Security2278Test.project;Lhudson/model/FreeStyleProject;","L78731","L103","C:\GIT\pris2\SourceMeter\Guille\jenkins-jenkins-2.328\test\src\test\java\jenkins\security\Security2278Test.java","41","5","41","45","0","0","0","0","0","0","0","0","0","0","0","0","0","0","0","0","0","0","0","0","0","0","0","0"
"L78751","r","jenkins.security.Security2458Test.r;LJenkinsRule;","L78749","L103","C:\GIT\pris2\SourceMeter\Guille\jenkins-jenkins-2.328\test\src\test\java\jenkins\security\Security2458Test.java","21","5","22","46","0","0","0","0","0","0","0","0","0","0","0","0","0","0","0","0","0","0","0","0","0","0","0","0"
"L78803","j","jenkins.security.Security380Test.j;LJenkinsRule;","L78801","L103","C:\GIT\pris2\SourceMeter\Guille\jenkins-jenkins-2.328\test\src\test\java\jenkins\security\Security380Test.java","19","5","20","46","0","0","0","0","0","0","0","0","0","0","0","0","0","0","0","0","0","0","0","0","0","0","0","0"
"L78824","sessions","jenkins.security.Security637Test.sessions;LJenkinsSessionRule;","L78822","L103","C:\GIT\pris2\SourceMeter\Guille\jenkins-jenkins-2.328\test\src\test\java\jenkins\security\Security637Test.java","58","5","59","67","0","0","0","0","0","0","0","0","0","0","0","0","0","0","0","0","0","0","0","0","0","0","0","0"
"L78891","EVIDENCE","jenkins.security.Security857Test.EVIDENCE;Ljava/lang/String;","L78888","L103","C:\GIT\pris2\SourceMeter\Guille\jenkins-jenkins-2.328\test\src\test\java\jenkins\security\Security857Test.java","20","5","20","55","0","0","0","0","0","0","0","0","0","0","0","0","0","0","0","0","0","0","0","0","0","0","0","0"
"L78892","j","jenkins.security.Security857Test.j;LJenkinsRule;","L78888","L103","C:\GIT\pris2\SourceMeter\Guille\jenkins-jenkins-2.328\test\src\test\java\jenkins\security\Security857Test.java","22","5","23","46","0","0","0","0","0","0","0","0","0","0","0","0","0","0","0","0","0","0","0","0","0","0","0","0"
"L78921","NUM_THREADS","jenkins.security.SecurityContextExecutorServiceTest.NUM_THREADS;I","L78918","L103","C:\GIT\pris2\SourceMeter\Guille\jenkins-jenkins-2.328\test\src\test\java\jenkins\security\SecurityContextExecutorServiceTest.java","50","5","50","40","0","0","0","0","0","0","0","0","0","0","0","0","0","0","0","0","0","0","0","0","0","0","0","0"
"L78922","wrappedService","jenkins.security.SecurityContextExecutorServiceTest.wrappedService;Ljava/util/concurrent/ExecutorService;","L78918","L103","C:\GIT\pris2\SourceMeter\Guille\jenkins-jenkins-2.328\test\src\test\java\jenkins\security\SecurityContextExecutorServiceTest.java","51","5","51","51","0","0","0","0","0","0","0","0","0","0","0","0","0","0","0","0","0","0","0","0","0","0","0","0"
"L78923","systemContext","jenkins.security.SecurityContextExecutorServiceTest.systemContext;LSecurityContext;","L78918","L103","C:\GIT\pris2\SourceMeter\Guille\jenkins-jenkins-2.328\test\src\test\java\jenkins\security\SecurityContextExecutorServiceTest.java","52","5","52","50","0","0","0","0","0","0","0","0","0","0","0","0","0","0","0","0","0","0","0","0","0","0","0","0"
"L78924","userContext","jenkins.security.SecurityContextExecutorServiceTest.userContext;LSecurityContext;","L78918","L103","C:\GIT\pris2\SourceMeter\Guille\jenkins-jenkins-2.328\test\src\test\java\jenkins\security\SecurityContextExecutorServiceTest.java","53","5","53","48","0","0","0","0","0","0","0","0","0","0","0","0","0","0","0","0","0","0","0","0","0","0","0","0"
"L78925","nullContext","jenkins.security.SecurityContextExecutorServiceTest.nullContext;LSecurityContext;","L78918","L103","C:\GIT\pris2\SourceMeter\Guille\jenkins-jenkins-2.328\test\src\test\java\jenkins\security\SecurityContextExecutorServiceTest.java","54","5","54","48","0","0","0","0","0","0","0","0","0","0","0","0","0","0","0","0","0","0","0","0","0","0","0","0"
"L78926","runnableThreadContext","jenkins.security.SecurityContextExecutorServiceTest.runnableThreadContext;LSecurityContext;","L78918","L103","C:\GIT\pris2\SourceMeter\Guille\jenkins-jenkins-2.328\test\src\test\java\jenkins\security\SecurityContextExecutorServiceTest.java","55","5","55","60","0","0","0","0","0","0","0","0","0","0","0","0","0","0","0","0","0","0","0","0","0","0","0","0"
"L78927","j","jenkins.security.SecurityContextExecutorServiceTest.j;LJenkinsRule;","L78918","L103","C:\GIT\pris2\SourceMeter\Guille\jenkins-jenkins-2.328\test\src\test\java\jenkins\security\SecurityContextExecutorServiceTest.java","56","5","78","7","0","0","0","0","0","0","0","0","0","0","0","0","0","0","0","0","0","0","0","0","0","0","0","0"
"L78297","authenticatedCalls","jenkins.security.SpySecurityListener.authenticatedCalls;Ljenkins/security/SpySecurityListener$EventQueue;","L78284","L103","C:\GIT\pris2\SourceMeter\Guille\jenkins-jenkins-2.328\test\src\test\java\jenkins\security\SpySecurityListener.java","44","5","44","82","0","0","0","0","0","0","0","0","0","0","0","0","0","0","0","0","0","0","0","0","0","0","0","0"
"L78299","failedToAuthenticateCalls","jenkins.security.SpySecurityListener.failedToAuthenticateCalls;Ljenkins/security/SpySecurityListener$EventQueue;","L78284","L103","C:\GIT\pris2\SourceMeter\Guille\jenkins-jenkins-2.328\test\src\test\java\jenkins\security\SpySecurityListener.java","45","5","45","84","0","0","0","0","0","0","0","0","0","0","0","0","0","0","0","0","0","0","0","0","0","0","0","0"
"L78311","loggedInCalls","jenkins.security.SpySecurityListener.loggedInCalls;Ljenkins/security/SpySecurityListener$EventQueue;","L78284","L103","C:\GIT\pris2\SourceMeter\Guille\jenkins-jenkins-2.328\test\src\test\java\jenkins\security\SpySecurityListener.java","46","5","46","72","0","0","0","0","0","0","0","0","0","0","0","0","0","0","0","0","0","0","0","0","0","0","0","0"
"L78978","failedToLogInCalls","jenkins.security.SpySecurityListener.failedToLogInCalls;Ljenkins/security/SpySecurityListener$EventQueue;","L78284","L103","C:\GIT\pris2\SourceMeter\Guille\jenkins-jenkins-2.328\test\src\test\java\jenkins\security\SpySecurityListener.java","47","5","47","77","0","0","0","0","0","0","0","0","0","0","0","0","0","0","0","0","0","0","0","0","0","0","0","0"
"L78979","loggedOutCalls","jenkins.security.SpySecurityListener.loggedOutCalls;Ljenkins/security/SpySecurityListener$EventQueue;","L78284","L103","C:\GIT\pris2\SourceMeter\Guille\jenkins-jenkins-2.328\test\src\test\java\jenkins\security\SpySecurityListener.java","48","5","48","73","0","0","0","0","0","0","0","0","0","0","0","0","0","0","0","0","0","0","0","0","0","0","0","0"
"L79010","j","jenkins.security.StackTraceSuppressionTest.j;LJenkinsRule;","L79008","L103","C:\GIT\pris2\SourceMeter\Guille\jenkins-jenkins-2.328\test\src\test\java\jenkins\security\StackTraceSuppressionTest.java","48","5","49","46","0","0","0","0","0","0","0","0","0","0","0","0","0","0","0","0","0","0","0","0","0","0","0","0"
"L79051","j","jenkins.security.SuspiciousRequestFilterTest.j;LJenkinsRule;","L79049","L103","C:\GIT\pris2\SourceMeter\Guille\jenkins-jenkins-2.328\test\src\test\java\jenkins\security\SuspiciousRequestFilterTest.java","27","5","28","46","0","0","0","0","0","0","0","0","0","0","0","0","0","0","0","0","0","0","0","0","0","0","0","0"
"L79077","j","jenkins.security.UserDetailsCacheTest.j;LJenkinsRule;","L79074","L103","C:\GIT\pris2\SourceMeter\Guille\jenkins-jenkins-2.328\test\src\test\java\jenkins\security\UserDetailsCacheTest.java","45","5","46","46","0","0","0","0","0","0","0","0","0","0","0","0","0","0","0","0","0","0","0","0","0","0","0","0"
"L79111","disableStrictVerification","jenkins.slaves.DefaultJnlpSlaveReceiver.disableStrictVerification;Z","L79106","L103","C:\GIT\pris2\SourceMeter\Guille\jenkins-jenkins-2.328\core\src\main\java\jenkins\slaves\DefaultJnlpSlaveReceiver.java","54","5","57","114","0","0","0","0","0","0","0","0","0","0","0","0","0","0","0","0","0","0","0","0","0","0","0","0"
"L79122","LOGGER","jenkins.slaves.DefaultJnlpSlaveReceiver.LOGGER;Ljava/util/logging/Logger;","L79106","L103","C:\GIT\pris2\SourceMeter\Guille\jenkins-jenkins-2.328\core\src\main\java\jenkins\slaves\DefaultJnlpSlaveReceiver.java","222","5","222","101","0","0","0","0","0","0","0","0","0","0","0","0","0","0","0","0","0","0","0","0","0","0","0","0"
"L79153","LOG","jenkins.slaves.EncryptedSlaveAgentJnlpFile.LOG;Ljava/util/logging/Logger;","L58188","L103","C:\GIT\pris2\SourceMeter\Guille\jenkins-jenkins-2.328\core\src\main\java\jenkins\slaves\EncryptedSlaveAgentJnlpFile.java","41","5","41","101","0","0","0","0","0","0","0","0","0","0","0","0","0","0","0","0","0","0","0","0","0","0","0","0"
"L79154","RANDOM","jenkins.slaves.EncryptedSlaveAgentJnlpFile.RANDOM;Ljava/security/SecureRandom;","L58188","L103","C:\GIT\pris2\SourceMeter\Guille\jenkins-jenkins-2.328\core\src\main\java\jenkins\slaves\EncryptedSlaveAgentJnlpFile.java","42","5","42","67","0","0","0","0","0","0","0","0","0","0","0","0","0","0","0","0","0","0","0","0","0","0","0","0"
"L79155","it","jenkins.slaves.EncryptedSlaveAgentJnlpFile.it;Lhudson/security/AccessControlled;","L58188","L103","C:\GIT\pris2\SourceMeter\Guille\jenkins-jenkins-2.328\core\src\main\java\jenkins\slaves\EncryptedSlaveAgentJnlpFile.java","49","5","49","39","0","0","0","0","0","0","0","0","0","0","0","0","0","0","0","0","0","0","0","0","0","0","0","0"
"L79157","viewName","jenkins.slaves.EncryptedSlaveAgentJnlpFile.viewName;Ljava/lang/String;","L58188","L103","C:\GIT\pris2\SourceMeter\Guille\jenkins-jenkins-2.328\core\src\main\java\jenkins\slaves\EncryptedSlaveAgentJnlpFile.java","53","5","53","35","0","0","0","0","0","0","0","0","0","0","0","0","0","0","0","0","0","0","0","0","0","0","0","0"
"L79159","slaveName","jenkins.slaves.EncryptedSlaveAgentJnlpFile.slaveName;Ljava/lang/String;","L58188","L103","C:\GIT\pris2\SourceMeter\Guille\jenkins-jenkins-2.328\core\src\main\java\jenkins\slaves\EncryptedSlaveAgentJnlpFile.java","58","5","58","36","0","0","0","0","0","0","0","0","0","0","0","0","0","0","0","0","0","0","0","0","0","0","0","0"
"L79161","connectPermission","jenkins.slaves.EncryptedSlaveAgentJnlpFile.connectPermission;Lhudson/security/Permission;","L58188","L103","C:\GIT\pris2\SourceMeter\Guille\jenkins-jenkins-2.328\core\src\main\java\jenkins\slaves\EncryptedSlaveAgentJnlpFile.java","63","5","63","48","0","0","0","0","0","0","0","0","0","0","0","0","0","0","0","0","0","0","0","0","0","0","0","0"
"L79214","LOGGER","jenkins.slaves.IOHubProvider.LOGGER;Ljava/util/logging/Logger;","L79212","L103","C:\GIT\pris2\SourceMeter\Guille\jenkins-jenkins-2.328\core\src\main\java\jenkins\slaves\IOHubProvider.java","45","5","45","90","0","0","0","0","0","0","0","0","0","0","0","0","0","0","0","0","0","0","0","0","0","0","0","0"
"L79218","hub","jenkins.slaves.IOHubProvider.hub;LIOHub;","L79212","L103","C:\GIT\pris2\SourceMeter\Guille\jenkins-jenkins-2.328\core\src\main\java\jenkins\slaves\IOHubProvider.java","49","5","49","23","0","0","0","0","0","0","0","0","0","0","0","0","0","0","0","0","0","0","0","0","0","0","0","0"
"L58005","SLAVE_SECRET","jenkins.slaves.JnlpAgentReceiver.SLAVE_SECRET;Ljenkins/security/HMACConfidentialKey;","L65571","L103","C:\GIT\pris2\SourceMeter\Guille\jenkins-jenkins-2.328\core\src\main\java\jenkins\slaves\JnlpAgentReceiver.java","40","5","41","77","0","0","0","0","0","0","0","0","0","0","0","0","0","0","0","0","0","0","0","0","0","0","0","0"
"L79230","secureRandom","jenkins.slaves.JnlpAgentReceiver.secureRandom;Ljava/security/SecureRandom;","L65571","L103","C:\GIT\pris2\SourceMeter\Guille\jenkins-jenkins-2.328\core\src\main\java\jenkins\slaves\JnlpAgentReceiver.java","43","5","43","73","0","0","0","0","0","0","0","0","0","0","0","0","0","0","0","0","0","0","0","0","0","0","0","0"
"L65567","DATABASE","jenkins.slaves.JnlpAgentReceiver.DATABASE;LJnlpClientDatabase;","L65571","L103","C:\GIT\pris2\SourceMeter\Guille\jenkins-jenkins-2.328\core\src\main\java\jenkins\slaves\JnlpAgentReceiver.java","45","5","45","79","0","0","0","0","0","0","0","0","0","0","0","0","0","0","0","0","0","0","0","0","0","0","0","0"
"L79253","SLAVE_SECRET","jenkins.slaves.JnlpSlaveAgentProtocol.SLAVE_SECRET;Ljenkins/security/HMACConfidentialKey;","L79227","L103","C:\GIT\pris2\SourceMeter\Guille\jenkins-jenkins-2.328\core\src\main\java\jenkins\slaves\JnlpSlaveAgentProtocol.java","15","5","15","91","0","0","0","0","0","0","0","0","0","0","0","0","0","0","0","0","0","0","0","0","0","0","0","0"
"L79256","LOGGER","jenkins.slaves.JnlpSlaveAgentProtocol4.LOGGER;Ljava/util/logging/Logger;","L79254","L103","C:\GIT\pris2\SourceMeter\Guille\jenkins-jenkins-2.328\core\src\main\java\jenkins\slaves\JnlpSlaveAgentProtocol4.java","70","5","70","100","0","0","0","0","0","0","0","0","0","0","0","0","0","0","0","0","0","0","0","0","0","0","0","0"
"L79260","keyStore","jenkins.slaves.JnlpSlaveAgentProtocol4.keyStore;Ljava/security/KeyStore;","L79254","L103","C:\GIT\pris2\SourceMeter\Guille\jenkins-jenkins-2.328\core\src\main\java\jenkins\slaves\JnlpSlaveAgentProtocol4.java","75","5","75","37","0","0","0","0","0","0","0","0","0","0","0","0","0","0","0","0","0","0","0","0","0","0","0","0"
"L79265","trustManager","jenkins.slaves.JnlpSlaveAgentProtocol4.trustManager;Ljavax/net/ssl/TrustManager;","L79254","L103","C:\GIT\pris2\SourceMeter\Guille\jenkins-jenkins-2.328\core\src\main\java\jenkins\slaves\JnlpSlaveAgentProtocol4.java","79","5","79","45","0","0","0","0","0","0","0","0","0","0","0","0","0","0","0","0","0","0","0","0","0","0","0","0"
"L79267","hub","jenkins.slaves.JnlpSlaveAgentProtocol4.hub;Ljenkins/slaves/IOHubProvider;","L79254","L103","C:\GIT\pris2\SourceMeter\Guille\jenkins-jenkins-2.328\core\src\main\java\jenkins\slaves\JnlpSlaveAgentProtocol4.java","84","5","84","31","0","0","0","0","0","0","0","0","0","0","0","0","0","0","0","0","0","0","0","0","0","0","0","0"
"L79269","handler","jenkins.slaves.JnlpSlaveAgentProtocol4.handler;LJnlpProtocol4Handler;","L79254","L103","C:\GIT\pris2\SourceMeter\Guille\jenkins-jenkins-2.328\core\src\main\java\jenkins\slaves\JnlpSlaveAgentProtocol4.java","89","5","89","42","0","0","0","0","0","0","0","0","0","0","0","0","0","0","0","0","0","0","0","0","0","0","0","0"
"L79271","sslContext","jenkins.slaves.JnlpSlaveAgentProtocol4.sslContext;Ljavax/net/ssl/SSLContext;","L79254","L103","C:\GIT\pris2\SourceMeter\Guille\jenkins-jenkins-2.328\core\src\main\java\jenkins\slaves\JnlpSlaveAgentProtocol4.java","93","5","93","35","0","0","0","0","0","0","0","0","0","0","0","0","0","0","0","0","0","0","0","0","0","0","0","0"
"L79332","hub","jenkins.slaves.NioChannelSelector.hub;LNioChannelHub;","L79330","L103","C:\GIT\pris2\SourceMeter\Guille\jenkins-jenkins-2.328\core\src\main\java\jenkins\slaves\NioChannelSelector.java","20","5","20","31","0","0","0","0","0","0","0","0","0","0","0","0","0","0","0","0","0","0","0","0","0","0","0","0"
"L79334","DISABLED","jenkins.slaves.NioChannelSelector.DISABLED;Z","L79330","L103","C:\GIT\pris2\SourceMeter\Guille\jenkins-jenkins-2.328\core\src\main\java\jenkins\slaves\NioChannelSelector.java","51","5","51","109","0","0","0","0","0","0","0","0","0","0","0","0","0","0","0","0","0","0","0","0","0","0","0","0"
"L79337","LOGGER","jenkins.slaves.NioChannelSelector.LOGGER;Ljava/util/logging/Logger;","L79330","L103","C:\GIT\pris2\SourceMeter\Guille\jenkins-jenkins-2.328\core\src\main\java\jenkins\slaves\NioChannelSelector.java","53","5","53","95","0","0","0","0","0","0","0","0","0","0","0","0","0","0","0","0","0","0","0","0","0","0","0","0"
"L79354","LOGGER","jenkins.slaves.RemotingVersionInfo.LOGGER;Ljava/util/logging/Logger;","L79352","L103","C:\GIT\pris2\SourceMeter\Guille\jenkins-jenkins-2.328\core\src\main\java\jenkins\slaves\RemotingVersionInfo.java","42","5","42","96","0","0","0","0","0","0","0","0","0","0","0","0","0","0","0","0","0","0","0","0","0","0","0","0"
"L79357","RESOURCE_NAME","jenkins.slaves.RemotingVersionInfo.RESOURCE_NAME;Ljava/lang/String;","L79352","L103","C:\GIT\pris2\SourceMeter\Guille\jenkins-jenkins-2.328\core\src\main\java\jenkins\slaves\RemotingVersionInfo.java","43","5","43","76","0","0","0","0","0","0","0","0","0","0","0","0","0","0","0","0","0","0","0","0","0","0","0","0"
"L79358","EMBEDDED_VERSION","jenkins.slaves.RemotingVersionInfo.EMBEDDED_VERSION;LVersionNumber;","L79352","L103","C:\GIT\pris2\SourceMeter\Guille\jenkins-jenkins-2.328\core\src\main\java\jenkins\slaves\RemotingVersionInfo.java","45","5","46","51","0","0","0","0","0","0","0","0","0","0","0","0","0","0","0","0","0","0","0","0","0","0","0","0"
"L79359","MINIMUM_SUPPORTED_VERSION","jenkins.slaves.RemotingVersionInfo.MINIMUM_SUPPORTED_VERSION;LVersionNumber;","L79352","L103","C:\GIT\pris2\SourceMeter\Guille\jenkins-jenkins-2.328\core\src\main\java\jenkins\slaves\RemotingVersionInfo.java","48","5","49","60","0","0","0","0","0","0","0","0","0","0","0","0","0","0","0","0","0","0","0","0","0","0","0","0"
"L79379","DEFAULT_INTERNAL_DIR","jenkins.slaves.RemotingWorkDirSettings.DEFAULT_INTERNAL_DIR;Ljava/lang/String;","L57282","L103","C:\GIT\pris2\SourceMeter\Guille\jenkins-jenkins-2.328\core\src\main\java\jenkins\slaves\RemotingWorkDirSettings.java","54","5","54","67","0","0","0","0","0","0","0","0","0","0","0","0","0","0","0","0","0","0","0","0","0","0","0","0"
"L79380","LEGACY_DEFAULT","jenkins.slaves.RemotingWorkDirSettings.LEGACY_DEFAULT;Ljenkins/slaves/RemotingWorkDirSettings;","L57282","L103","C:\GIT\pris2\SourceMeter\Guille\jenkins-jenkins-2.328\core\src\main\java\jenkins\slaves\RemotingWorkDirSettings.java","55","5","55","136","0","0","0","0","0","0","0","0","0","0","0","0","0","0","0","0","0","0","0","0","0","0","0","0"
"L79382","ENABLED_DEFAULT","jenkins.slaves.RemotingWorkDirSettings.ENABLED_DEFAULT;Ljenkins/slaves/RemotingWorkDirSettings;","L57282","L103","C:\GIT\pris2\SourceMeter\Guille\jenkins-jenkins-2.328\core\src\main\java\jenkins\slaves\RemotingWorkDirSettings.java","56","5","56","138","0","0","0","0","0","0","0","0","0","0","0","0","0","0","0","0","0","0","0","0","0","0","0","0"
"L79383","disabled","jenkins.slaves.RemotingWorkDirSettings.disabled;Z","L57282","L103","C:\GIT\pris2\SourceMeter\Guille\jenkins-jenkins-2.328\core\src\main\java\jenkins\slaves\RemotingWorkDirSettings.java","59","5","59","36","0","0","0","0","0","0","0","0","0","0","0","0","0","0","0","0","0","0","0","0","0","0","0","0"
"L79384","workDirPath","jenkins.slaves.RemotingWorkDirSettings.workDirPath;Ljava/lang/String;","L57282","L103","C:\GIT\pris2\SourceMeter\Guille\jenkins-jenkins-2.328\core\src\main\java\jenkins\slaves\RemotingWorkDirSettings.java","60","5","61","39","0","0","0","0","0","0","0","0","0","0","0","0","0","0","0","0","0","0","0","0","0","0","0","0"
"L79385","internalDir","jenkins.slaves.RemotingWorkDirSettings.internalDir;Ljava/lang/String;","L57282","L103","C:\GIT\pris2\SourceMeter\Guille\jenkins-jenkins-2.328\core\src\main\java\jenkins\slaves\RemotingWorkDirSettings.java","62","5","63","39","0","0","0","0","0","0","0","0","0","0","0","0","0","0","0","0","0","0","0","0","0","0","0","0"
"L79386","failIfWorkDirIsMissing","jenkins.slaves.RemotingWorkDirSettings.failIfWorkDirIsMissing;Z","L57282","L103","C:\GIT\pris2\SourceMeter\Guille\jenkins-jenkins-2.328\core\src\main\java\jenkins\slaves\RemotingWorkDirSettings.java","64","5","64","50","0","0","0","0","0","0","0","0","0","0","0","0","0","0","0","0","0","0","0","0","0","0","0","0"
"L79538","LOGGER","jenkins.slaves.StandardOutputSwapper.LOGGER;Ljava/util/logging/Logger;","L79523","L103","C:\GIT\pris2\SourceMeter\Guille\jenkins-jenkins-2.328\core\src\main\java\jenkins\slaves\StandardOutputSwapper.java","87","5","87","98","0","0","0","0","0","0","0","0","0","0","0","0","0","0","0","0","0","0","0","0","0","0","0","0"
"L79531","disabled","jenkins.slaves.StandardOutputSwapper.disabled;Z","L79523","L103","C:\GIT\pris2\SourceMeter\Guille\jenkins-jenkins-2.328\core\src\main\java\jenkins\slaves\StandardOutputSwapper.java","88","5","89","119","0","0","0","0","0","0","0","0","0","0","0","0","0","0","0","0","0","0","0","0","0","0","0","0"
"L79619","j","jenkins.slaves.OldRemotingAgentTest.j;LJenkinsRule;","L79616","L103","C:\GIT\pris2\SourceMeter\Guille\jenkins-jenkins-2.328\test\src\test\java\jenkins\slaves\OldRemotingAgentTest.java","75","5","76","58","0","0","0","0","0","0","0","0","0","0","0","0","0","0","0","0","0","0","0","0","0","0","0","0"
"L79623","tmpDir","jenkins.slaves.OldRemotingAgentTest.tmpDir;LTemporaryFolder;","L79616","L103","C:\GIT\pris2\SourceMeter\Guille\jenkins-jenkins-2.328\test\src\test\java\jenkins\slaves\OldRemotingAgentTest.java","78","5","79","59","0","0","0","0","0","0","0","0","0","0","0","0","0","0","0","0","0","0","0","0","0","0","0","0"
"L79624","agentJar","jenkins.slaves.OldRemotingAgentTest.agentJar;Ljava/io/File;","L79616","L103","C:\GIT\pris2\SourceMeter\Guille\jenkins-jenkins-2.328\test\src\test\java\jenkins\slaves\OldRemotingAgentTest.java","81","5","81","27","0","0","0","0","0","0","0","0","0","0","0","0","0","0","0","0","0","0","0","0","0","0","0","0"
"L79678","j","jenkins.slaves.RemotingVersionInfoTest.j;LJenkinsRule;","L79676","L103","C:\GIT\pris2\SourceMeter\Guille\jenkins-jenkins-2.328\test\src\test\java\jenkins\slaves\RemotingVersionInfoTest.java","46","5","47","46","0","0","0","0","0","0","0","0","0","0","0","0","0","0","0","0","0","0","0","0","0","0","0","0"
"L80138","r","jenkins.tasks.SimpleBuildStepTest.r;LJenkinsRule;","L80124","L103","C:\GIT\pris2\SourceMeter\Guille\jenkins-jenkins-2.328\test\src\test\java\jenkins\tasks\SimpleBuildStepTest.java","48","5","49","46","0","0","0","0","0","0","0","0","0","0","0","0","0","0","0","0","0","0","0","0","0","0","0","0"
"L80146","buildWatcher","jenkins.tasks.SimpleBuildWrapperTest.buildWatcher;LBuildWatcher;","L80144","L103","C:\GIT\pris2\SourceMeter\Guille\jenkins-jenkins-2.328\test\src\test\java\jenkins\tasks\SimpleBuildWrapperTest.java","78","5","78","77","0","0","0","0","0","0","0","0","0","0","0","0","0","0","0","0","0","0","0","0","0","0","0","0"
"L80147","r","jenkins.tasks.SimpleBuildWrapperTest.r;LJenkinsRule;","L80144","L103","C:\GIT\pris2\SourceMeter\Guille\jenkins-jenkins-2.328\test\src\test\java\jenkins\tasks\SimpleBuildWrapperTest.java","79","5","79","52","0","0","0","0","0","0","0","0","0","0","0","0","0","0","0","0","0","0","0","0","0","0","0","0"
"L80148","tmp","jenkins.tasks.SimpleBuildWrapperTest.tmp;LTemporaryFolder;","L80144","L103","C:\GIT\pris2\SourceMeter\Guille\jenkins-jenkins-2.328\test\src\test\java\jenkins\tasks\SimpleBuildWrapperTest.java","80","5","80","62","0","0","0","0","0","0","0","0","0","0","0","0","0","0","0","0","0","0","0","0","0","0","0","0"
"L80349","correlationId","jenkins.telemetry.Correlator.correlationId;Ljava/lang/String;","L80339","L103","C:\GIT\pris2\SourceMeter\Guille\jenkins-jenkins-2.328\core\src\main\java\jenkins\telemetry\Correlator.java","45","5","45","34","0","0","0","0","0","0","0","0","0","0","0","0","0","0","0","0","0","0","0","0","0","0","0","0"
"L80458","ENDPOINT","jenkins.telemetry.Telemetry.ENDPOINT;Ljava/lang/String;","L80363","L103","C:\GIT\pris2\SourceMeter\Guille\jenkins-jenkins-2.328\core\src\main\java\jenkins\telemetry\Telemetry.java","73","5","75","134","0","0","0","0","0","0","0","0","0","0","0","0","0","0","0","0","0","0","0","0","0","0","0","0"
"L80460","LOGGER","jenkins.telemetry.Telemetry.LOGGER;Ljava/util/logging/Logger;","L80363","L103","C:\GIT\pris2\SourceMeter\Guille\jenkins-jenkins-2.328\core\src\main\java\jenkins\telemetry\Telemetry.java","77","5","77","86","0","0","0","0","0","0","0","0","0","0","0","0","0","0","0","0","0","0","0","0","0","0","0","0"
"L80504","j","jenkins.telemetry.TelemetryTest.j;LJenkinsRule;","L80502","L103","C:\GIT\pris2\SourceMeter\Guille\jenkins-jenkins-2.328\test\src\test\java\jenkins\telemetry\TelemetryTest.java","43","5","44","46","0","0","0","0","0","0","0","0","0","0","0","0","0","0","0","0","0","0","0","0","0","0","0","0"
"L80505","logger","jenkins.telemetry.TelemetryTest.logger;LLoggerRule;","L80502","L103","C:\GIT\pris2\SourceMeter\Guille\jenkins-jenkins-2.328\test\src\test\java\jenkins\telemetry\TelemetryTest.java","46","5","47","97","0","0","0","0","0","0","0","0","0","0","0","0","0","0","0","0","0","0","0","0","0","0","0","0"
"L80506","counter","jenkins.telemetry.TelemetryTest.counter;I","L80502","L103","C:\GIT\pris2\SourceMeter\Guille\jenkins-jenkins-2.328\test\src\test\java\jenkins\telemetry\TelemetryTest.java","49","5","49","36","0","0","0","0","0","0","0","0","0","0","0","0","0","0","0","0","0","0","0","0","0","0","0","0"
"L80508","correlators","jenkins.telemetry.TelemetryTest.correlators;Ljava/util/SortedSet;","L80502","L103","C:\GIT\pris2\SourceMeter\Guille\jenkins-jenkins-2.328\test\src\test\java\jenkins\telemetry\TelemetryTest.java","245","5","245","68","0","0","0","0","0","0","0","0","0","0","0","0","0","0","0","0","0","0","0","0","0","0","0","0"
"L80510","types","jenkins.telemetry.TelemetryTest.types;Ljava/util/Set;","L80502","L103","C:\GIT\pris2\SourceMeter\Guille\jenkins-jenkins-2.328\test\src\test\java\jenkins\telemetry\TelemetryTest.java","246","5","246","56","0","0","0","0","0","0","0","0","0","0","0","0","0","0","0","0","0","0","0","0","0","0","0","0"
"L80596","FILTER","jenkins.tools.GlobalToolConfiguration.FILTER;Ljava/util/function/Predicate;","L80577","L103","C:\GIT\pris2\SourceMeter\Guille\jenkins-jenkins-2.328\core\src\main\java\jenkins\tools\GlobalToolConfiguration.java","110","5","112","122","0","0","0","0","0","0","0","0","0","0","0","0","0","0","0","0","0","0","0","0","0","0","0","0"
"L80590","LOGGER","jenkins.tools.GlobalToolConfiguration.LOGGER;Ljava/util/logging/Logger;","L80577","L103","C:\GIT\pris2\SourceMeter\Guille\jenkins-jenkins-2.328\core\src\main\java\jenkins\tools\GlobalToolConfiguration.java","114","5","114","100","0","0","0","0","0","0","0","0","0","0","0","0","0","0","0","0","0","0","0","0","0","0","0","0"
"L80622","LOGGER","jenkins.triggers.ReverseBuildTrigger.LOGGER;Ljava/util/logging/Logger;","L47940","L103","C:\GIT\pris2\SourceMeter\Guille\jenkins-jenkins-2.328\core\src\main\java\jenkins\triggers\ReverseBuildTrigger.java","89","5","89","96","0","0","0","0","0","0","0","0","0","0","0","0","0","0","0","0","0","0","0","0","0","0","0","0"
"L80623","upstreamProjects","jenkins.triggers.ReverseBuildTrigger.upstreamProjects;Ljava/lang/String;","L47940","L103","C:\GIT\pris2\SourceMeter\Guille\jenkins-jenkins-2.328\core\src\main\java\jenkins\triggers\ReverseBuildTrigger.java","91","5","92","37","0","0","0","0","0","0","0","0","0","0","0","0","0","0","0","0","0","0","0","0","0","0","0","0"
"L80624","threshold","jenkins.triggers.ReverseBuildTrigger.threshold;Lhudson/model/Result;","L47940","L103","C:\GIT\pris2\SourceMeter\Guille\jenkins-jenkins-2.328\core\src\main\java\jenkins\triggers\ReverseBuildTrigger.java","93","5","93","47","0","0","0","0","0","0","0","0","0","0","0","0","0","0","0","0","0","0","0","0","0","0","0","0"
"L80759","buildWatcher","jenkins.triggers.ReverseBuildTriggerTest.buildWatcher;LBuildWatcher;","L80757","L103","C:\GIT\pris2\SourceMeter\Guille\jenkins-jenkins-2.328\test\src\test\java\jenkins\triggers\ReverseBuildTriggerTest.java","62","5","63","66","0","0","0","0","0","0","0","0","0","0","0","0","0","0","0","0","0","0","0","0","0","0","0","0"
"L80760","r","jenkins.triggers.ReverseBuildTriggerTest.r;LJenkinsRule;","L80757","L103","C:\GIT\pris2\SourceMeter\Guille\jenkins-jenkins-2.328\test\src\test\java\jenkins\triggers\ReverseBuildTriggerTest.java","65","5","65","52","0","0","0","0","0","0","0","0","0","0","0","0","0","0","0","0","0","0","0","0","0","0","0","0"
"L80780","j","jenkins.triggers.TriggerTest.j;LJenkinsRule;","L80778","L103","C:\GIT\pris2\SourceMeter\Guille\jenkins-jenkins-2.328\test\src\test\java\jenkins\triggers\TriggerTest.java","29","5","30","46","0","0","0","0","0","0","0","0","0","0","0","0","0","0","0","0","0","0","0","0","0","0","0","0"
"L80781","l","jenkins.triggers.TriggerTest.l;LLoggerRule;","L80778","L103","C:\GIT\pris2\SourceMeter\Guille\jenkins-jenkins-2.328\test\src\test\java\jenkins\triggers\TriggerTest.java","32","5","33","44","0","0","0","0","0","0","0","0","0","0","0","0","0","0","0","0","0","0","0","0","0","0","0","0"
"L80931","LOGGER","jenkins.util.AtmostOneTaskExecutor.LOGGER;Ljava/util/logging/Logger;","L37052","L103","C:\GIT\pris2\SourceMeter\Guille\jenkins-jenkins-2.328\core\src\main\java\jenkins\util\AtmostOneTaskExecutor.java","49","5","49","98","0","0","0","0","0","0","0","0","0","0","0","0","0","0","0","0","0","0","0","0","0","0","0","0"
"L80932","base","jenkins.util.AtmostOneTaskExecutor.base;Ljava/util/concurrent/ExecutorService;","L37052","L103","C:\GIT\pris2\SourceMeter\Guille\jenkins-jenkins-2.328\core\src\main\java\jenkins\util\AtmostOneTaskExecutor.java","54","5","54","40","0","0","0","0","0","0","0","0","0","0","0","0","0","0","0","0","0","0","0","0","0","0","0","0"
"L80934","task","jenkins.util.AtmostOneTaskExecutor.task;Ljava/util/concurrent/Callable;","L37052","L103","C:\GIT\pris2\SourceMeter\Guille\jenkins-jenkins-2.328\core\src\main\java\jenkins\util\AtmostOneTaskExecutor.java","59","5","59","36","0","0","0","0","0","0","0","0","0","0","0","0","0","0","0","0","0","0","0","0","0","0","0","0"
"L80939","pending","jenkins.util.AtmostOneTaskExecutor.pending;Ljava/util/concurrent/CompletableFuture;","L37052","L103","C:\GIT\pris2\SourceMeter\Guille\jenkins-jenkins-2.328\core\src\main\java\jenkins\util\AtmostOneTaskExecutor.java","65","5","65","42","0","0","0","0","0","0","0","0","0","0","0","0","0","0","0","0","0","0","0","0","0","0","0","0"
"L80947","inprogress","jenkins.util.AtmostOneTaskExecutor.inprogress;Ljava/util/concurrent/CompletableFuture;","L37052","L103","C:\GIT\pris2\SourceMeter\Guille\jenkins-jenkins-2.328\core\src\main\java\jenkins\util\AtmostOneTaskExecutor.java","67","5","67","45","0","0","0","0","0","0","0","0","0","0","0","0","0","0","0","0","0","0","0","0","0","0","0","0"
"L80973","delegate","jenkins.util.BuildListenerAdapter.delegate;Lhudson/model/TaskListener;","L78423","L103","C:\GIT\pris2\SourceMeter\Guille\jenkins-jenkins-2.328\core\src\main\java\jenkins\util\BuildListenerAdapter.java","41","5","41","41","0","0","0","0","0","0","0","0","0","0","0","0","0","0","0","0","0","0","0","0","0","0","0","0"
"L81101","LOGGER","jenkins.util.ErrorLoggingScheduledThreadPoolExecutor.LOGGER;Ljava/util/logging/Logger;","L81099","L103","C:\GIT\pris2\SourceMeter\Guille\jenkins-jenkins-2.328\core\src\main\java\jenkins\util\ErrorLoggingScheduledThreadPoolExecutor.java","44","5","44","116","0","0","0","0","0","0","0","0","0","0","0","0","0","0","0","0","0","0","0","0","0","0","0","0"
"L81132","LOGGER","jenkins.util.FullDuplexHttpService.LOGGER;Ljava/util/logging/Logger;","L1970","L103","C:\GIT\pris2\SourceMeter\Guille\jenkins-jenkins-2.328\core\src\main\java\jenkins\util\FullDuplexHttpService.java","57","5","57","98","0","0","0","0","0","0","0","0","0","0","0","0","0","0","0","0","0","0","0","0","0","0","0","0"
"L81133","DIY_CHUNKING","jenkins.util.FullDuplexHttpService.DIY_CHUNKING;Z","L1970","L103","C:\GIT\pris2\SourceMeter\Guille\jenkins-jenkins-2.328\core\src\main\java\jenkins\util\FullDuplexHttpService.java","62","5","64","124","0","0","0","0","0","0","0","0","0","0","0","0","0","0","0","0","0","0","0","0","0","0","0","0"
"L81135","CONNECTION_TIMEOUT","jenkins.util.FullDuplexHttpService.CONNECTION_TIMEOUT;J","L1970","L103","C:\GIT\pris2\SourceMeter\Guille\jenkins-jenkins-2.328\core\src\main\java\jenkins\util\FullDuplexHttpService.java","69","5","71","107","0","0","0","0","0","0","0","0","0","0","0","0","0","0","0","0","0","0","0","0","0","0","0","0"
"L32378","uuid","jenkins.util.FullDuplexHttpService.uuid;Ljava/util/UUID;","L1970","L103","C:\GIT\pris2\SourceMeter\Guille\jenkins-jenkins-2.328\core\src\main\java\jenkins\util\FullDuplexHttpService.java","73","5","73","31","0","0","0","0","0","0","0","0","0","0","0","0","0","0","0","0","0","0","0","0","0","0","0","0"
"L81137","upload","jenkins.util.FullDuplexHttpService.upload;Ljava/io/InputStream;","L1970","L103","C:\GIT\pris2\SourceMeter\Guille\jenkins-jenkins-2.328\core\src\main\java\jenkins\util\FullDuplexHttpService.java","75","5","75","32","0","0","0","0","0","0","0","0","0","0","0","0","0","0","0","0","0","0","0","0","0","0","0","0"
"L81138","completed","jenkins.util.FullDuplexHttpService.completed;Z","L1970","L103","C:\GIT\pris2\SourceMeter\Guille\jenkins-jenkins-2.328\core\src\main\java\jenkins\util\FullDuplexHttpService.java","77","5","77","31","0","0","0","0","0","0","0","0","0","0","0","0","0","0","0","0","0","0","0","0","0","0","0","0"
"L81254","base","jenkins.util.InterceptingExecutorService.base;Ljava/util/concurrent/ExecutorService;","L75520","L103","C:\GIT\pris2\SourceMeter\Guille\jenkins-jenkins-2.328\core\src\main\java\jenkins\util\InterceptingExecutorService.java","20","5","20","40","0","0","0","0","0","0","0","0","0","0","0","0","0","0","0","0","0","0","0","0","0","0","0","0"
"L81697","jenkinsJVM","jenkins.util.JenkinsJVM.jenkinsJVM;Z","L63514","L103","C:\GIT\pris2\SourceMeter\Guille\jenkins-jenkins-2.328\core\src\main\java\jenkins\util\JenkinsJVM.java","18","5","18","39","0","0","0","0","0","0","0","0","0","0","0","0","0","0","0","0","0","0","0","0","0","0","0","0"
"L81708","name","jenkins.util.JSONSignatureValidator.name;Ljava/lang/String;","L42203","L103","C:\GIT\pris2\SourceMeter\Guille\jenkins-jenkins-2.328\core\src\main\java\jenkins\util\JSONSignatureValidator.java","47","5","47","31","0","0","0","0","0","0","0","0","0","0","0","0","0","0","0","0","0","0","0","0","0","0","0","0"
"L81727","LOGGER","jenkins.util.JSONSignatureValidator.LOGGER;Ljava/util/logging/Logger;","L42203","L103","C:\GIT\pris2\SourceMeter\Guille\jenkins-jenkins-2.328\core\src\main\java\jenkins\util\JSONSignatureValidator.java","325","5","325","99","0","0","0","0","0","0","0","0","0","0","0","0","0","0","0","0","0","0","0","0","0","0","0","0"
"L81791","base","jenkins.util.MarkFindingOutputStream.base;Ljava/io/OutputStream;","L81789","L103","C:\GIT\pris2\SourceMeter\Guille\jenkins-jenkins-2.328\core\src\main\java\jenkins\util\MarkFindingOutputStream.java","16","5","16","37","0","0","0","0","0","0","0","0","0","0","0","0","0","0","0","0","0","0","0","0","0","0","0","0"
"L81795","match","jenkins.util.MarkFindingOutputStream.match;I","L81789","L103","C:\GIT\pris2\SourceMeter\Guille\jenkins-jenkins-2.328\core\src\main\java\jenkins\util\MarkFindingOutputStream.java","25","5","25","27","0","0","0","0","0","0","0","0","0","0","0","0","0","0","0","0","0","0","0","0","0","0","0","0"
"L81813","MARK","jenkins.util.MarkFindingOutputStream.MARK;Ljava/lang/String;","L81789","L103","C:\GIT\pris2\SourceMeter\Guille\jenkins-jenkins-2.328\core\src\main\java\jenkins\util\MarkFindingOutputStream.java","112","5","112","63","0","0","0","0","0","0","0","0","0","0","0","0","0","0","0","0","0","0","0","0","0","0","0","0"
"L81799","MBYTES","jenkins.util.MarkFindingOutputStream.MBYTES;[B","L81789","L103","C:\GIT\pris2\SourceMeter\Guille\jenkins-jenkins-2.328\core\src\main\java\jenkins\util\MarkFindingOutputStream.java","113","5","113","55","0","0","0","0","0","0","0","0","0","0","0","0","0","0","0","0","0","0","0","0","0","0","0","0"
"L23834","EMPTY_STRING_ARRAY","jenkins.util.MemoryReductionUtil.EMPTY_STRING_ARRAY;[Ljava/lang/String;","L81819","L103","C:\GIT\pris2\SourceMeter\Guille\jenkins-jenkins-2.328\core\src\main\java\jenkins\util\MemoryReductionUtil.java","53","5","53","69","0","0","0","0","0","0","0","0","0","0","0","0","0","0","0","0","0","0","0","0","0","0","0","0"
"L81832","nonLocalizable","jenkins.util.NonLocalizable.nonLocalizable;Ljava/lang/String;","L32443","L103","C:\GIT\pris2\SourceMeter\Guille\jenkins-jenkins-2.328\core\src\main\java\jenkins\util\NonLocalizable.java","13","5","13","41","0","0","0","0","0","0","0","0","0","0","0","0","0","0","0","0","0","0","0","0","0","0","0","0"
"L81841","LOG","jenkins.util.ProgressiveRendering.LOG;Ljava/util/logging/Logger;","L43585","L103","C:\GIT\pris2\SourceMeter\Guille\jenkins-jenkins-2.328\core\src\main\java\jenkins\util\ProgressiveRendering.java","78","5","78","94","0","0","0","0","0","0","0","0","0","0","0","0","0","0","0","0","0","0","0","0","0","0","0","0"
"L81842","DEBUG_SLEEP","jenkins.util.ProgressiveRendering.DEBUG_SLEEP;Ljava/lang/Long;","L43585","L103","C:\GIT\pris2\SourceMeter\Guille\jenkins-jenkins-2.328\core\src\main\java\jenkins\util\ProgressiveRendering.java","80","5","80","119","0","0","0","0","0","0","0","0","0","0","0","0","0","0","0","0","0","0","0","0","0","0","0","0"
"L81846","CANCELED","jenkins.util.ProgressiveRendering.CANCELED;I","L43585","L103","C:\GIT\pris2\SourceMeter\Guille\jenkins-jenkins-2.328\core\src\main\java\jenkins\util\ProgressiveRendering.java","81","5","81","44","0","0","0","0","0","0","0","0","0","0","0","0","0","0","0","0","0","0","0","0","0","0","0","0"
"L81847","ERROR","jenkins.util.ProgressiveRendering.ERROR;I","L43585","L103","C:\GIT\pris2\SourceMeter\Guille\jenkins-jenkins-2.328\core\src\main\java\jenkins\util\ProgressiveRendering.java","82","5","82","41","0","0","0","0","0","0","0","0","0","0","0","0","0","0","0","0","0","0","0","0","0","0","0","0"
"L81848","status","jenkins.util.ProgressiveRendering.status;D","L43585","L103","C:\GIT\pris2\SourceMeter\Guille\jenkins-jenkins-2.328\core\src\main\java\jenkins\util\ProgressiveRendering.java","84","5","84","31","0","0","0","0","0","0","0","0","0","0","0","0","0","0","0","0","0","0","0","0","0","0","0","0"
"L81849","lastNewsTime","jenkins.util.ProgressiveRendering.lastNewsTime;J","L43585","L103","C:\GIT\pris2\SourceMeter\Guille\jenkins-jenkins-2.328\core\src\main\java\jenkins\util\ProgressiveRendering.java","85","5","85","31","0","0","0","0","0","0","0","0","0","0","0","0","0","0","0","0","0","0","0","0","0","0","0","0"
"L81850","securityContext","jenkins.util.ProgressiveRendering.securityContext;LSecurityContext;","L43585","L103","C:\GIT\pris2\SourceMeter\Guille\jenkins-jenkins-2.328\core\src\main\java\jenkins\util\ProgressiveRendering.java","86","5","86","51","0","0","0","0","0","0","0","0","0","0","0","0","0","0","0","0","0","0","0","0","0","0","0","0"
"L81851","request","jenkins.util.ProgressiveRendering.request;LRequestImpl;","L43585","L103","C:\GIT\pris2\SourceMeter\Guille\jenkins-jenkins-2.328\core\src\main\java\jenkins\util\ProgressiveRendering.java","87","5","87","39","0","0","0","0","0","0","0","0","0","0","0","0","0","0","0","0","0","0","0","0","0","0","0","0"
"L81852","uri","jenkins.util.ProgressiveRendering.uri;Ljava/lang/String;","L43585","L103","C:\GIT\pris2\SourceMeter\Guille\jenkins-jenkins-2.328\core\src\main\java\jenkins\util\ProgressiveRendering.java","89","5","89","30","0","0","0","0","0","0","0","0","0","0","0","0","0","0","0","0","0","0","0","0","0","0","0","0"
"L81854","start","jenkins.util.ProgressiveRendering.start;J","L43585","L103","C:\GIT\pris2\SourceMeter\Guille\jenkins-jenkins-2.328\core\src\main\java\jenkins\util\ProgressiveRendering.java","90","5","90","24","0","0","0","0","0","0","0","0","0","0","0","0","0","0","0","0","0","0","0","0","0","0","0","0"
"L81855","boundObjectTable","jenkins.util.ProgressiveRendering.boundObjectTable;LBoundObjectTable/Table;","L43585","L103","C:\GIT\pris2\SourceMeter\Guille\jenkins-jenkins-2.328\core\src\main\java\jenkins\util\ProgressiveRendering.java","91","5","91","53","0","0","0","0","0","0","0","0","0","0","0","0","0","0","0","0","0","0","0","0","0","0","0","0"
"L81856","boundId","jenkins.util.ProgressiveRendering.boundId;Ljava/lang/String;","L43585","L103","C:\GIT\pris2\SourceMeter\Guille\jenkins-jenkins-2.328\core\src\main\java\jenkins\util\ProgressiveRendering.java","93","5","93","28","0","0","0","0","0","0","0","0","0","0","0","0","0","0","0","0","0","0","0","0","0","0","0","0"
"L81916","logger","jenkins.util.ResourceBundleUtil.logger;Ljava/util/logging/Logger;","L81914","L103","C:\GIT\pris2\SourceMeter\Guille\jenkins-jenkins-2.328\core\src\main\java\jenkins\util\ResourceBundleUtil.java","49","5","49","90","0","0","0","0","0","0","0","0","0","0","0","0","0","0","0","0","0","0","0","0","0","0","0","0"
"L81917","bundles","jenkins.util.ResourceBundleUtil.bundles;Ljava/util/Map;","L81914","L103","C:\GIT\pris2\SourceMeter\Guille\jenkins-jenkins-2.328\core\src\main\java\jenkins\util\ResourceBundleUtil.java","50","5","50","86","0","0","0","0","0","0","0","0","0","0","0","0","0","0","0","0","0","0","0","0","0","0","0","0"
"L81944","value","jenkins.util.ServerTcpPort.value;I","L54866","L103","C:\GIT\pris2\SourceMeter\Guille\jenkins-jenkins-2.328\core\src\main\java\jenkins\util\ServerTcpPort.java","13","5","13","23","0","0","0","0","0","0","0","0","0","0","0","0","0","0","0","0","0","0","0","0","0","0","0","0"
"L81945","type","jenkins.util.ServerTcpPort.type;Ljava/lang/String;","L54866","L103","C:\GIT\pris2\SourceMeter\Guille\jenkins-jenkins-2.328\core\src\main\java\jenkins\util\ServerTcpPort.java","14","5","14","25","0","0","0","0","0","0","0","0","0","0","0","0","0","0","0","0","0","0","0","0","0","0","0","0"
"L81957","NULL_HANDLER","jenkins.util.SystemProperties.NULL_HANDLER;Ljenkins/util/SystemProperties$Handler;","L16705","L103","C:\GIT\pris2\SourceMeter\Guille\jenkins-jenkins-2.328\core\src\main\java\jenkins\util\SystemProperties.java","89","5","89","61","0","0","0","0","0","0","0","0","0","0","0","0","0","0","0","0","0","0","0","0","0","0","0","0"
"L81962","handler","jenkins.util.SystemProperties.handler;Ljenkins/util/SystemProperties$Handler;","L16705","L103","C:\GIT\pris2\SourceMeter\Guille\jenkins-jenkins-2.328\core\src\main\java\jenkins\util\SystemProperties.java","91","5","92","60","0","0","0","0","0","0","0","0","0","0","0","0","0","0","0","0","0","0","0","0","0","0","0","0"
"L81979","ALLOW_ON_AGENT","jenkins.util.SystemProperties.ALLOW_ON_AGENT;Ljava/util/Set;","L16705","L103","C:\GIT\pris2\SourceMeter\Guille\jenkins-jenkins-2.328\core\src\main\java\jenkins\util\SystemProperties.java","124","5","124","100","0","0","0","0","0","0","0","0","0","0","0","0","0","0","0","0","0","0","0","0","0","0","0","0"
"L81975","LOGGER","jenkins.util.SystemProperties.LOGGER;Ljava/util/logging/Logger;","L16705","L103","C:\GIT\pris2\SourceMeter\Guille\jenkins-jenkins-2.328\core\src\main\java\jenkins\util\SystemProperties.java","180","5","180","93","0","0","0","0","0","0","0","0","0","0","0","0","0","0","0","0","0","0","0","0","0","0","0","0"
"L82053","millis","jenkins.util.TimeDuration.millis;J","L36523","L103","C:\GIT\pris2\SourceMeter\Guille\jenkins-jenkins-2.328\core\src\main\java\jenkins\util\TimeDuration.java","17","5","17","31","0","0","0","0","0","0","0","0","0","0","0","0","0","0","0","0","0","0","0","0","0","0","0","0"
"L82072","executorService","jenkins.util.Timer.executorService;Ljava/util/concurrent/ScheduledExecutorService;","L82070","L103","C:\GIT\pris2\SourceMeter\Guille\jenkins-jenkins-2.328\core\src\main\java\jenkins\util\Timer.java","33","5","33","53","0","0","0","0","0","0","0","0","0","0","0","0","0","0","0","0","0","0","0","0","0","0","0","0"
"L82084","serialVersionUID","jenkins.util.TreeString.serialVersionUID;J","L78426","L103","C:\GIT\pris2\SourceMeter\Guille\jenkins-jenkins-2.328\core\src\main\java\jenkins\util\TreeString.java","48","5","48","71","0","0","0","0","0","0","0","0","0","0","0","0","0","0","0","0","0","0","0","0","0","0","0","0"
"L82085","parent","jenkins.util.TreeString.parent;Ljenkins/util/TreeString;","L78426","L103","C:\GIT\pris2\SourceMeter\Guille\jenkins-jenkins-2.328\core\src\main\java\jenkins\util\TreeString.java","53","5","53","31","0","0","0","0","0","0","0","0","0","0","0","0","0","0","0","0","0","0","0","0","0","0","0","0"
"L82087","label","jenkins.util.TreeString.label;[C","L78426","L103","C:\GIT\pris2\SourceMeter\Guille\jenkins-jenkins-2.328\core\src\main\java\jenkins\util\TreeString.java","58","5","58","26","0","0","0","0","0","0","0","0","0","0","0","0","0","0","0","0","0","0","0","0","0","0","0","0"
"L82152","root","jenkins.util.TreeStringBuilder.root;Ljenkins/util/TreeStringBuilder$Child;","L78429","L103","C:\GIT\pris2\SourceMeter\Guille\jenkins-jenkins-2.328\core\src\main\java\jenkins\util\TreeStringBuilder.java","24","5","24","46","0","0","0","0","0","0","0","0","0","0","0","0","0","0","0","0","0","0","0","0","0","0","0","0"
"L82161","NO_CHILDREN","jenkins.util.TreeStringBuilder.NO_CHILDREN;Ljava/util/Map;","L78429","L103","C:\GIT\pris2\SourceMeter\Guille\jenkins-jenkins-2.328\core\src\main\java\jenkins\util\TreeStringBuilder.java","150","5","150","82","0","0","0","0","0","0","0","0","0","0","0","0","0","0","0","0","0","0","0","0","0","0","0","0"
"L82226","DOMAIN_REGEX","jenkins.util.UrlHelper.DOMAIN_REGEX;Ljava/lang/String;","L82223","L103","C:\GIT\pris2\SourceMeter\Guille\jenkins-jenkins-2.328\core\src\main\java\jenkins\util\UrlHelper.java","60","5","68","7","0","0","0","0","0","0","0","0","0","0","0","0","0","0","0","0","0","0","0","0","0","0","0","0"
"L83038","mark","jenkins.util.MarkFindingOutputStreamTest.mark;Ljava/lang/String;","L83035","L103","C:\GIT\pris2\SourceMeter\Guille\jenkins-jenkins-2.328\core\src\test\java\jenkins\util\MarkFindingOutputStreamTest.java","16","5","16","48","0","0","0","0","0","0","0","0","0","0","0","0","0","0","0","0","0","0","0","0","0","0","0","0"
"L83039","markHead","jenkins.util.MarkFindingOutputStreamTest.markHead;Ljava/lang/String;","L83035","L103","C:\GIT\pris2\SourceMeter\Guille\jenkins-jenkins-2.328\core\src\test\java\jenkins\util\MarkFindingOutputStreamTest.java","17","5","17","44","0","0","0","0","0","0","0","0","0","0","0","0","0","0","0","0","0","0","0","0","0","0","0","0"
"L83041","markTail","jenkins.util.MarkFindingOutputStreamTest.markTail;Ljava/lang/String;","L83035","L103","C:\GIT\pris2\SourceMeter\Guille\jenkins-jenkins-2.328\core\src\test\java\jenkins\util\MarkFindingOutputStreamTest.java","18","5","18","41","0","0","0","0","0","0","0","0","0","0","0","0","0","0","0","0","0","0","0","0","0","0","0","0"
"L83042","baos","jenkins.util.MarkFindingOutputStreamTest.baos;Ljava/io/ByteArrayOutputStream;","L83035","L103","C:\GIT\pris2\SourceMeter\Guille\jenkins-jenkins-2.328\core\src\test\java\jenkins\util\MarkFindingOutputStreamTest.java","20","5","20","62","0","0","0","0","0","0","0","0","0","0","0","0","0","0","0","0","0","0","0","0","0","0","0","0"
"L83043","m","jenkins.util.MarkFindingOutputStreamTest.m;Ljenkins/util/MarkFindingOutputStreamTest$MarkCountingOutputStream;","L83035","L103","C:\GIT\pris2\SourceMeter\Guille\jenkins-jenkins-2.328\core\src\test\java\jenkins\util\MarkFindingOutputStreamTest.java","21","5","21","69","0","0","0","0","0","0","0","0","0","0","0","0","0","0","0","0","0","0","0","0","0","0","0","0"
"L83151","tmp","jenkins.util.VirtualFileTest.tmp;LTemporaryFolder;","L83149","L103","C:\GIT\pris2\SourceMeter\Guille\jenkins-jenkins-2.328\core\src\test\java\jenkins\util\VirtualFileTest.java","83","5","83","62","0","0","0","0","0","0","0","0","0","0","0","0","0","0","0","0","0","0","0","0","0","0","0","0"
"L83404","r","jenkins.util.AntClassLoaderTest.r;LJenkinsRule;","L83402","L103","C:\GIT\pris2\SourceMeter\Guille\jenkins-jenkins-2.328\test\src\test\java\jenkins\util\AntClassLoaderTest.java","37","5","38","46","0","0","0","0","0","0","0","0","0","0","0","0","0","0","0","0","0","0","0","0","0","0","0","0"
"L83409","r","jenkins.util.FullDuplexHttpServiceTest.r;LJenkinsRule;","L83407","L103","C:\GIT\pris2\SourceMeter\Guille\jenkins-jenkins-2.328\test\src\test\java\jenkins\util\FullDuplexHttpServiceTest.java","55","5","56","46","0","0","0","0","0","0","0","0","0","0","0","0","0","0","0","0","0","0","0","0","0","0","0","0"
"L83410","logging","jenkins.util.FullDuplexHttpServiceTest.logging;LLoggerRule;","L83407","L103","C:\GIT\pris2\SourceMeter\Guille\jenkins-jenkins-2.328\test\src\test\java\jenkins\util\FullDuplexHttpServiceTest.java","58","5","59","145","0","0","0","0","0","0","0","0","0","0","0","0","0","0","0","0","0","0","0","0","0","0","0","0"
"L83444","j","jenkins.util.JenkinsJVMRealTest.j;LJenkinsRule;","L83442","L103","C:\GIT\pris2\SourceMeter\Guille\jenkins-jenkins-2.328\test\src\test\java\jenkins\util\JenkinsJVMRealTest.java","15","5","16","53","0","0","0","0","0","0","0","0","0","0","0","0","0","0","0","0","0","0","0","0","0","0","0","0"
"L83457","j","jenkins.util.SystemPropertiesTest.j;LJenkinsRule;","L83454","L103","C:\GIT\pris2\SourceMeter\Guille\jenkins-jenkins-2.328\test\src\test\java\jenkins\util\SystemPropertiesTest.java","46","5","47","46","0","0","0","0","0","0","0","0","0","0","0","0","0","0","0","0","0","0","0","0","0","0","0","0"
"L83517","LOGGER","jenkins.views.PartialHeader.LOGGER;Ljava/util/logging/Logger;","L83514","L103","C:\GIT\pris2\SourceMeter\Guille\jenkins-jenkins-2.328\core\src\main\java\jenkins\views\PartialHeader.java","21","5","21","84","0","0","0","0","0","0","0","0","0","0","0","0","0","0","0","0","0","0","0","0","0","0","0","0"
"L83520","compatibilityHeaderVersion","jenkins.views.PartialHeader.compatibilityHeaderVersion;I","L83514","L103","C:\GIT\pris2\SourceMeter\Guille\jenkins-jenkins-2.328\core\src\main\java\jenkins\views\PartialHeader.java","28","5","28","61","0","0","0","0","0","0","0","0","0","0","0","0","0","0","0","0","0","0","0","0","0","0","0","0"
"L83561","LOGGER","jenkins.websocket.WebSockets.LOGGER;Ljava/util/logging/Logger;","L83558","L103","C:\GIT\pris2\SourceMeter\Guille\jenkins-jenkins-2.328\core\src\main\java\jenkins\websocket\WebSockets.java","50","5","50","87","0","0","0","0","0","0","0","0","0","0","0","0","0","0","0","0","0","0","0","0","0","0","0","0"
"L83564","ATTR_SESSION","jenkins.websocket.WebSockets.ATTR_SESSION;Ljava/lang/String;","L83558","L103","C:\GIT\pris2\SourceMeter\Guille\jenkins-jenkins-2.328\core\src\main\java\jenkins\websocket\WebSockets.java","52","5","52","88","0","0","0","0","0","0","0","0","0","0","0","0","0","0","0","0","0","0","0","0","0","0","0","0"
"L83571","cl","jenkins.websocket.WebSockets.cl;Ljava/lang/ClassLoader;","L83558","L103","C:\GIT\pris2\SourceMeter\Guille\jenkins-jenkins-2.328\core\src\main\java\jenkins\websocket\WebSockets.java","77","5","77","35","0","0","0","0","0","0","0","0","0","0","0","0","0","0","0","0","0","0","0","0","0","0","0","0"
"L83572","webSocketServletFactoryClass","jenkins.websocket.WebSockets.webSocketServletFactoryClass;Ljava/lang/Class;","L83558","L103","C:\GIT\pris2\SourceMeter\Guille\jenkins-jenkins-2.328\core\src\main\java\jenkins\websocket\WebSockets.java","78","5","78","58","0","0","0","0","0","0","0","0","0","0","0","0","0","0","0","0","0","0","0","0","0","0","0","0"
"L83578","factory","jenkins.websocket.WebSockets.factory;Ljava/lang/Object;","L83558","L103","C:\GIT\pris2\SourceMeter\Guille\jenkins-jenkins-2.328\core\src\main\java\jenkins\websocket\WebSockets.java","97","5","97","55","0","0","0","0","0","0","0","0","0","0","0","0","0","0","0","0","0","0","0","0","0","0","0","0"
"L83590","PING_INTERVAL_SECONDS","jenkins.websocket.WebSocketSession.PING_INTERVAL_SECONDS;J","L2004","L103","C:\GIT\pris2\SourceMeter\Guille\jenkins-jenkins-2.328\core\src\main\java\jenkins\websocket\WebSocketSession.java","58","5","58","113","0","0","0","0","0","0","0","0","0","0","0","0","0","0","0","0","0","0","0","0","0","0","0","0"
"L83592","LOGGER","jenkins.websocket.WebSocketSession.LOGGER;Ljava/util/logging/Logger;","L2004","L103","C:\GIT\pris2\SourceMeter\Guille\jenkins-jenkins-2.328\core\src\main\java\jenkins\websocket\WebSocketSession.java","60","5","60","93","0","0","0","0","0","0","0","0","0","0","0","0","0","0","0","0","0","0","0","0","0","0","0","0"
"L83593","session","jenkins.websocket.WebSocketSession.session;Ljava/lang/Object;","L2004","L103","C:\GIT\pris2\SourceMeter\Guille\jenkins-jenkins-2.328\core\src\main\java\jenkins\websocket\WebSocketSession.java","62","5","62","28","0","0","0","0","0","0","0","0","0","0","0","0","0","0","0","0","0","0","0","0","0","0","0","0"
"L83594","remoteEndpoint","jenkins.websocket.WebSocketSession.remoteEndpoint;Ljava/lang/Object;","L2004","L103","C:\GIT\pris2\SourceMeter\Guille\jenkins-jenkins-2.328\core\src\main\java\jenkins\websocket\WebSocketSession.java","64","5","64","35","0","0","0","0","0","0","0","0","0","0","0","0","0","0","0","0","0","0","0","0","0","0","0","0"
"L83596","pings","jenkins.websocket.WebSocketSession.pings;Ljava/util/concurrent/ScheduledFuture;","L2004","L103","C:\GIT\pris2\SourceMeter\Guille\jenkins-jenkins-2.328\core\src\main\java\jenkins\websocket\WebSocketSession.java","65","5","65","38","0","0","0","0","0","0","0","0","0","0","0","0","0","0","0","0","0","0","0","0","0","0","0","0"
"L83669","entry","jenkins.widgets.HistoryPageEntry.entry;Ljava/lang/Object;","L63619","L103","C:\GIT\pris2\SourceMeter\Guille\jenkins-jenkins-2.328\core\src\main\java\jenkins\widgets\HistoryPageEntry.java","43","5","43","27","0","0","0","0","0","0","0","0","0","0","0","0","0","0","0","0","0","0","0","0","0","0","0","0"
"L83682","maxEntries","jenkins.widgets.HistoryPageFilter.maxEntries;I","L63557","L103","C:\GIT\pris2\SourceMeter\Guille\jenkins-jenkins-2.328\core\src\main\java\jenkins\widgets\HistoryPageFilter.java","53","5","53","34","0","0","0","0","0","0","0","0","0","0","0","0","0","0","0","0","0","0","0","0","0","0","0","0"
"L83683","newerThan","jenkins.widgets.HistoryPageFilter.newerThan;Ljava/lang/Long;","L63557","L103","C:\GIT\pris2\SourceMeter\Guille\jenkins-jenkins-2.328\core\src\main\java\jenkins\widgets\HistoryPageFilter.java","54","5","54","28","0","0","0","0","0","0","0","0","0","0","0","0","0","0","0","0","0","0","0","0","0","0","0","0"
"L83684","olderThan","jenkins.widgets.HistoryPageFilter.olderThan;Ljava/lang/Long;","L63557","L103","C:\GIT\pris2\SourceMeter\Guille\jenkins-jenkins-2.328\core\src\main\java\jenkins\widgets\HistoryPageFilter.java","55","5","55","28","0","0","0","0","0","0","0","0","0","0","0","0","0","0","0","0","0","0","0","0","0","0","0","0"
"L83685","searchString","jenkins.widgets.HistoryPageFilter.searchString;Ljava/lang/String;","L63557","L103","C:\GIT\pris2\SourceMeter\Guille\jenkins-jenkins-2.328\core\src\main\java\jenkins\widgets\HistoryPageFilter.java","56","5","56","33","0","0","0","0","0","0","0","0","0","0","0","0","0","0","0","0","0","0","0","0","0","0","0","0"
"L83686","queueItems","jenkins.widgets.HistoryPageFilter.queueItems;Ljava/util/List;","L63557","L103","C:\GIT\pris2\SourceMeter\Guille\jenkins-jenkins-2.328\core\src\main\java\jenkins\widgets\HistoryPageFilter.java","60","5","60","84","0","0","0","0","0","0","0","0","0","0","0","0","0","0","0","0","0","0","0","0","0","0","0","0"
"L63615","runs","jenkins.widgets.HistoryPageFilter.runs;Ljava/util/List;","L63557","L103","C:\GIT\pris2\SourceMeter\Guille\jenkins-jenkins-2.328\core\src\main\java\jenkins\widgets\HistoryPageFilter.java","61","5","61","71","0","0","0","0","0","0","0","0","0","0","0","0","0","0","0","0","0","0","0","0","0","0","0","0"
"L83707","hasUpPage","jenkins.widgets.HistoryPageFilter.hasUpPage;Z","L63557","L103","C:\GIT\pris2\SourceMeter\Guille\jenkins-jenkins-2.328\core\src\main\java\jenkins\widgets\HistoryPageFilter.java","63","5","64","38","0","0","0","0","0","0","0","0","0","0","0","0","0","0","0","0","0","0","0","0","0","0","0","0"
"L83708","hasDownPage","jenkins.widgets.HistoryPageFilter.hasDownPage;Z","L63557","L103","C:\GIT\pris2\SourceMeter\Guille\jenkins-jenkins-2.328\core\src\main\java\jenkins\widgets\HistoryPageFilter.java","65","5","66","40","0","0","0","0","0","0","0","0","0","0","0","0","0","0","0","0","0","0","0","0","0","0","0","0"
"L83709","nextBuildNumber","jenkins.widgets.HistoryPageFilter.nextBuildNumber;J","L63557","L103","C:\GIT\pris2\SourceMeter\Guille\jenkins-jenkins-2.328\core\src\main\java\jenkins\widgets\HistoryPageFilter.java","67","5","68","33","0","0","0","0","0","0","0","0","0","0","0","0","0","0","0","0","0","0","0","0","0","0","0","0"
"L63570","widget","jenkins.widgets.HistoryPageFilter.widget;Lhudson/widgets/HistoryWidget;","L63557","L103","C:\GIT\pris2\SourceMeter\Guille\jenkins-jenkins-2.328\core\src\main\java\jenkins\widgets\HistoryPageFilter.java","69","5","70","33","0","0","0","0","0","0","0","0","0","0","0","0","0","0","0","0","0","0","0","0","0","0","0","0"
"L83710","newestOnPage","jenkins.widgets.HistoryPageFilter.newestOnPage;J","L63557","L103","C:\GIT\pris2\SourceMeter\Guille\jenkins-jenkins-2.328\core\src\main\java\jenkins\widgets\HistoryPageFilter.java","72","5","72","47","0","0","0","0","0","0","0","0","0","0","0","0","0","0","0","0","0","0","0","0","0","0","0","0"
"L83711","oldestOnPage","jenkins.widgets.HistoryPageFilter.oldestOnPage;J","L63557","L103","C:\GIT\pris2\SourceMeter\Guille\jenkins-jenkins-2.328\core\src\main\java\jenkins\widgets\HistoryPageFilter.java","73","5","73","47","0","0","0","0","0","0","0","0","0","0","0","0","0","0","0","0","0","0","0","0","0","0","0","0"
"L83803","MAX_LIKELY_RUNS","jenkins.widgets.RunListProgressiveRendering.MAX_LIKELY_RUNS;D","L83643","L103","C:\GIT\pris2\SourceMeter\Guille\jenkins-jenkins-2.328\core\src\main\java\jenkins\widgets\RunListProgressiveRendering.java","49","5","49","54","0","0","0","0","0","0","0","0","0","0","0","0","0","0","0","0","0","0","0","0","0","0","0","0"
"L83805","results","jenkins.widgets.RunListProgressiveRendering.results;Ljava/util/List;","L83643","L103","C:\GIT\pris2\SourceMeter\Guille\jenkins-jenkins-2.328\core\src\main\java\jenkins\widgets\RunListProgressiveRendering.java","50","5","50","64","0","0","0","0","0","0","0","0","0","0","0","0","0","0","0","0","0","0","0","0","0","0","0","0"
"L83806","builds","jenkins.widgets.RunListProgressiveRendering.builds;Ljava/lang/Iterable;","L83643","L103","C:\GIT\pris2\SourceMeter\Guille\jenkins-jenkins-2.328\core\src\main\java\jenkins\widgets\RunListProgressiveRendering.java","51","5","51","50","0","0","0","0","0","0","0","0","0","0","0","0","0","0","0","0","0","0","0","0","0","0","0","0"
"L83957","r","jenkins.widgets.BuildListTableTest.r;LJenkinsRule;","L83955","L103","C:\GIT\pris2\SourceMeter\Guille\jenkins-jenkins-2.328\test\src\test\java\jenkins\widgets\BuildListTableTest.java","43","5","43","52","0","0","0","0","0","0","0","0","0","0","0","0","0","0","0","0","0","0","0","0","0","0","0","0"
"L83962","j","jenkins.widgets.BuildTimeTrendTest.j;LJenkinsRule;","L83960","L103","C:\GIT\pris2\SourceMeter\Guille\jenkins-jenkins-2.328\test\src\test\java\jenkins\widgets\BuildTimeTrendTest.java","63","5","64","46","0","0","0","0","0","0","0","0","0","0","0","0","0","0","0","0","0","0","0","0","0","0","0","0"
"L84028","TEST_USER_NAME","jenkins.widgets.HistoryPageFilterCaseSensitiveSearchTest.TEST_USER_NAME;Ljava/lang/String;","L84025","L103","C:\GIT\pris2\SourceMeter\Guille\jenkins-jenkins-2.328\test\src\test\java\jenkins\widgets\HistoryPageFilterCaseSensitiveSearchTest.java","31","5","31","61","0","0","0","0","0","0","0","0","0","0","0","0","0","0","0","0","0","0","0","0","0","0","0","0"
"L84029","j","jenkins.widgets.HistoryPageFilterCaseSensitiveSearchTest.j;LJenkinsRule;","L84025","L103","C:\GIT\pris2\SourceMeter\Guille\jenkins-jenkins-2.328\test\src\test\java\jenkins\widgets\HistoryPageFilterCaseSensitiveSearchTest.java","33","5","34","46","0","0","0","0","0","0","0","0","0","0","0","0","0","0","0","0","0","0","0","0","0","0","0","0"
"L84111","a","jenkins.ResilientJsonObjectTest$Foo.a;I","L84109","L103","C:\GIT\pris2\SourceMeter\Guille\jenkins-jenkins-2.328\core\src\test\java\jenkins\ResilientJsonObjectTest.java","13","31","13","44","0","0","0","0","0","0","0","0","0","0","0","0","0","0","0","0","0","0","0","0","0","0","0","0"
"L84168","j","jenkins.bugs.Jenkins19124Test.j;LJenkinsRule;","L84166","L103","C:\GIT\pris2\SourceMeter\Guille\jenkins-jenkins-2.328\test\src\test\java\jenkins\bugs\Jenkins19124Test.java","28","5","29","46","0","0","0","0","0","0","0","0","0","0","0","0","0","0","0","0","0","0","0","0","0","0","0","0"
"L84169","d","jenkins.bugs.Jenkins19124Test.d;Ljenkins/bugs/Jenkins19124Test$Foo$DescriptorImpl;","L84166","L103","C:\GIT\pris2\SourceMeter\Guille\jenkins-jenkins-2.328\test\src\test\java\jenkins\bugs\Jenkins19124Test.java","31","5","32","33","0","0","0","0","0","0","0","0","0","0","0","0","0","0","0","0","0","0","0","0","0","0","0","0"
"L84201","j","jenkins.bugs.Jenkins41511Test.j;LJenkinsRule;","L84198","L103","C:\GIT\pris2\SourceMeter\Guille\jenkins-jenkins-2.328\test\src\test\java\jenkins\bugs\Jenkins41511Test.java","18","5","19","46","0","0","0","0","0","0","0","0","0","0","0","0","0","0","0","0","0","0","0","0","0","0","0","0"
"L84208","j","jenkins.bugs.Jenkins64991Test.j;LJenkinsRule;","L84204","L103","C:\GIT\pris2\SourceMeter\Guille\jenkins-jenkins-2.328\test\src\test\java\jenkins\bugs\Jenkins64991Test.java","66","5","67","46","0","0","0","0","0","0","0","0","0","0","0","0","0","0","0","0","0","0","0","0","0","0","0","0"
"L84444","authentication","org.acegisecurity.AuthenticationException.authentication;Lorg/acegisecurity/Authentication;","L53850","L103","C:\GIT\pris2\SourceMeter\Guille\jenkins-jenkins-2.328\core\src\main\java\org\acegisecurity\AuthenticationException.java","38","5","38","43","0","0","0","0","0","0","0","0","0","0","0","0","0","0","0","0","0","0","0","0","0","0","0","0"
"L84445","extraInformation","org.acegisecurity.AuthenticationException.extraInformation;Ljava/lang/Object;","L53850","L103","C:\GIT\pris2\SourceMeter\Guille\jenkins-jenkins-2.328\core\src\main\java\org\acegisecurity\AuthenticationException.java","39","5","39","37","0","0","0","0","0","0","0","0","0","0","0","0","0","0","0","0","0","0","0","0","0","0","0","0"
"L84421","delegate","org.acegisecurity.AuthenticationSpringImpl.delegate;Lorg/acegisecurity/Authentication;","L84418","L103","C:\GIT\pris2\SourceMeter\Guille\jenkins-jenkins-2.328\core\src\main\java\org\acegisecurity\AuthenticationSpringImpl.java","33","5","33","35","0","0","0","0","0","0","0","0","0","0","0","0","0","0","0","0","0","0","0","0","0","0","0","0"
"L84629","serialVersionUID","org.acegisecurity.GrantedAuthorityImpl.serialVersionUID;J","L55929","L103","C:\GIT\pris2\SourceMeter\Guille\jenkins-jenkins-2.328\core\src\main\java\org\acegisecurity\GrantedAuthorityImpl.java","36","5","36","52","0","0","0","0","0","0","0","0","0","0","0","0","0","0","0","0","0","0","0","0","0","0","0","0"
"L84630","role","org.acegisecurity.GrantedAuthorityImpl.role;Ljava/lang/String;","L55929","L103","C:\GIT\pris2\SourceMeter\Guille\jenkins-jenkins-2.328\core\src\main\java\org\acegisecurity\GrantedAuthorityImpl.java","38","5","38","31","0","0","0","0","0","0","0","0","0","0","0","0","0","0","0","0","0","0","0","0","0","0","0","0"
"L86233","j","lib.form.AdvancedButtonTest.j;LJenkinsRule;","L86230","L103","C:\GIT\pris2\SourceMeter\Guille\jenkins-jenkins-2.328\test\src\test\java\lib\form\AdvancedButtonTest.java","28","5","28","52","0","0","0","0","0","0","0","0","0","0","0","0","0","0","0","0","0","0","0","0","0","0","0","0"
"L86244","j","lib.form.ApplyButtonTest.j;LJenkinsRule;","L86242","L103","C:\GIT\pris2\SourceMeter\Guille\jenkins-jenkins-2.328\test\src\test\java\lib\form\ApplyButtonTest.java","19","5","20","46","0","0","0","0","0","0","0","0","0","0","0","0","0","0","0","0","0","0","0","0","0","0","0","0"
"L86253","j","lib.form.ComboBoxTest.j;LJenkinsRule;","L86250","L103","C:\GIT\pris2\SourceMeter\Guille\jenkins-jenkins-2.328\test\src\test\java\lib\form\ComboBoxTest.java","57","5","57","52","0","0","0","0","0","0","0","0","0","0","0","0","0","0","0","0","0","0","0","0","0","0","0","0"
"L86322","j","lib.form.DropdownListTest.j;LJenkinsRule;","L86319","L103","C:\GIT\pris2\SourceMeter\Guille\jenkins-jenkins-2.328\test\src\test\java\lib\form\DropdownListTest.java","20","5","20","52","0","0","0","0","0","0","0","0","0","0","0","0","0","0","0","0","0","0","0","0","0","0","0","0"
"L86333","j","lib.form.EnumSetTest.j;LJenkinsRule;","L86330","L103","C:\GIT\pris2\SourceMeter\Guille\jenkins-jenkins-2.328\test\src\test\java\lib\form\EnumSetTest.java","25","5","25","52","0","0","0","0","0","0","0","0","0","0","0","0","0","0","0","0","0","0","0","0","0","0","0","0"
"L86364","rule","lib.form.EnumTest.rule;LJenkinsRule;","L86362","L103","C:\GIT\pris2\SourceMeter\Guille\jenkins-jenkins-2.328\test\src\test\java\lib\form\EnumTest.java","23","5","24","49","0","0","0","0","0","0","0","0","0","0","0","0","0","0","0","0","0","0","0","0","0","0","0","0"
"L86397","j","lib.form.ExpandableTextboxTest.j;LJenkinsRule;","L86394","L103","C:\GIT\pris2\SourceMeter\Guille\jenkins-jenkins-2.328\test\src\test\java\lib\form\ExpandableTextboxTest.java","60","5","61","46","0","0","0","0","0","0","0","0","0","0","0","0","0","0","0","0","0","0","0","0","0","0","0","0"
"L86440","j","lib.form.FormTest.j;LJenkinsRule;","L86437","L103","C:\GIT\pris2\SourceMeter\Guille\jenkins-jenkins-2.328\test\src\test\java\lib\form\FormTest.java","24","5","25","46","0","0","0","0","0","0","0","0","0","0","0","0","0","0","0","0","0","0","0","0","0","0","0","0"
"L86456","j","lib.form.HeteroListTest.j;LJenkinsRule;","L86454","L103","C:\GIT\pris2\SourceMeter\Guille\jenkins-jenkins-2.328\test\src\test\java\lib\form\HeteroListTest.java","62","5","63","46","0","0","0","0","0","0","0","0","0","0","0","0","0","0","0","0","0","0","0","0","0","0","0","0"
"L86528","r","lib.form.NameRefTest.r;LJenkinsRule;","L86525","L103","C:\GIT\pris2\SourceMeter\Guille\jenkins-jenkins-2.328\test\src\test\java\lib\form\NameRefTest.java","43","5","43","61","0","0","0","0","0","0","0","0","0","0","0","0","0","0","0","0","0","0","0","0","0","0","0","0"
"L86540","j","lib.form.NumberTest.j;LJenkinsRule;","L86537","L103","C:\GIT\pris2\SourceMeter\Guille\jenkins-jenkins-2.328\test\src\test\java\lib\form\NumberTest.java","25","5","26","46","0","0","0","0","0","0","0","0","0","0","0","0","0","0","0","0","0","0","0","0","0","0","0","0"
"L86562","MODE_JELLY_REGULAR","lib.form.OptionTest.MODE_JELLY_REGULAR;I","L86559","L103","C:\GIT\pris2\SourceMeter\Guille\jenkins-jenkins-2.328\test\src\test\java\lib\form\OptionTest.java","47","5","47","53","0","0","0","0","0","0","0","0","0","0","0","0","0","0","0","0","0","0","0","0","0","0","0","0"
"L86563","MODE_JELLY_FORCE_RAW","lib.form.OptionTest.MODE_JELLY_FORCE_RAW;I","L86559","L103","C:\GIT\pris2\SourceMeter\Guille\jenkins-jenkins-2.328\test\src\test\java\lib\form\OptionTest.java","48","5","48","55","0","0","0","0","0","0","0","0","0","0","0","0","0","0","0","0","0","0","0","0","0","0","0","0"
"L86564","MODE_GROOVY_REGULAR","lib.form.OptionTest.MODE_GROOVY_REGULAR;I","L86559","L103","C:\GIT\pris2\SourceMeter\Guille\jenkins-jenkins-2.328\test\src\test\java\lib\form\OptionTest.java","50","5","50","54","0","0","0","0","0","0","0","0","0","0","0","0","0","0","0","0","0","0","0","0","0","0","0","0"
"L86565","MODE_GROOVY_TEXT","lib.form.OptionTest.MODE_GROOVY_TEXT;I","L86559","L103","C:\GIT\pris2\SourceMeter\Guille\jenkins-jenkins-2.328\test\src\test\java\lib\form\OptionTest.java","51","5","51","51","0","0","0","0","0","0","0","0","0","0","0","0","0","0","0","0","0","0","0","0","0","0","0","0"
"L86566","MODE_XML_ESCAPE","lib.form.OptionTest.MODE_XML_ESCAPE;I","L86559","L103","C:\GIT\pris2\SourceMeter\Guille\jenkins-jenkins-2.328\test\src\test\java\lib\form\OptionTest.java","53","5","53","50","0","0","0","0","0","0","0","0","0","0","0","0","0","0","0","0","0","0","0","0","0","0","0","0"
"L86567","MODE_NATIVE_OPTION","lib.form.OptionTest.MODE_NATIVE_OPTION;I","L86559","L103","C:\GIT\pris2\SourceMeter\Guille\jenkins-jenkins-2.328\test\src\test\java\lib\form\OptionTest.java","54","5","54","53","0","0","0","0","0","0","0","0","0","0","0","0","0","0","0","0","0","0","0","0","0","0","0","0"
"L86568","j","lib.form.OptionTest.j;LJenkinsRule;","L86559","L103","C:\GIT\pris2\SourceMeter\Guille\jenkins-jenkins-2.328\test\src\test\java\lib\form\OptionTest.java","56","5","57","46","0","0","0","0","0","0","0","0","0","0","0","0","0","0","0","0","0","0","0","0","0","0","0","0"
"L86713","j","lib.form.PasswordTest.j;LJenkinsRule;","L86711","L103","C:\GIT\pris2\SourceMeter\Guille\jenkins-jenkins-2.328\test\src\test\java\lib\form\PasswordTest.java","93","5","94","46","0","0","0","0","0","0","0","0","0","0","0","0","0","0","0","0","0","0","0","0","0","0","0","0"
"L86887","j","lib.form.RepeatablePropertyTest.j;LJenkinsRule;","L86885","L103","C:\GIT\pris2\SourceMeter\Guille\jenkins-jenkins-2.328\test\src\test\java\lib\form\RepeatablePropertyTest.java","59","5","59","52","0","0","0","0","0","0","0","0","0","0","0","0","0","0","0","0","0","0","0","0","0","0","0","0"
"L86888","VIEW_WITHOUT_DEFAULT","lib.form.RepeatablePropertyTest.VIEW_WITHOUT_DEFAULT;Ljava/lang/String;","L86885","L103","C:\GIT\pris2\SourceMeter\Guille\jenkins-jenkins-2.328\test\src\test\java\lib\form\RepeatablePropertyTest.java","61","5","61","68","0","0","0","0","0","0","0","0","0","0","0","0","0","0","0","0","0","0","0","0","0","0","0","0"
"L86889","VIEW_WITH_DEFAULT","lib.form.RepeatablePropertyTest.VIEW_WITH_DEFAULT;Ljava/lang/String;","L86885","L103","C:\GIT\pris2\SourceMeter\Guille\jenkins-jenkins-2.328\test\src\test\java\lib\form\RepeatablePropertyTest.java","62","5","62","67","0","0","0","0","0","0","0","0","0","0","0","0","0","0","0","0","0","0","0","0","0","0","0","0"
"L86890","rootAction","lib.form.RepeatablePropertyTest.rootAction;Llib/form/RepeatablePropertyTest$RootActionImpl;","L86885","L103","C:\GIT\pris2\SourceMeter\Guille\jenkins-jenkins-2.328\test\src\test\java\lib\form\RepeatablePropertyTest.java","64","5","64","39","0","0","0","0","0","0","0","0","0","0","0","0","0","0","0","0","0","0","0","0","0","0","0","0"
"L86993","j","lib.form.RepeatableTest.j;LJenkinsRule;","L86990","L103","C:\GIT\pris2\SourceMeter\Guille\jenkins-jenkins-2.328\test\src\test\java\lib\form\RepeatableTest.java","66","5","66","52","0","0","0","0","0","0","0","0","0","0","0","0","0","0","0","0","0","0","0","0","0","0","0","0"
"L86994","rootAction","lib.form.RepeatableTest.rootAction;Llib/form/RepeatableTest$RootActionImpl;","L86990","L103","C:\GIT\pris2\SourceMeter\Guille\jenkins-jenkins-2.328\test\src\test\java\lib\form\RepeatableTest.java","68","5","68","39","0","0","0","0","0","0","0","0","0","0","0","0","0","0","0","0","0","0","0","0","0","0","0","0"
"L87191","j","lib.form.RowSetTest.j;LJenkinsRule;","L87188","L103","C:\GIT\pris2\SourceMeter\Guille\jenkins-jenkins-2.328\test\src\test\java\lib\form\RowSetTest.java","19","5","20","46","0","0","0","0","0","0","0","0","0","0","0","0","0","0","0","0","0","0","0","0","0","0","0","0"
"L87202","j","lib.form.RowVisibilityGroupTest.j;LJenkinsRule;","L87199","L103","C:\GIT\pris2\SourceMeter\Guille\jenkins-jenkins-2.328\test\src\test\java\lib\form\RowVisibilityGroupTest.java","48","5","48","52","0","0","0","0","0","0","0","0","0","0","0","0","0","0","0","0","0","0","0","0","0","0","0","0"
"L87271","project","lib.form.SecretTextareaTest.project;Lhudson/model/Project;","L87269","L103","C:\GIT\pris2\SourceMeter\Guille\jenkins-jenkins-2.328\test\src\test\java\lib\form\SecretTextareaTest.java","52","5","52","35","0","0","0","0","0","0","0","0","0","0","0","0","0","0","0","0","0","0","0","0","0","0","0","0"
"L87272","wc","lib.form.SecretTextareaTest.wc;LWebClient;","L87269","L103","C:\GIT\pris2\SourceMeter\Guille\jenkins-jenkins-2.328\test\src\test\java\lib\form\SecretTextareaTest.java","53","5","53","26","0","0","0","0","0","0","0","0","0","0","0","0","0","0","0","0","0","0","0","0","0","0","0","0"
"L87273","j","lib.form.SecretTextareaTest.j;LJenkinsRule;","L87269","L103","C:\GIT\pris2\SourceMeter\Guille\jenkins-jenkins-2.328\test\src\test\java\lib\form\SecretTextareaTest.java","55","5","55","52","0","0","0","0","0","0","0","0","0","0","0","0","0","0","0","0","0","0","0","0","0","0","0","0"
"L87327","j","lib.form.TextAreaTest.j;LJenkinsRule;","L87325","L103","C:\GIT\pris2\SourceMeter\Guille\jenkins-jenkins-2.328\test\src\test\java\lib\form\TextAreaTest.java","21","5","22","46","0","0","0","0","0","0","0","0","0","0","0","0","0","0","0","0","0","0","0","0","0","0","0","0"
"L87328","d","lib.form.TextAreaTest.d;Llib/form/TextAreaTest$TestBuilder$DescriptorImpl;","L87325","L103","C:\GIT\pris2\SourceMeter\Guille\jenkins-jenkins-2.328\test\src\test\java\lib\form\TextAreaTest.java","24","5","25","41","0","0","0","0","0","0","0","0","0","0","0","0","0","0","0","0","0","0","0","0","0","0","0","0"
"L87370","j","lib.form.ValidateButtonTest.j;LJenkinsRule;","L87367","L103","C:\GIT\pris2\SourceMeter\Guille\jenkins-jenkins-2.328\test\src\test\java\lib\form\ValidateButtonTest.java","67","5","68","46","0","0","0","0","0","0","0","0","0","0","0","0","0","0","0","0","0","0","0","0","0","0","0","0"
"L87468","j","lib.hudson.ActionsTest.j;LJenkinsRule;","L87465","L103","C:\GIT\pris2\SourceMeter\Guille\jenkins-jenkins-2.328\test\src\test\java\lib\hudson\ActionsTest.java","41","5","42","46","0","0","0","0","0","0","0","0","0","0","0","0","0","0","0","0","0","0","0","0","0","0","0","0"
"L87476","j","lib.hudson.ListScmBrowsersTest.j;LJenkinsRule;","L87473","L103","C:\GIT\pris2\SourceMeter\Guille\jenkins-jenkins-2.328\test\src\test\java\lib\hudson\ListScmBrowsersTest.java","25","5","26","46","0","0","0","0","0","0","0","0","0","0","0","0","0","0","0","0","0","0","0","0","0","0","0","0"
"L87495","r","lib.layout.AjaxTest.r;LJenkinsRule;","L87493","L103","C:\GIT\pris2\SourceMeter\Guille\jenkins-jenkins-2.328\test\src\test\java\lib\layout\AjaxTest.java","39","5","40","46","0","0","0","0","0","0","0","0","0","0","0","0","0","0","0","0","0","0","0","0","0","0","0","0"
"L87503","j","lib.layout.ConfirmationLinkTest.j;LJenkinsRule;","L87501","L103","C:\GIT\pris2\SourceMeter\Guille\jenkins-jenkins-2.328\test\src\test\java\lib\layout\ConfirmationLinkTest.java","51","5","52","46","0","0","0","0","0","0","0","0","0","0","0","0","0","0","0","0","0","0","0","0","0","0","0","0"
"L87504","hrefPayload","lib.layout.ConfirmationLinkTest.hrefPayload;Ljava/lang/String;","L87501","L103","C:\GIT\pris2\SourceMeter\Guille\jenkins-jenkins-2.328\test\src\test\java\lib\layout\ConfirmationLinkTest.java","54","5","54","77","0","0","0","0","0","0","0","0","0","0","0","0","0","0","0","0","0","0","0","0","0","0","0","0"
"L87505","messagePayload","lib.layout.ConfirmationLinkTest.messagePayload;Ljava/lang/String;","L87501","L103","C:\GIT\pris2\SourceMeter\Guille\jenkins-jenkins-2.328\test\src\test\java\lib\layout\ConfirmationLinkTest.java","55","5","55","80","0","0","0","0","0","0","0","0","0","0","0","0","0","0","0","0","0","0","0","0","0","0","0","0"
"L87506","postPayload","lib.layout.ConfirmationLinkTest.postPayload;Ljava/lang/String;","L87501","L103","C:\GIT\pris2\SourceMeter\Guille\jenkins-jenkins-2.328\test\src\test\java\lib\layout\ConfirmationLinkTest.java","56","5","56","73","0","0","0","0","0","0","0","0","0","0","0","0","0","0","0","0","0","0","0","0","0","0","0","0"
"L87556","j","lib.layout.IconTest.j;LJenkinsRule;","L87553","L103","C:\GIT\pris2\SourceMeter\Guille\jenkins-jenkins-2.328\test\src\test\java\lib\layout\IconTest.java","59","5","60","46","0","0","0","0","0","0","0","0","0","0","0","0","0","0","0","0","0","0","0","0","0","0","0","0"
"L87607","r","lib.layout.LayoutTest.r;LJenkinsRule;","L87605","L103","C:\GIT\pris2\SourceMeter\Guille\jenkins-jenkins-2.328\test\src\test\java\lib\layout\LayoutTest.java","37","5","37","52","0","0","0","0","0","0","0","0","0","0","0","0","0","0","0","0","0","0","0","0","0","0","0","0"
"L87613","j","lib.layout.RenderOnDemandTest.j;LJenkinsRule;","L87610","L103","C:\GIT\pris2\SourceMeter\Guille\jenkins-jenkins-2.328\test\src\test\java\lib\layout\RenderOnDemandTest.java","49","5","49","52","0","0","0","0","0","0","0","0","0","0","0","0","0","0","0","0","0","0","0","0","0","0","0","0"
"L87625","j","lib.layout.StopButtonTest.j;LJenkinsRule;","L87623","L103","C:\GIT\pris2\SourceMeter\Guille\jenkins-jenkins-2.328\test\src\test\java\lib\layout\StopButtonTest.java","49","5","50","46","0","0","0","0","0","0","0","0","0","0","0","0","0","0","0","0","0","0","0","0","0","0","0","0"
"L87626","hrefPayload","lib.layout.StopButtonTest.hrefPayload;Ljava/lang/String;","L87623","L103","C:\GIT\pris2\SourceMeter\Guille\jenkins-jenkins-2.328\test\src\test\java\lib\layout\StopButtonTest.java","52","5","52","79","0","0","0","0","0","0","0","0","0","0","0","0","0","0","0","0","0","0","0","0","0","0","0","0"
"L87627","postPayload","lib.layout.StopButtonTest.postPayload;Ljava/lang/String;","L87623","L103","C:\GIT\pris2\SourceMeter\Guille\jenkins-jenkins-2.328\test\src\test\java\lib\layout\StopButtonTest.java","53","5","53","79","0","0","0","0","0","0","0","0","0","0","0","0","0","0","0","0","0","0","0","0","0","0","0","0"
"L87664","j","lib.layout.SvgIconTest.j;LJenkinsRule;","L87662","L103","C:\GIT\pris2\SourceMeter\Guille\jenkins-jenkins-2.328\test\src\test\java\lib\layout\SvgIconTest.java","47","5","48","46","0","0","0","0","0","0","0","0","0","0","0","0","0","0","0","0","0","0","0","0","0","0","0","0"
"L87689","j","lib.layout.TaskTest.j;LJenkinsRule;","L87687","L103","C:\GIT\pris2\SourceMeter\Guille\jenkins-jenkins-2.328\test\src\test\java\lib\layout\TaskTest.java","45","5","45","52","0","0","0","0","0","0","0","0","0","0","0","0","0","0","0","0","0","0","0","0","0","0","0","0"
"L87694","postLink","lib.layout.TaskTest.postLink;Llib/layout/TaskTest$MockAction;","L87687","L103","C:\GIT\pris2\SourceMeter\Guille\jenkins-jenkins-2.328\test\src\test\java\lib\layout\TaskTest.java","54","5","54","91","0","0","0","0","0","0","0","0","0","0","0","0","0","0","0","0","0","0","0","0","0","0","0","0"
"L409","HTTP","hudson.cli.CLI$Mode.HTTP;Lhudson/cli/CLI$Mode;","L399","L103","C:\GIT\pris2\SourceMeter\Guille\jenkins-jenkins-2.328\cli\src\main\java\hudson\cli\CLI.java","111","25","111","29","0","0","0","0","0","0","0","0","0","0","0","0","0","0","0","0","0","0","0","0","0","0","0","0"
"L410","SSH","hudson.cli.CLI$Mode.SSH;Lhudson/cli/CLI$Mode;","L399","L103","C:\GIT\pris2\SourceMeter\Guille\jenkins-jenkins-2.328\cli\src\main\java\hudson\cli\CLI.java","111","31","111","34","0","0","0","0","0","0","0","0","0","0","0","0","0","0","0","0","0","0","0","0","0","0","0","0"
"L411","WEB_SOCKET","hudson.cli.CLI$Mode.WEB_SOCKET;Lhudson/cli/CLI$Mode;","L399","L103","C:\GIT\pris2\SourceMeter\Guille\jenkins-jenkins-2.328\cli\src\main\java\hudson\cli\CLI.java","111","36","111","46","0","0","0","0","0","0","0","0","0","0","0","0","0","0","0","0","0","0","0","0","0","0","0","0"
"L719","complete","hudson.cli.CLI$ClientSideImpl.complete;Z","L645","L103","C:\GIT\pris2\SourceMeter\Guille\jenkins-jenkins-2.328\cli\src\main\java\hudson\cli\CLI.java","413","9","413","35","0","0","0","0","0","0","0","0","0","0","0","0","0","0","0","0","0","0","0","0","0","0","0","0"
"L724","exit","hudson.cli.CLI$ClientSideImpl.exit;I","L645","L103","C:\GIT\pris2\SourceMeter\Guille\jenkins-jenkins-2.328\cli\src\main\java\hudson\cli\CLI.java","414","9","414","31","0","0","0","0","0","0","0","0","0","0","0","0","0","0","0","0","0","0","0","0","0","0","0","0"
"L983","data","hudson.cli.FlightRecorderInputStream$ByteArrayRingBuffer.data;[B","L906","L103","C:\GIT\pris2\SourceMeter\Guille\jenkins-jenkins-2.328\cli\src\main\java\hudson\cli\FlightRecorderInputStream.java","131","9","131","21","0","0","0","0","0","0","0","0","0","0","0","0","0","0","0","0","0","0","0","0","0","0","0","0"
"L984","capacity","hudson.cli.FlightRecorderInputStream$ByteArrayRingBuffer.capacity;I","L906","L103","C:\GIT\pris2\SourceMeter\Guille\jenkins-jenkins-2.328\cli\src\main\java\hudson\cli\FlightRecorderInputStream.java","133","9","133","22","0","0","0","0","0","0","0","0","0","0","0","0","0","0","0","0","0","0","0","0","0","0","0","0"
"L985","pos","hudson.cli.FlightRecorderInputStream$ByteArrayRingBuffer.pos;I","L906","L103","C:\GIT\pris2\SourceMeter\Guille\jenkins-jenkins-2.328\cli\src\main\java\hudson\cli\FlightRecorderInputStream.java","133","9","133","31","0","0","0","0","0","0","0","0","0","0","0","0","0","0","0","0","0","0","0","0","0","0","0","0"
"L986","filled","hudson.cli.FlightRecorderInputStream$ByteArrayRingBuffer.filled;Z","L906","L103","C:\GIT\pris2\SourceMeter\Guille\jenkins-jenkins-2.328\cli\src\main\java\hudson\cli\FlightRecorderInputStream.java","135","9","135","32","0","0","0","0","0","0","0","0","0","0","0","0","0","0","0","0","0","0","0","0","0","0","0","0"
"L1108","ARG","hudson.cli.PlainCLIProtocol$Op.ARG;Lhudson/cli/PlainCLIProtocol$Op;","L1101","L103","C:\GIT\pris2\SourceMeter\Guille\jenkins-jenkins-2.328\cli\src\main\java\hudson\cli\PlainCLIProtocol.java","57","9","57","18","0","0","0","0","0","0","0","0","0","0","0","0","0","0","0","0","0","0","0","0","0","0","0","0"
"L1110","LOCALE","hudson.cli.PlainCLIProtocol$Op.LOCALE;Lhudson/cli/PlainCLIProtocol$Op;","L1101","L103","C:\GIT\pris2\SourceMeter\Guille\jenkins-jenkins-2.328\cli\src\main\java\hudson\cli\PlainCLIProtocol.java","59","9","59","21","0","0","0","0","0","0","0","0","0","0","0","0","0","0","0","0","0","0","0","0","0","0","0","0"
"L1112","ENCODING","hudson.cli.PlainCLIProtocol$Op.ENCODING;Lhudson/cli/PlainCLIProtocol$Op;","L1101","L103","C:\GIT\pris2\SourceMeter\Guille\jenkins-jenkins-2.328\cli\src\main\java\hudson\cli\PlainCLIProtocol.java","61","9","61","23","0","0","0","0","0","0","0","0","0","0","0","0","0","0","0","0","0","0","0","0","0","0","0","0"
"L1114","START","hudson.cli.PlainCLIProtocol$Op.START;Lhudson/cli/PlainCLIProtocol$Op;","L1101","L103","C:\GIT\pris2\SourceMeter\Guille\jenkins-jenkins-2.328\cli\src\main\java\hudson\cli\PlainCLIProtocol.java","63","9","63","20","0","0","0","0","0","0","0","0","0","0","0","0","0","0","0","0","0","0","0","0","0","0","0","0"
"L1116","EXIT","hudson.cli.PlainCLIProtocol$Op.EXIT;Lhudson/cli/PlainCLIProtocol$Op;","L1101","L103","C:\GIT\pris2\SourceMeter\Guille\jenkins-jenkins-2.328\cli\src\main\java\hudson\cli\PlainCLIProtocol.java","65","9","65","20","0","0","0","0","0","0","0","0","0","0","0","0","0","0","0","0","0","0","0","0","0","0","0","0"
"L1118","STDIN","hudson.cli.PlainCLIProtocol$Op.STDIN;Lhudson/cli/PlainCLIProtocol$Op;","L1101","L103","C:\GIT\pris2\SourceMeter\Guille\jenkins-jenkins-2.328\cli\src\main\java\hudson\cli\PlainCLIProtocol.java","67","9","67","20","0","0","0","0","0","0","0","0","0","0","0","0","0","0","0","0","0","0","0","0","0","0","0","0"
"L1120","END_STDIN","hudson.cli.PlainCLIProtocol$Op.END_STDIN;Lhudson/cli/PlainCLIProtocol$Op;","L1101","L103","C:\GIT\pris2\SourceMeter\Guille\jenkins-jenkins-2.328\cli\src\main\java\hudson\cli\PlainCLIProtocol.java","69","9","69","24","0","0","0","0","0","0","0","0","0","0","0","0","0","0","0","0","0","0","0","0","0","0","0","0"
"L1122","STDOUT","hudson.cli.PlainCLIProtocol$Op.STDOUT;Lhudson/cli/PlainCLIProtocol$Op;","L1101","L103","C:\GIT\pris2\SourceMeter\Guille\jenkins-jenkins-2.328\cli\src\main\java\hudson\cli\PlainCLIProtocol.java","71","9","71","22","0","0","0","0","0","0","0","0","0","0","0","0","0","0","0","0","0","0","0","0","0","0","0","0"
"L1124","STDERR","hudson.cli.PlainCLIProtocol$Op.STDERR;Lhudson/cli/PlainCLIProtocol$Op;","L1101","L103","C:\GIT\pris2\SourceMeter\Guille\jenkins-jenkins-2.328\cli\src\main\java\hudson\cli\PlainCLIProtocol.java","73","9","73","22","0","0","0","0","0","0","0","0","0","0","0","0","0","0","0","0","0","0","0","0","0","0","0","0"
"L1126","clientSide","hudson.cli.PlainCLIProtocol$Op.clientSide;Z","L1101","L103","C:\GIT\pris2\SourceMeter\Guille\jenkins-jenkins-2.328\cli\src\main\java\hudson\cli\PlainCLIProtocol.java","75","9","75","34","0","0","0","0","0","0","0","0","0","0","0","0","0","0","0","0","0","0","0","0","0","0","0","0"
"L1140","dos","hudson.cli.PlainCLIProtocol$FramedOutput.dos;Ljava/io/DataOutputStream;","L681","L103","C:\GIT\pris2\SourceMeter\Guille\jenkins-jenkins-2.328\cli\src\main\java\hudson\cli\PlainCLIProtocol.java","87","9","87","44","0","0","0","0","0","0","0","0","0","0","0","0","0","0","0","0","0","0","0","0","0","0","0","0"
"L1157","side","hudson.cli.PlainCLIProtocol$FramedReader.side;Lhudson/cli/PlainCLIProtocol$EitherSide;","L694","L103","C:\GIT\pris2\SourceMeter\Guille\jenkins-jenkins-2.328\cli\src\main\java\hudson\cli\PlainCLIProtocol.java","109","9","109","39","0","0","0","0","0","0","0","0","0","0","0","0","0","0","0","0","0","0","0","0","0","0","0","0"
"L1161","cis","hudson.cli.PlainCLIProtocol$FramedReader.cis;LCountingInputStream;","L694","L103","C:\GIT\pris2\SourceMeter\Guille\jenkins-jenkins-2.328\cli\src\main\java\hudson\cli\PlainCLIProtocol.java","110","9","110","47","0","0","0","0","0","0","0","0","0","0","0","0","0","0","0","0","0","0","0","0","0","0","0","0"
"L1162","flightRecorder","hudson.cli.PlainCLIProtocol$FramedReader.flightRecorder;Lhudson/cli/FlightRecorderInputStream;","L694","L103","C:\GIT\pris2\SourceMeter\Guille\jenkins-jenkins-2.328\cli\src\main\java\hudson\cli\PlainCLIProtocol.java","111","9","111","64","0","0","0","0","0","0","0","0","0","0","0","0","0","0","0","0","0","0","0","0","0","0","0","0"
"L1165","dis","hudson.cli.PlainCLIProtocol$FramedReader.dis;Ljava/io/DataInputStream;","L694","L103","C:\GIT\pris2\SourceMeter\Guille\jenkins-jenkins-2.328\cli\src\main\java\hudson\cli\PlainCLIProtocol.java","112","9","112","43","0","0","0","0","0","0","0","0","0","0","0","0","0","0","0","0","0","0","0","0","0","0","0","0"
"L1201","out","hudson.cli.PlainCLIProtocol$EitherSide.out;Lhudson/cli/PlainCLIProtocol$Output;","L1158","L103","C:\GIT\pris2\SourceMeter\Guille\jenkins-jenkins-2.328\cli\src\main\java\hudson\cli\PlainCLIProtocol.java","178","9","178","34","0","0","0","0","0","0","0","0","0","0","0","0","0","0","0","0","0","0","0","0","0","0","0","0"
"L1899","startedBy","hudson.cli.BuildCommand$CLICause.startedBy;Ljava/lang/String;","L1840","L103","C:\GIT\pris2\SourceMeter\Guille\jenkins-jenkins-2.328\core\src\main\java\hudson\cli\BuildCommand.java","242","9","242","34","0","0","0","0","0","0","0","0","0","0","0","0","0","0","0","0","0","0","0","0","0","0","0","0"
"L2071","runningThread","hudson.cli.CLIAction$ServerSideImpl.runningThread;Ljava/lang/Thread;","L2013","L103","C:\GIT\pris2\SourceMeter\Guille\jenkins-jenkins-2.328\core\src\main\java\hudson\cli\CLIAction.java","206","9","206","38","0","0","0","0","0","0","0","0","0","0","0","0","0","0","0","0","0","0","0","0","0","0","0","0"
"L2072","ready","hudson.cli.CLIAction$ServerSideImpl.ready;Z","L2013","L103","C:\GIT\pris2\SourceMeter\Guille\jenkins-jenkins-2.328\core\src\main\java\hudson\cli\CLIAction.java","207","9","207","31","0","0","0","0","0","0","0","0","0","0","0","0","0","0","0","0","0","0","0","0","0","0","0","0"
"L2073","args","hudson.cli.CLIAction$ServerSideImpl.args;Ljava/util/List;","L2013","L103","C:\GIT\pris2\SourceMeter\Guille\jenkins-jenkins-2.328\core\src\main\java\hudson\cli\CLIAction.java","208","9","208","61","0","0","0","0","0","0","0","0","0","0","0","0","0","0","0","0","0","0","0","0","0","0","0","0"
"L2077","locale","hudson.cli.CLIAction$ServerSideImpl.locale;Ljava/util/Locale;","L2013","L103","C:\GIT\pris2\SourceMeter\Guille\jenkins-jenkins-2.328\core\src\main\java\hudson\cli\CLIAction.java","209","9","209","53","0","0","0","0","0","0","0","0","0","0","0","0","0","0","0","0","0","0","0","0","0","0","0","0"
"L2081","encoding","hudson.cli.CLIAction$ServerSideImpl.encoding;Ljava/nio/charset/Charset;","L2013","L103","C:\GIT\pris2\SourceMeter\Guille\jenkins-jenkins-2.328\core\src\main\java\hudson\cli\CLIAction.java","210","9","210","61","0","0","0","0","0","0","0","0","0","0","0","0","0","0","0","0","0","0","0","0","0","0","0","0"
"L2085","stdin","hudson.cli.CLIAction$ServerSideImpl.stdin;Ljava/io/PipedInputStream;","L2013","L103","C:\GIT\pris2\SourceMeter\Guille\jenkins-jenkins-2.328\core\src\main\java\hudson\cli\CLIAction.java","211","9","211","71","0","0","0","0","0","0","0","0","0","0","0","0","0","0","0","0","0","0","0","0","0","0","0","0"
"L2086","stdinMatch","hudson.cli.CLIAction$ServerSideImpl.stdinMatch;Ljava/io/PipedOutputStream;","L2013","L103","C:\GIT\pris2\SourceMeter\Guille\jenkins-jenkins-2.328\core\src\main\java\hudson\cli\CLIAction.java","212","9","212","78","0","0","0","0","0","0","0","0","0","0","0","0","0","0","0","0","0","0","0","0","0","0","0","0"
"L2087","authentication","hudson.cli.CLIAction$ServerSideImpl.authentication;LAuthentication;","L2013","L103","C:\GIT\pris2\SourceMeter\Guille\jenkins-jenkins-2.328\core\src\main\java\hudson\cli\CLIAction.java","213","9","213","53","0","0","0","0","0","0","0","0","0","0","0","0","0","0","0","0","0","0","0","0","0","0","0","0"
"L2929","LOGGER","hudson.cli.declarative.CLIRegisterer.LOGGER;Ljava/util/logging/Logger;","L2859","L103","C:\GIT\pris2\SourceMeter\Guille\jenkins-jenkins-2.328\core\src\main\java\hudson\cli\declarative\CLIRegisterer.java","300","5","300","90","0","0","0","0","0","0","0","0","0","0","0","0","0","0","0","0","0","0","0","0","0","0","0","0"
"L3039","command","hudson.cli.declarative.MethodBinder.command;Lhudson/cli/CLICommand;","L2959","L103","C:\GIT\pris2\SourceMeter\Guille\jenkins-jenkins-2.328\core\src\main\java\hudson\cli\declarative\MethodBinder.java","52","5","52","38","0","0","0","0","0","0","0","0","0","0","0","0","0","0","0","0","0","0","0","0","0","0","0","0"
"L3040","method","hudson.cli.declarative.MethodBinder.method;Ljava/lang/reflect/Method;","L2959","L103","C:\GIT\pris2\SourceMeter\Guille\jenkins-jenkins-2.328\core\src\main\java\hudson\cli\declarative\MethodBinder.java","53","5","53","33","0","0","0","0","0","0","0","0","0","0","0","0","0","0","0","0","0","0","0","0","0","0","0","0"
"L3041","arguments","hudson.cli.declarative.MethodBinder.arguments;[Ljava/lang/Object;","L2959","L103","C:\GIT\pris2\SourceMeter\Guille\jenkins-jenkins-2.328\core\src\main\java\hudson\cli\declarative\MethodBinder.java","54","5","54","38","0","0","0","0","0","0","0","0","0","0","0","0","0","0","0","0","0","0","0","0","0","0","0","0"
"L3482","LOGGER","hudson.cli.handlers.GenericItemOptionHandler.LOGGER;Ljava/util/logging/Logger;","L3452","L103","C:\GIT\pris2\SourceMeter\Guille\jenkins-jenkins-2.328\core\src\main\java\hudson\cli\handlers\GenericItemOptionHandler.java","51","5","51","101","0","0","0","0","0","0","0","0","0","0","0","0","0","0","0","0","0","0","0","0","0","0","0","0"
"L3584","setter","hudson.cli.handlers.ViewOptionHandlerTest.setter;LSetter;","L3582","L103","C:\GIT\pris2\SourceMeter\Guille\jenkins-jenkins-2.328\core\src\test\java\hudson\cli\handlers\ViewOptionHandlerTest.java","58","5","58","39","0","0","0","0","0","0","0","0","0","0","0","0","0","0","0","0","0","0","0","0","0","0","0","0"
"L3585","handler","hudson.cli.handlers.ViewOptionHandlerTest.handler;Lhudson/cli/handlers/ViewOptionHandler;","L3582","L103","C:\GIT\pris2\SourceMeter\Guille\jenkins-jenkins-2.328\core\src\test\java\hudson\cli\handlers\ViewOptionHandlerTest.java","59","5","59","39","0","0","0","0","0","0","0","0","0","0","0","0","0","0","0","0","0","0","0","0","0","0","0","0"
"L3586","inner","hudson.cli.handlers.ViewOptionHandlerTest.inner;Lhudson/model/View;","L3582","L103","C:\GIT\pris2\SourceMeter\Guille\jenkins-jenkins-2.328\core\src\test\java\hudson\cli\handlers\ViewOptionHandlerTest.java","63","5","63","30","0","0","0","0","0","0","0","0","0","0","0","0","0","0","0","0","0","0","0","0","0","0","0","0"
"L3589","nested","hudson.cli.handlers.ViewOptionHandlerTest.nested;Lhudson/cli/handlers/ViewOptionHandlerTest$CompositeView;","L3582","L103","C:\GIT\pris2\SourceMeter\Guille\jenkins-jenkins-2.328\core\src\test\java\hudson\cli\handlers\ViewOptionHandlerTest.java","64","5","64","40","0","0","0","0","0","0","0","0","0","0","0","0","0","0","0","0","0","0","0","0","0","0","0","0"
"L3593","outer","hudson.cli.handlers.ViewOptionHandlerTest.outer;Lhudson/cli/handlers/ViewOptionHandlerTest$CompositeView;","L3582","L103","C:\GIT\pris2\SourceMeter\Guille\jenkins-jenkins-2.328\core\src\test\java\hudson\cli\handlers\ViewOptionHandlerTest.java","65","5","65","39","0","0","0","0","0","0","0","0","0","0","0","0","0","0","0","0","0","0","0","0","0","0","0","0"
"L3594","mocks","hudson.cli.handlers.ViewOptionHandlerTest.mocks;Ljava/lang/AutoCloseable;","L3582","L103","C:\GIT\pris2\SourceMeter\Guille\jenkins-jenkins-2.328\core\src\test\java\hudson\cli\handlers\ViewOptionHandlerTest.java","67","5","67","33","0","0","0","0","0","0","0","0","0","0","0","0","0","0","0","0","0","0","0","0","0","0","0","0"
"L3798","XML","hudson.cli.ListChangesCommand$Format.XML;Lhudson/cli/ListChangesCommand$Format;","L3787","L103","C:\GIT\pris2\SourceMeter\Guille\jenkins-jenkins-2.328\core\src\main\java\hudson\cli\ListChangesCommand.java","37","9","37","12","0","0","0","0","0","0","0","0","0","0","0","0","0","0","0","0","0","0","0","0","0","0","0","0"
"L3799","CSV","hudson.cli.ListChangesCommand$Format.CSV;Lhudson/cli/ListChangesCommand$Format;","L3787","L103","C:\GIT\pris2\SourceMeter\Guille\jenkins-jenkins-2.328\core\src\main\java\hudson\cli\ListChangesCommand.java","37","14","37","17","0","0","0","0","0","0","0","0","0","0","0","0","0","0","0","0","0","0","0","0","0","0","0","0"
"L3800","PLAIN","hudson.cli.ListChangesCommand$Format.PLAIN;Lhudson/cli/ListChangesCommand$Format;","L3787","L103","C:\GIT\pris2\SourceMeter\Guille\jenkins-jenkins-2.328\core\src\main\java\hudson\cli\ListChangesCommand.java","37","19","37","24","0","0","0","0","0","0","0","0","0","0","0","0","0","0","0","0","0","0","0","0","0","0","0","0"
"L4527","size","hudson.cli.CLIActionTest$LargeDownloadCommand.size;I","L4525","L103","C:\GIT\pris2\SourceMeter\Guille\jenkins-jenkins-2.328\test\src\test\java\hudson\cli\CLIActionTest.java","274","9","275","25","0","0","0","0","0","0","0","0","0","0","0","0","0","0","0","0","0","0","0","0","0","0","0","0"
"L5130","SHORT_DESCRIPTION","hudson.cli.HelpCommandTest$ClassCommand.SHORT_DESCRIPTION;Ljava/lang/String;","L5140","L103","C:\GIT\pris2\SourceMeter\Guille\jenkins-jenkins-2.328\test\src\test\java\hudson\cli\HelpCommandTest.java","114","9","114","94","0","0","0","0","0","0","0","0","0","0","0","0","0","0","0","0","0","0","0","0","0","0","0","0"
"L5133","LONG_DESCRIPTION","hudson.cli.HelpCommandTest$ClassCommand.LONG_DESCRIPTION;Ljava/lang/String;","L5140","L103","C:\GIT\pris2\SourceMeter\Guille\jenkins-jenkins-2.328\test\src\test\java\hudson\cli\HelpCommandTest.java","115","9","115","92","0","0","0","0","0","0","0","0","0","0","0","0","0","0","0","0","0","0","0","0","0","0","0","0"
"L5122","NAME","hudson.cli.HelpCommandTest$ClassCommand.NAME;Ljava/lang/String;","L5140","L103","C:\GIT\pris2\SourceMeter\Guille\jenkins-jenkins-2.328\test\src\test\java\hudson\cli\HelpCommandTest.java","116","9","116","60","0","0","0","0","0","0","0","0","0","0","0","0","0","0","0","0","0","0","0","0","0","0","0","0"
"L5142","job","hudson.cli.HelpCommandTest$ClassCommand.job;Lhudson/model/AbstractProject;","L5140","L103","C:\GIT\pris2\SourceMeter\Guille\jenkins-jenkins-2.328\test\src\test\java\hudson\cli\HelpCommandTest.java","118","9","119","42","0","0","0","0","0","0","0","0","0","0","0","0","0","0","0","0","0","0","0","0","0","0","0","0"
"L5143","build","hudson.cli.HelpCommandTest$ClassCommand.build;Ljava/lang/String;","L5140","L103","C:\GIT\pris2\SourceMeter\Guille\jenkins-jenkins-2.328\test\src\test\java\hudson\cli\HelpCommandTest.java","121","9","122","29","0","0","0","0","0","0","0","0","0","0","0","0","0","0","0","0","0","0","0","0","0","0","0","0"
"L5251","block","hudson.cli.OnlineNodeCommandTest$BlockingAndFinishingBuilder.block;Lhudson/util/OneShotEvent;","L5243","L103","C:\GIT\pris2\SourceMeter\Guille\jenkins-jenkins-2.328\test\src\test\java\hudson\cli\OnlineNodeCommandTest.java","324","9","324","42","0","0","0","0","0","0","0","0","0","0","0","0","0","0","0","0","0","0","0","0","0","0","0","0"
"L5252","finish","hudson.cli.OnlineNodeCommandTest$BlockingAndFinishingBuilder.finish;Lhudson/util/OneShotEvent;","L5243","L103","C:\GIT\pris2\SourceMeter\Guille\jenkins-jenkins-2.328\test\src\test\java\hudson\cli\OnlineNodeCommandTest.java","325","9","325","43","0","0","0","0","0","0","0","0","0","0","0","0","0","0","0","0","0","0","0","0","0","0","0","0"
"L6673","run","hudson.util.ChartUtil$NumberOnlyBuildLabel.run;Lhudson/model/Run;","L6665","L103","C:\GIT\pris2\SourceMeter\Guille\jenkins-jenkins-2.328\core\src\main\java\hudson\util\ChartUtil.java","55","9","55","37","0","0","0","0","0","0","0","0","0","0","0","0","0","0","0","0","0","0","0","0","0","0","0","0"
"L6674","build","hudson.util.ChartUtil$NumberOnlyBuildLabel.build;Lhudson/model/AbstractBuild;","L6665","L103","C:\GIT\pris2\SourceMeter\Guille\jenkins-jenkins-2.328\core\src\main\java\hudson\util\ChartUtil.java","57","9","58","42","0","0","0","0","0","0","0","0","0","0","0","0","0","0","0","0","0","0","0","0","0","0","0","0"
"L7163","hash","hudson.util.ConsistentHash$Point.hash;I","L7141","L103","C:\GIT\pris2\SourceMeter\Guille\jenkins-jenkins-2.328\core\src\main\java\hudson\util\ConsistentHash.java","78","9","78","24","0","0","0","0","0","0","0","0","0","0","0","0","0","0","0","0","0","0","0","0","0","0","0","0"
"L7164","item","hudson.util.ConsistentHash$Point.item;Ljava/lang/Object;","L7141","L103","C:\GIT\pris2\SourceMeter\Guille\jenkins-jenkins-2.328\core\src\main\java\hudson\util\ConsistentHash.java","79","9","79","27","0","0","0","0","0","0","0","0","0","0","0","0","0","0","0","0","0","0","0","0","0","0","0","0"
"L7180","hash","hudson.util.ConsistentHash$Table.hash;[I","L7176","L103","C:\GIT\pris2\SourceMeter\Guille\jenkins-jenkins-2.328\core\src\main\java\hudson\util\ConsistentHash.java","101","9","101","34","0","0","0","0","0","0","0","0","0","0","0","0","0","0","0","0","0","0","0","0","0","0","0","0"
"L7181","owner","hudson.util.ConsistentHash$Table.owner;[Ljava/lang/Object;","L7176","L103","C:\GIT\pris2\SourceMeter\Guille\jenkins-jenkins-2.328\core\src\main\java\hudson\util\ConsistentHash.java","103","9","103","38","0","0","0","0","0","0","0","0","0","0","0","0","0","0","0","0","0","0","0","0","0","0","0","0"
"L7560","comparator","hudson.util.CopyOnWriteMap$Tree.comparator;Ljava/util/Comparator;","L7558","L103","C:\GIT\pris2\SourceMeter\Guille\jenkins-jenkins-2.328\core\src\main\java\hudson\util\CopyOnWriteMap.java","218","9","218","48","0","0","0","0","0","0","0","0","0","0","0","0","0","0","0","0","0","0","0","0","0","0","0","0"
"L7659","cycle","hudson.util.CyclicGraphDetector$CycleDetectedException.cycle;Ljava/util/List;","L7622","L103","C:\GIT\pris2\SourceMeter\Guille\jenkins-jenkins-2.328\core\src\main\java\hudson\util\CyclicGraphDetector.java","74","9","74","33","0","0","0","0","0","0","0","0","0","0","0","0","0","0","0","0","0","0","0","0","0","0","0","0"
"L7922","copyOnWriteListConverter","hudson.util.DescribableList$ConverterImpl.copyOnWriteListConverter;Lhudson/util/CopyOnWriteList$ConverterImpl;","L7920","L103","C:\GIT\pris2\SourceMeter\Guille\jenkins-jenkins-2.328\core\src\main\java\hudson\util\DescribableList.java","258","9","258","64","0","0","0","0","0","0","0","0","0","0","0","0","0","0","0","0","0","0","0","0","0","0","0","0"
"L8100","serialVersionUID","hudson.util.DirScanner$Full.serialVersionUID;J","L8079","L103","C:\GIT\pris2\SourceMeter\Guille\jenkins-jenkins-2.328\core\src\main\java\hudson\util\DirScanner.java","76","9","76","57","0","0","0","0","0","0","0","0","0","0","0","0","0","0","0","0","0","0","0","0","0","0","0","0"
"L8105","filter","hudson.util.DirScanner$Filter.filter;Ljava/io/FileFilter;","L8101","L103","C:\GIT\pris2\SourceMeter\Guille\jenkins-jenkins-2.328\core\src\main\java\hudson\util\DirScanner.java","84","9","84","41","0","0","0","0","0","0","0","0","0","0","0","0","0","0","0","0","0","0","0","0","0","0","0","0"
"L8119","serialVersionUID","hudson.util.DirScanner$Filter.serialVersionUID;J","L8101","L103","C:\GIT\pris2\SourceMeter\Guille\jenkins-jenkins-2.328\core\src\main\java\hudson\util\DirScanner.java","95","9","95","57","0","0","0","0","0","0","0","0","0","0","0","0","0","0","0","0","0","0","0","0","0","0","0","0"
"L8122","includes","hudson.util.DirScanner$Glob.includes;Ljava/lang/String;","L8120","L103","C:\GIT\pris2\SourceMeter\Guille\jenkins-jenkins-2.328\core\src\main\java\hudson\util\DirScanner.java","106","9","106","39","0","0","0","0","0","0","0","0","0","0","0","0","0","0","0","0","0","0","0","0","0","0","0","0"
"L8123","excludes","hudson.util.DirScanner$Glob.excludes;Ljava/lang/String;","L8120","L103","C:\GIT\pris2\SourceMeter\Guille\jenkins-jenkins-2.328\core\src\main\java\hudson\util\DirScanner.java","106","9","106","49","0","0","0","0","0","0","0","0","0","0","0","0","0","0","0","0","0","0","0","0","0","0","0","0"
"L8124","useDefaultExcludes","hudson.util.DirScanner$Glob.useDefaultExcludes;Z","L8120","L103","C:\GIT\pris2\SourceMeter\Guille\jenkins-jenkins-2.328\core\src\main\java\hudson\util\DirScanner.java","108","9","108","51","0","0","0","0","0","0","0","0","0","0","0","0","0","0","0","0","0","0","0","0","0","0","0","0"
"L8125","followSymlinks","hudson.util.DirScanner$Glob.followSymlinks;Z","L8120","L103","C:\GIT\pris2\SourceMeter\Guille\jenkins-jenkins-2.328\core\src\main\java\hudson\util\DirScanner.java","109","9","109","46","0","0","0","0","0","0","0","0","0","0","0","0","0","0","0","0","0","0","0","0","0","0","0","0"
"L8151","serialVersionUID","hudson.util.DirScanner$Glob.serialVersionUID;J","L8120","L103","C:\GIT\pris2\SourceMeter\Guille\jenkins-jenkins-2.328\core\src\main\java\hudson\util\DirScanner.java","151","9","151","57","0","0","0","0","0","0","0","0","0","0","0","0","0","0","0","0","0","0","0","0","0","0","0","0"
"L8153","alreadyDeselected","hudson.util.DirScanner$DescendantFileSelector.alreadyDeselected;Ljava/util/Set;","L8152","L103","C:\GIT\pris2\SourceMeter\Guille\jenkins-jenkins-2.328\core\src\main\java\hudson\util\DirScanner.java","155","9","155","53","0","0","0","0","0","0","0","0","0","0","0","0","0","0","0","0","0","0","0","0","0","0","0","0"
"L8154","baseDirFP","hudson.util.DirScanner$DescendantFileSelector.baseDirFP;Lhudson/FilePath;","L8152","L103","C:\GIT\pris2\SourceMeter\Guille\jenkins-jenkins-2.328\core\src\main\java\hudson\util\DirScanner.java","156","9","156","42","0","0","0","0","0","0","0","0","0","0","0","0","0","0","0","0","0","0","0","0","0","0","0","0"
"L8155","baseDirPathLength","hudson.util.DirScanner$DescendantFileSelector.baseDirPathLength;I","L8152","L103","C:\GIT\pris2\SourceMeter\Guille\jenkins-jenkins-2.328\core\src\main\java\hudson\util\DirScanner.java","157","9","157","45","0","0","0","0","0","0","0","0","0","0","0","0","0","0","0","0","0","0","0","0","0","0","0","0"
"L8465","filter","hudson.util.FileVisitor$FilterFileVisitor.filter;Ljava/io/FileFilter;","L8460","L103","C:\GIT\pris2\SourceMeter\Guille\jenkins-jenkins-2.328\core\src\main\java\hudson\util\FileVisitor.java","56","9","56","41","0","0","0","0","0","0","0","0","0","0","0","0","0","0","0","0","0","0","0","0","0","0","0","0"
"L8466","visitor","hudson.util.FileVisitor$FilterFileVisitor.visitor;Lhudson/util/FileVisitor;","L8460","L103","C:\GIT\pris2\SourceMeter\Guille\jenkins-jenkins-2.328\core\src\main\java\hudson\util\FileVisitor.java","57","9","57","43","0","0","0","0","0","0","0","0","0","0","0","0","0","0","0","0","0","0","0","0","0","0","0","0"
"L8471","PASS_THROUGH","hudson.util.FileVisitor$FilterFileVisitor.PASS_THROUGH;Ljava/io/FileFilter;","L8460","L103","C:\GIT\pris2\SourceMeter\Guille\jenkins-jenkins-2.328\core\src\main\java\hudson\util\FileVisitor.java","70","9","70","73","0","0","0","0","0","0","0","0","0","0","0","0","0","0","0","0","0","0","0","0","0","0","0","0"
"L8481","serialVersionUID","hudson.util.FileVisitor$FilterFileVisitor.serialVersionUID;J","L8460","L103","C:\GIT\pris2\SourceMeter\Guille\jenkins-jenkins-2.328\core\src\main\java\hudson\util\FileVisitor.java","72","9","72","57","0","0","0","0","0","0","0","0","0","0","0","0","0","0","0","0","0","0","0","0","0","0","0","0"
"L8686","errorIfNotExist","hudson.util.FormFieldValidator$WorkspaceFileMask.errorIfNotExist;Z","L8684","L103","C:\GIT\pris2\SourceMeter\Guille\jenkins-jenkins-2.328\core\src\main\java\hudson\util\FormFieldValidator.java","369","9","369","47","0","0","0","0","0","0","0","0","0","0","0","0","0","0","0","0","0","0","0","0","0","0","0","0"
"L8725","errorIfNotExist","hudson.util.FormFieldValidator$WorkspaceFilePath.errorIfNotExist;Z","L8711","L103","C:\GIT\pris2\SourceMeter\Guille\jenkins-jenkins-2.328\core\src\main\java\hudson\util\FormFieldValidator.java","441","9","441","47","0","0","0","0","0","0","0","0","0","0","0","0","0","0","0","0","0","0","0","0","0","0","0","0"
"L8726","expectingFile","hudson.util.FormFieldValidator$WorkspaceFilePath.expectingFile;Z","L8711","L103","C:\GIT\pris2\SourceMeter\Guille\jenkins-jenkins-2.328\core\src\main\java\hudson\util\FormFieldValidator.java","442","9","442","45","0","0","0","0","0","0","0","0","0","0","0","0","0","0","0","0","0","0","0","0","0","0","0","0"
"L8768","allowWhitespace","hudson.util.FormFieldValidator$Base64.allowWhitespace;Z","L8766","L103","C:\GIT\pris2\SourceMeter\Guille\jenkins-jenkins-2.328\core\src\main\java\hudson\util\FormFieldValidator.java","600","9","600","47","0","0","0","0","0","0","0","0","0","0","0","0","0","0","0","0","0","0","0","0","0","0","0","0"
"L8769","allowEmpty","hudson.util.FormFieldValidator$Base64.allowEmpty;Z","L8766","L103","C:\GIT\pris2\SourceMeter\Guille\jenkins-jenkins-2.328\core\src\main\java\hudson\util\FormFieldValidator.java","601","9","601","42","0","0","0","0","0","0","0","0","0","0","0","0","0","0","0","0","0","0","0","0","0","0","0","0"
"L8770","errorMessage","hudson.util.FormFieldValidator$Base64.errorMessage;Ljava/lang/String;","L8766","L103","C:\GIT\pris2\SourceMeter\Guille\jenkins-jenkins-2.328\core\src\main\java\hudson\util\FormFieldValidator.java","602","9","602","43","0","0","0","0","0","0","0","0","0","0","0","0","0","0","0","0","0","0","0","0","0","0","0","0"
"L8902","OK","hudson.util.FormValidation$Kind.OK;Lhudson/util/FormValidation$Kind;","L8824","L103","C:\GIT\pris2\SourceMeter\Guille\jenkins-jenkins-2.328\core\src\main\java\hudson\util\FormValidation.java","125","9","125","11","0","0","0","0","0","0","0","0","0","0","0","0","0","0","0","0","0","0","0","0","0","0","0","0"
"L8821","WARNING","hudson.util.FormValidation$Kind.WARNING;Lhudson/util/FormValidation$Kind;","L8824","L103","C:\GIT\pris2\SourceMeter\Guille\jenkins-jenkins-2.328\core\src\main\java\hudson\util\FormValidation.java","130","9","130","16","0","0","0","0","0","0","0","0","0","0","0","0","0","0","0","0","0","0","0","0","0","0","0","0"
"L8816","ERROR","hudson.util.FormValidation$Kind.ERROR;Lhudson/util/FormValidation$Kind;","L8824","L103","C:\GIT\pris2\SourceMeter\Guille\jenkins-jenkins-2.328\core\src\main\java\hudson\util\FormValidation.java","134","9","134","14","0","0","0","0","0","0","0","0","0","0","0","0","0","0","0","0","0","0","0","0","0","0","0","0"
"L9017","NOOP","hudson.util.FormValidation$FileValidator.NOOP;Lhudson/util/FormValidation$FileValidator;","L9012","L103","C:\GIT\pris2\SourceMeter\Guille\jenkins-jenkins-2.328\core\src\main\java\hudson\util\FormValidation.java","315","9","320","11","0","0","0","0","0","0","0","0","0","0","0","0","0","0","0","0","0","0","0","0","0","0","0","0"
"L9105","descriptor","hudson.util.FormValidation$CheckMethod.descriptor;Lhudson/model/Descriptor;","L9103","L103","C:\GIT\pris2\SourceMeter\Guille\jenkins-jenkins-2.328\core\src\main\java\hudson\util\FormValidation.java","572","9","572","45","0","0","0","0","0","0","0","0","0","0","0","0","0","0","0","0","0","0","0","0","0","0","0","0"
"L9106","method","hudson.util.FormValidation$CheckMethod.method;Ljava/lang/reflect/Method;","L9103","L103","C:\GIT\pris2\SourceMeter\Guille\jenkins-jenkins-2.328\core\src\main\java\hudson\util\FormValidation.java","573","9","573","37","0","0","0","0","0","0","0","0","0","0","0","0","0","0","0","0","0","0","0","0","0","0","0","0"
"L9107","capitalizedFieldName","hudson.util.FormValidation$CheckMethod.capitalizedFieldName;Ljava/lang/String;","L9103","L103","C:\GIT\pris2\SourceMeter\Guille\jenkins-jenkins-2.328\core\src\main\java\hudson\util\FormValidation.java","574","9","574","51","0","0","0","0","0","0","0","0","0","0","0","0","0","0","0","0","0","0","0","0","0","0","0","0"
"L9108","names","hudson.util.FormValidation$CheckMethod.names;Ljava/util/List;","L9103","L103","C:\GIT\pris2\SourceMeter\Guille\jenkins-jenkins-2.328\core\src\main\java\hudson\util\FormValidation.java","579","9","579","42","0","0","0","0","0","0","0","0","0","0","0","0","0","0","0","0","0","0","0","0","0","0","0","0"
"L9110","checkUrl","hudson.util.FormValidation$CheckMethod.checkUrl;Ljava/lang/String;","L9103","L103","C:\GIT\pris2\SourceMeter\Guille\jenkins-jenkins-2.328\core\src\main\java\hudson\util\FormValidation.java","581","9","581","42","0","0","0","0","0","0","0","0","0","0","0","0","0","0","0","0","0","0","0","0","0","0","0","0"
"L9111","dependsOn","hudson.util.FormValidation$CheckMethod.dependsOn;Ljava/lang/String;","L9103","L103","C:\GIT\pris2\SourceMeter\Guille\jenkins-jenkins-2.328\core\src\main\java\hudson\util\FormValidation.java","582","9","582","43","0","0","0","0","0","0","0","0","0","0","0","0","0","0","0","0","0","0","0","0","0","0","0","0"
"L9393","jsonObject","hudson.util.HttpResponses$JSONObjectResponse.jsonObject;LJSONObject;","L9356","L103","C:\GIT\pris2\SourceMeter\Guille\jenkins-jenkins-2.328\core\src\main\java\hudson\util\HttpResponses.java","145","9","145","45","0","0","0","0","0","0","0","0","0","0","0","0","0","0","0","0","0","0","0","0","0","0","0","0"
"L9519","entriesWritten","hudson.util.io.Archiver.entriesWritten;I","L9516","L103","C:\GIT\pris2\SourceMeter\Guille\jenkins-jenkins-2.328\core\src\main\java\hudson\util\io\Archiver.java","37","5","37","38","0","0","0","0","0","0","0","0","0","0","0","0","0","0","0","0","0","0","0","0","0","0","0","0"
"L9531","TAR","hudson.util.io.ArchiverFactory.TAR;Lhudson/util/io/ArchiverFactory;","L9523","L103","C:\GIT\pris2\SourceMeter\Guille\jenkins-jenkins-2.328\core\src\main\java\hudson\util\io\ArchiverFactory.java","50","5","51","85","0","0","0","0","0","0","0","0","0","0","0","0","0","0","0","0","0","0","0","0","0","0","0","0"
"L9540","TARGZ","hudson.util.io.ArchiverFactory.TARGZ;Lhudson/util/io/ArchiverFactory;","L9523","L103","C:\GIT\pris2\SourceMeter\Guille\jenkins-jenkins-2.328\core\src\main\java\hudson\util\io\ArchiverFactory.java","56","5","57","87","0","0","0","0","0","0","0","0","0","0","0","0","0","0","0","0","0","0","0","0","0","0","0","0"
"L9544","ZIP","hudson.util.io.ArchiverFactory.ZIP;Lhudson/util/io/ArchiverFactory;","L9523","L103","C:\GIT\pris2\SourceMeter\Guille\jenkins-jenkins-2.328\core\src\main\java\hudson\util\io\ArchiverFactory.java","62","5","63","66","0","0","0","0","0","0","0","0","0","0","0","0","0","0","0","0","0","0","0","0","0","0","0","0"
"L9592","serialVersionUID","hudson.util.io.ArchiverFactory.serialVersionUID;J","L9523","L103","C:\GIT\pris2\SourceMeter\Guille\jenkins-jenkins-2.328\core\src\main\java\hudson\util\io\ArchiverFactory.java","114","5","114","53","0","0","0","0","0","0","0","0","0","0","0","0","0","0","0","0","0","0","0","0","0","0","0","0"
"L9596","serialVersionUID","hudson.util.io.ParserConfigurator.serialVersionUID;J","L9593","L103","C:\GIT\pris2\SourceMeter\Guille\jenkins-jenkins-2.328\core\src\main\java\hudson\util\io\ParserConfigurator.java","59","5","59","72","0","0","0","0","0","0","0","0","0","0","0","0","0","0","0","0","0","0","0","0","0","0","0","0"
"L9636","out","hudson.util.io.ReopenableFileOutputStream.out;Ljava/io/File;","L9634","L103","C:\GIT\pris2\SourceMeter\Guille\jenkins-jenkins-2.328\core\src\main\java\hudson\util\io\ReopenableFileOutputStream.java","48","5","48","30","0","0","0","0","0","0","0","0","0","0","0","0","0","0","0","0","0","0","0","0","0","0","0","0"
"L9637","current","hudson.util.io.ReopenableFileOutputStream.current;Ljava/io/OutputStream;","L9634","L103","C:\GIT\pris2\SourceMeter\Guille\jenkins-jenkins-2.328\core\src\main\java\hudson\util\io\ReopenableFileOutputStream.java","50","5","50","34","0","0","0","0","0","0","0","0","0","0","0","0","0","0","0","0","0","0","0","0","0","0","0","0"
"L9638","appendOnNextOpen","hudson.util.io.ReopenableFileOutputStream.appendOnNextOpen;Z","L9634","L103","C:\GIT\pris2\SourceMeter\Guille\jenkins-jenkins-2.328\core\src\main\java\hudson\util\io\ReopenableFileOutputStream.java","51","5","51","46","0","0","0","0","0","0","0","0","0","0","0","0","0","0","0","0","0","0","0","0","0","0","0","0"
"L9667","LOGGER","hudson.util.io.ReopenableRotatingFileOutputStream.LOGGER;Ljava/util/logging/Logger;","L9663","L103","C:\GIT\pris2\SourceMeter\Guille\jenkins-jenkins-2.328\core\src\main\java\hudson\util\io\ReopenableRotatingFileOutputStream.java","44","5","44","111","0","0","0","0","0","0","0","0","0","0","0","0","0","0","0","0","0","0","0","0","0","0","0","0"
"L9670","size","hudson.util.io.ReopenableRotatingFileOutputStream.size;I","L9663","L103","C:\GIT\pris2\SourceMeter\Guille\jenkins-jenkins-2.328\core\src\main\java\hudson\util\io\ReopenableRotatingFileOutputStream.java","49","5","49","28","0","0","0","0","0","0","0","0","0","0","0","0","0","0","0","0","0","0","0","0","0","0","0","0"
"L9687","out","hudson.util.io.RewindableFileOutputStream.out;Ljava/io/File;","L9685","L103","C:\GIT\pris2\SourceMeter\Guille\jenkins-jenkins-2.328\core\src\main\java\hudson\util\io\RewindableFileOutputStream.java","44","5","44","30","0","0","0","0","0","0","0","0","0","0","0","0","0","0","0","0","0","0","0","0","0","0","0","0"
"L9688","closed","hudson.util.io.RewindableFileOutputStream.closed;Z","L9685","L103","C:\GIT\pris2\SourceMeter\Guille\jenkins-jenkins-2.328\core\src\main\java\hudson\util\io\RewindableFileOutputStream.java","45","5","45","28","0","0","0","0","0","0","0","0","0","0","0","0","0","0","0","0","0","0","0","0","0","0","0","0"
"L9689","current","hudson.util.io.RewindableFileOutputStream.current;Ljava/io/OutputStream;","L9685","L103","C:\GIT\pris2\SourceMeter\Guille\jenkins-jenkins-2.328\core\src\main\java\hudson\util\io\RewindableFileOutputStream.java","47","5","47","34","0","0","0","0","0","0","0","0","0","0","0","0","0","0","0","0","0","0","0","0","0","0","0","0"
"L9715","LOGGER","hudson.util.io.RewindableRotatingFileOutputStream.LOGGER;Ljava/util/logging/Logger;","L9711","L103","C:\GIT\pris2\SourceMeter\Guille\jenkins-jenkins-2.328\core\src\main\java\hudson\util\io\RewindableRotatingFileOutputStream.java","43","5","43","111","0","0","0","0","0","0","0","0","0","0","0","0","0","0","0","0","0","0","0","0","0","0","0","0"
"L9718","size","hudson.util.io.RewindableRotatingFileOutputStream.size;I","L9711","L103","C:\GIT\pris2\SourceMeter\Guille\jenkins-jenkins-2.328\core\src\main\java\hudson\util\io\RewindableRotatingFileOutputStream.java","48","5","48","28","0","0","0","0","0","0","0","0","0","0","0","0","0","0","0","0","0","0","0","0","0","0","0","0"
"L9734","buf","hudson.util.io.TarArchiver.buf;[B","L9567","L103","C:\GIT\pris2\SourceMeter\Guille\jenkins-jenkins-2.328\core\src\main\java\hudson\util\io\TarArchiver.java","48","5","48","47","0","0","0","0","0","0","0","0","0","0","0","0","0","0","0","0","0","0","0","0","0","0","0","0"
"L9735","tar","hudson.util.io.TarArchiver.tar;LTarArchiveOutputStream;","L9567","L103","C:\GIT\pris2\SourceMeter\Guille\jenkins-jenkins-2.328\core\src\main\java\hudson\util\io\TarArchiver.java","49","5","49","46","0","0","0","0","0","0","0","0","0","0","0","0","0","0","0","0","0","0","0","0","0","0","0","0"
"L9755","buf","hudson.util.io.ZipArchiver.buf;[B","L9578","L103","C:\GIT\pris2\SourceMeter\Guille\jenkins-jenkins-2.328\core\src\main\java\hudson\util\io\ZipArchiver.java","51","5","51","47","0","0","0","0","0","0","0","0","0","0","0","0","0","0","0","0","0","0","0","0","0","0","0","0"
"L9756","zip","hudson.util.io.ZipArchiver.zip;LZipOutputStream;","L9578","L103","C:\GIT\pris2\SourceMeter\Guille\jenkins-jenkins-2.328\core\src\main\java\hudson\util\io\ZipArchiver.java","52","5","52","39","0","0","0","0","0","0","0","0","0","0","0","0","0","0","0","0","0","0","0","0","0","0","0","0"
"L9757","openOptions","hudson.util.io.ZipArchiver.openOptions;[Ljava/nio/file/OpenOption;","L9578","L103","C:\GIT\pris2\SourceMeter\Guille\jenkins-jenkins-2.328\core\src\main\java\hudson\util\io\ZipArchiver.java","53","5","53","44","0","0","0","0","0","0","0","0","0","0","0","0","0","0","0","0","0","0","0","0","0","0","0","0"
"L9758","prefix","hudson.util.io.ZipArchiver.prefix;Ljava/lang/String;","L9578","L103","C:\GIT\pris2\SourceMeter\Guille\jenkins-jenkins-2.328\core\src\main\java\hudson\util\io\ZipArchiver.java","54","5","54","33","0","0","0","0","0","0","0","0","0","0","0","0","0","0","0","0","0","0","0","0","0","0","0","0"
"L9777","BITMASK_IS_DIRECTORY","hudson.util.io.ZipArchiver.BITMASK_IS_DIRECTORY;J","L9578","L103","C:\GIT\pris2\SourceMeter\Guille\jenkins-jenkins-2.328\core\src\main\java\hudson\util\io\ZipArchiver.java","116","5","116","61","0","0","0","0","0","0","0","0","0","0","0","0","0","0","0","0","0","0","0","0","0","0","0","0"
"L9784","tmp","hudson.util.io.RewindableRotatingFileOutputStreamTest.tmp;LTemporaryFolder;","L9782","L103","C:\GIT\pris2\SourceMeter\Guille\jenkins-jenkins-2.328\core\src\test\java\hudson\util\io\RewindableRotatingFileOutputStreamTest.java","20","5","21","56","0","0","0","0","0","0","0","0","0","0","0","0","0","0","0","0","0","0","0","0","0","0","0","0"
"L9796","tmp","hudson.util.io.TarArchiverTest.tmp;LTemporaryFolder;","L9794","L103","C:\GIT\pris2\SourceMeter\Guille\jenkins-jenkins-2.328\core\src\test\java\hudson\util\io\TarArchiverTest.java","50","5","50","62","0","0","0","0","0","0","0","0","0","0","0","0","0","0","0","0","0","0","0","0","0","0","0","0"
"L9867","tmp","hudson.util.io.ZipArchiverTest.tmp;LTemporaryFolder;","L9865","L103","C:\GIT\pris2\SourceMeter\Guille\jenkins-jenkins-2.328\core\src\test\java\hudson\util\io\ZipArchiverTest.java","20","5","20","62","0","0","0","0","0","0","0","0","0","0","0","0","0","0","0","0","0","0","0","0","0","0","0","0"
"L10170","core","hudson.util.Iterators$FlattenIterator.core;Ljava/util/Iterator;","L10168","L103","C:\GIT\pris2\SourceMeter\Guille\jenkins-jenkins-2.328\core\src\main\java\hudson\util\Iterators.java","59","9","59","50","0","0","0","0","0","0","0","0","0","0","0","0","0","0","0","0","0","0","0","0","0","0","0","0"
"L10174","cur","hudson.util.Iterators$FlattenIterator.cur;Ljava/util/Iterator;","L10168","L103","C:\GIT\pris2\SourceMeter\Guille\jenkins-jenkins-2.328\core\src\main\java\hudson\util\Iterators.java","60","9","60","33","0","0","0","0","0","0","0","0","0","0","0","0","0","0","0","0","0","0","0","0","0","0","0","0"
"L10194","core","hudson.util.Iterators$FilterIterator.core;Ljava/util/Iterator;","L10192","L103","C:\GIT\pris2\SourceMeter\Guille\jenkins-jenkins-2.328\core\src\main\java\hudson\util\Iterators.java","101","9","101","50","0","0","0","0","0","0","0","0","0","0","0","0","0","0","0","0","0","0","0","0","0","0","0","0"
"L10198","next","hudson.util.Iterators$FilterIterator.next;Ljava/lang/Object;","L10192","L103","C:\GIT\pris2\SourceMeter\Guille\jenkins-jenkins-2.328\core\src\main\java\hudson\util\Iterators.java","102","9","102","24","0","0","0","0","0","0","0","0","0","0","0","0","0","0","0","0","0","0","0","0","0","0","0","0"
"L10199","fetched","hudson.util.Iterators$FilterIterator.fetched;Z","L10192","L103","C:\GIT\pris2\SourceMeter\Guille\jenkins-jenkins-2.328\core\src\main\java\hudson\util\Iterators.java","103","9","103","33","0","0","0","0","0","0","0","0","0","0","0","0","0","0","0","0","0","0","0","0","0","0","0","0"
"L10224","seen","hudson.util.Iterators$DuplicateFilterIterator.seen;Ljava/util/Set;","L7198","L103","C:\GIT\pris2\SourceMeter\Guille\jenkins-jenkins-2.328\core\src\main\java\hudson\util\Iterators.java","156","9","156","53","0","0","0","0","0","0","0","0","0","0","0","0","0","0","0","0","0","0","0","0","0","0","0","0"
"L10502","META_ATTRIBUTES","hudson.util.jelly.MorphTagLibrary.META_ATTRIBUTES;Ljava/lang/String;","L10463","L103","C:\GIT\pris2\SourceMeter\Guille\jenkins-jenkins-2.328\core\src\main\java\hudson\util\jelly\MorphTagLibrary.java","122","5","122","64","0","0","0","0","0","0","0","0","0","0","0","0","0","0","0","0","0","0","0","0","0","0","0","0"
"L10486","EXCEPT_ATTRIBUTES","hudson.util.jelly.MorphTagLibrary.EXCEPT_ATTRIBUTES;Ljava/lang/String;","L10463","L103","C:\GIT\pris2\SourceMeter\Guille\jenkins-jenkins-2.328\core\src\main\java\hudson\util\jelly\MorphTagLibrary.java","123","5","123","62","0","0","0","0","0","0","0","0","0","0","0","0","0","0","0","0","0","0","0","0","0","0","0","0"
"L10544","INSTANCE","hudson.util.jna.Advapi32.INSTANCE;Lhudson/util/jna/Advapi32;","L10542","L103","C:\GIT\pris2\SourceMeter\Guille\jenkins-jenkins-2.328\core\src\main\java\hudson\util\jna\Advapi32.java","38","3","38","99","0","0","0","0","0","0","0","0","0","0","0","0","0","0","0","0","0","0","0","0","0","0","0","0"
"L10770","PATH20","hudson.util.jna.DotNet.PATH20;Ljava/lang/String;","L10767","L103","C:\GIT\pris2\SourceMeter\Guille\jenkins-jenkins-2.328\core\src\main\java\hudson\util\jna\DotNet.java","40","5","40","102","0","0","0","0","0","0","0","0","0","0","0","0","0","0","0","0","0","0","0","0","0","0","0","0"
"L10771","PATH30","hudson.util.jna.DotNet.PATH30;Ljava/lang/String;","L10767","L103","C:\GIT\pris2\SourceMeter\Guille\jenkins-jenkins-2.328\core\src\main\java\hudson\util\jna\DotNet.java","41","5","41","103","0","0","0","0","0","0","0","0","0","0","0","0","0","0","0","0","0","0","0","0","0","0","0","0"
"L10772","PATH35","hudson.util.jna.DotNet.PATH35;Ljava/lang/String;","L10767","L103","C:\GIT\pris2\SourceMeter\Guille\jenkins-jenkins-2.328\core\src\main\java\hudson\util\jna\DotNet.java","42","5","42","96","0","0","0","0","0","0","0","0","0","0","0","0","0","0","0","0","0","0","0","0","0","0","0","0"
"L10773","PATH4","hudson.util.jna.DotNet.PATH4;Ljava/lang/String;","L10767","L103","C:\GIT\pris2\SourceMeter\Guille\jenkins-jenkins-2.328\core\src\main\java\hudson\util\jna\DotNet.java","43","5","43","100","0","0","0","0","0","0","0","0","0","0","0","0","0","0","0","0","0","0","0","0","0","0","0","0"
"L10774","VALUE_INSTALL","hudson.util.jna.DotNet.VALUE_INSTALL;Ljava/lang/String;","L10767","L103","C:\GIT\pris2\SourceMeter\Guille\jenkins-jenkins-2.328\core\src\main\java\hudson\util\jna\DotNet.java","45","5","45","59","0","0","0","0","0","0","0","0","0","0","0","0","0","0","0","0","0","0","0","0","0","0","0","0"
"L10775","VALUE_INSTALL_SUCCESS","hudson.util.jna.DotNet.VALUE_INSTALL_SUCCESS;Ljava/lang/String;","L10767","L103","C:\GIT\pris2\SourceMeter\Guille\jenkins-jenkins-2.328\core\src\main\java\hudson\util\jna\DotNet.java","46","5","46","74","0","0","0","0","0","0","0","0","0","0","0","0","0","0","0","0","0","0","0","0","0","0","0","0"
"L10776","VALUE_RELEASE","hudson.util.jna.DotNet.VALUE_RELEASE;Ljava/lang/String;","L10767","L103","C:\GIT\pris2\SourceMeter\Guille\jenkins-jenkins-2.328\core\src\main\java\hudson\util\jna\DotNet.java","47","5","47","59","0","0","0","0","0","0","0","0","0","0","0","0","0","0","0","0","0","0","0","0","0","0","0","0"
"L10894","F_GETFD","hudson.util.jna.GNUCLibrary.F_GETFD;I","L10855","L103","C:\GIT\pris2\SourceMeter\Guille\jenkins-jenkins-2.328\core\src\main\java\hudson\util\jna\GNUCLibrary.java","86","5","86","21","0","0","0","0","0","0","0","0","0","0","0","0","0","0","0","0","0","0","0","0","0","0","0","0"
"L10896","F_SETFD","hudson.util.jna.GNUCLibrary.F_SETFD;I","L10855","L103","C:\GIT\pris2\SourceMeter\Guille\jenkins-jenkins-2.328\core\src\main\java\hudson\util\jna\GNUCLibrary.java","87","5","87","21","0","0","0","0","0","0","0","0","0","0","0","0","0","0","0","0","0","0","0","0","0","0","0","0"
"L10897","FD_CLOEXEC","hudson.util.jna.GNUCLibrary.FD_CLOEXEC;I","L10855","L103","C:\GIT\pris2\SourceMeter\Guille\jenkins-jenkins-2.328\core\src\main\java\hudson\util\jna\GNUCLibrary.java","88","5","88","24","0","0","0","0","0","0","0","0","0","0","0","0","0","0","0","0","0","0","0","0","0","0","0","0"
"L10975","LIBC","hudson.util.jna.GNUCLibrary.LIBC;Lhudson/util/jna/GNUCLibrary;","L10855","L103","C:\GIT\pris2\SourceMeter\Guille\jenkins-jenkins-2.328\core\src\main\java\hudson\util\jna\GNUCLibrary.java","148","5","148","60","0","0","0","0","0","0","0","0","0","0","0","0","0","0","0","0","0","0","0","0","0","0","0","0"
"L10980","cause","hudson.util.jna.InitializationErrorInvocationHandler.cause;Ljava/lang/Throwable;","L10978","L103","C:\GIT\pris2\SourceMeter\Guille\jenkins-jenkins-2.328\core\src\main\java\hudson\util\jna\InitializationErrorInvocationHandler.java","17","5","17","35","0","0","0","0","0","0","0","0","0","0","0","0","0","0","0","0","0","0","0","0","0","0","0","0"
"L11000","errorCode","hudson.util.jna.JnaException.errorCode;I","L10791","L103","C:\GIT\pris2\SourceMeter\Guille\jenkins-jenkins-2.328\core\src\main\java\hudson\util\jna\JnaException.java","35","5","35","33","0","0","0","0","0","0","0","0","0","0","0","0","0","0","0","0","0","0","0","0","0","0","0","0"
"L11008","INSTANCE","hudson.util.jna.Kernel32.INSTANCE;Lhudson/util/jna/Kernel32;","L11006","L103","C:\GIT\pris2\SourceMeter\Guille\jenkins-jenkins-2.328\core\src\main\java\hudson\util\jna\Kernel32.java","38","5","38","46","0","0","0","0","0","0","0","0","0","0","0","0","0","0","0","0","0","0","0","0","0","0","0","0"
"L11018","MOVEFILE_COPY_ALLOWED","hudson.util.jna.Kernel32.MOVEFILE_COPY_ALLOWED;I","L11006","L103","C:\GIT\pris2\SourceMeter\Guille\jenkins-jenkins-2.328\core\src\main\java\hudson\util\jna\Kernel32.java","45","5","45","35","0","0","0","0","0","0","0","0","0","0","0","0","0","0","0","0","0","0","0","0","0","0","0","0"
"L11019","MOVEFILE_CREATE_HARDLINK","hudson.util.jna.Kernel32.MOVEFILE_CREATE_HARDLINK;I","L11006","L103","C:\GIT\pris2\SourceMeter\Guille\jenkins-jenkins-2.328\core\src\main\java\hudson\util\jna\Kernel32.java","46","5","46","39","0","0","0","0","0","0","0","0","0","0","0","0","0","0","0","0","0","0","0","0","0","0","0","0"
"L11020","MOVEFILE_DELAY_UNTIL_REBOOT","hudson.util.jna.Kernel32.MOVEFILE_DELAY_UNTIL_REBOOT;I","L11006","L103","C:\GIT\pris2\SourceMeter\Guille\jenkins-jenkins-2.328\core\src\main\java\hudson\util\jna\Kernel32.java","47","5","47","41","0","0","0","0","0","0","0","0","0","0","0","0","0","0","0","0","0","0","0","0","0","0","0","0"
"L11021","MOVEFILE_FAIL_IF_NOT_TRACKABLE","hudson.util.jna.Kernel32.MOVEFILE_FAIL_IF_NOT_TRACKABLE;I","L11006","L103","C:\GIT\pris2\SourceMeter\Guille\jenkins-jenkins-2.328\core\src\main\java\hudson\util\jna\Kernel32.java","48","5","48","45","0","0","0","0","0","0","0","0","0","0","0","0","0","0","0","0","0","0","0","0","0","0","0","0"
"L11022","MOVEFILE_REPLACE_EXISTING","hudson.util.jna.Kernel32.MOVEFILE_REPLACE_EXISTING;I","L11006","L103","C:\GIT\pris2\SourceMeter\Guille\jenkins-jenkins-2.328\core\src\main\java\hudson\util\jna\Kernel32.java","49","5","49","39","0","0","0","0","0","0","0","0","0","0","0","0","0","0","0","0","0","0","0","0","0","0","0","0"
"L11023","MOVEFILE_WRITE_THROUGH","hudson.util.jna.Kernel32.MOVEFILE_WRITE_THROUGH;I","L11006","L103","C:\GIT\pris2\SourceMeter\Guille\jenkins-jenkins-2.328\core\src\main\java\hudson\util\jna\Kernel32.java","50","5","50","36","0","0","0","0","0","0","0","0","0","0","0","0","0","0","0","0","0","0","0","0","0","0","0","0"
"L11024","FILE_ATTRIBUTE_REPARSE_POINT","hudson.util.jna.Kernel32.FILE_ATTRIBUTE_REPARSE_POINT;I","L11006","L103","C:\GIT\pris2\SourceMeter\Guille\jenkins-jenkins-2.328\core\src\main\java\hudson\util\jna\Kernel32.java","52","5","52","46","0","0","0","0","0","0","0","0","0","0","0","0","0","0","0","0","0","0","0","0","0","0","0","0"
"L11038","SYMBOLIC_LINK_FLAG_DIRECTORY","hudson.util.jna.Kernel32.SYMBOLIC_LINK_FLAG_DIRECTORY;I","L11006","L103","C:\GIT\pris2\SourceMeter\Guille\jenkins-jenkins-2.328\core\src\main\java\hudson\util\jna\Kernel32.java","75","5","75","42","0","0","0","0","0","0","0","0","0","0","0","0","0","0","0","0","0","0","0","0","0","0","0","0"
"L11039","STILL_ACTIVE","hudson.util.jna.Kernel32.STILL_ACTIVE;I","L11006","L103","C:\GIT\pris2\SourceMeter\Guille\jenkins-jenkins-2.328\core\src\main\java\hudson\util\jna\Kernel32.java","77","5","77","28","0","0","0","0","0","0","0","0","0","0","0","0","0","0","0","0","0","0","0","0","0","0","0","0"
"L11079","LOGGER","hudson.util.jna.Kernel32Utils.LOGGER;Ljava/util/logging/Logger;","L11043","L103","C:\GIT\pris2\SourceMeter\Guille\jenkins-jenkins-2.328\core\src\main\java\hudson\util\jna\Kernel32Utils.java","133","5","133","90","0","0","0","0","0","0","0","0","0","0","0","0","0","0","0","0","0","0","0","0","0","0","0","0"
"L10547","UNICODE_OPTIONS","hudson.util.jna.Options.UNICODE_OPTIONS;Ljava/util/Map;","L11084","L103","C:\GIT\pris2\SourceMeter\Guille\jenkins-jenkins-2.328\core\src\main\java\hudson\util\jna\Options.java","34","3","39","5","0","0","0","0","0","0","0","0","0","0","0","0","0","0","0","0","0","0","0","0","0","0","0","0"
"L11098","handle","hudson.util.jna.RegistryKey.handle;I","L10797","L103","C:\GIT\pris2\SourceMeter\Guille\jenkins-jenkins-2.328\core\src\main\java\hudson\util\jna\RegistryKey.java","34","5","34","24","0","0","0","0","0","0","0","0","0","0","0","0","0","0","0","0","0","0","0","0","0","0","0","0"
"L11100","root","hudson.util.jna.RegistryKey.root;Lhudson/util/jna/RegistryKey;","L10797","L103","C:\GIT\pris2\SourceMeter\Guille\jenkins-jenkins-2.328\core\src\main\java\hudson\util\jna\RegistryKey.java","36","5","36","36","0","0","0","0","0","0","0","0","0","0","0","0","0","0","0","0","0","0","0","0","0","0","0","0"
"L11101","path","hudson.util.jna.RegistryKey.path;Ljava/lang/String;","L10797","L103","C:\GIT\pris2\SourceMeter\Guille\jenkins-jenkins-2.328\core\src\main\java\hudson\util\jna\RegistryKey.java","37","5","37","31","0","0","0","0","0","0","0","0","0","0","0","0","0","0","0","0","0","0","0","0","0","0","0","0"
"L11207","CLASSES_ROOT","hudson.util.jna.RegistryKey.CLASSES_ROOT;Lhudson/util/jna/RegistryKey;","L10797","L103","C:\GIT\pris2\SourceMeter\Guille\jenkins-jenkins-2.328\core\src\main\java\hudson\util\jna\RegistryKey.java","300","5","300","80","0","0","0","0","0","0","0","0","0","0","0","0","0","0","0","0","0","0","0","0","0","0","0","0"
"L11211","CURRENT_USER","hudson.util.jna.RegistryKey.CURRENT_USER;Lhudson/util/jna/RegistryKey;","L10797","L103","C:\GIT\pris2\SourceMeter\Guille\jenkins-jenkins-2.328\core\src\main\java\hudson\util\jna\RegistryKey.java","301","5","301","80","0","0","0","0","0","0","0","0","0","0","0","0","0","0","0","0","0","0","0","0","0","0","0","0"
"L10802","LOCAL_MACHINE","hudson.util.jna.RegistryKey.LOCAL_MACHINE;Lhudson/util/jna/RegistryKey;","L10797","L103","C:\GIT\pris2\SourceMeter\Guille\jenkins-jenkins-2.328\core\src\main\java\hudson\util\jna\RegistryKey.java","302","5","302","81","0","0","0","0","0","0","0","0","0","0","0","0","0","0","0","0","0","0","0","0","0","0","0","0"
"L11212","USERS","hudson.util.jna.RegistryKey.USERS;Lhudson/util/jna/RegistryKey;","L10797","L103","C:\GIT\pris2\SourceMeter\Guille\jenkins-jenkins-2.328\core\src\main\java\hudson\util\jna\RegistryKey.java","303","5","303","73","0","0","0","0","0","0","0","0","0","0","0","0","0","0","0","0","0","0","0","0","0","0","0","0"
"L11215","INSTANCE","hudson.util.jna.Shell32.INSTANCE;Lhudson/util/jna/Shell32;","L11213","L103","C:\GIT\pris2\SourceMeter\Guille\jenkins-jenkins-2.328\core\src\main\java\hudson\util\jna\Shell32.java","34","5","34","72","0","0","0","0","0","0","0","0","0","0","0","0","0","0","0","0","0","0","0","0","0","0","0","0"
"L11226","cbSize","hudson.util.jna.SHELLEXECUTEINFO.cbSize;I","L11221","L103","C:\GIT\pris2\SourceMeter\Guille\jenkins-jenkins-2.328\core\src\main\java\hudson\util\jna\SHELLEXECUTEINFO.java","64","5","64","32","0","0","0","0","0","0","0","0","0","0","0","0","0","0","0","0","0","0","0","0","0","0","0","0"
"L11227","fMask","hudson.util.jna.SHELLEXECUTEINFO.fMask;I","L11221","L103","C:\GIT\pris2\SourceMeter\Guille\jenkins-jenkins-2.328\core\src\main\java\hudson\util\jna\SHELLEXECUTEINFO.java","65","5","65","22","0","0","0","0","0","0","0","0","0","0","0","0","0","0","0","0","0","0","0","0","0","0","0","0"
"L11228","hwnd","hudson.util.jna.SHELLEXECUTEINFO.hwnd;LPointer;","L11221","L103","C:\GIT\pris2\SourceMeter\Guille\jenkins-jenkins-2.328\core\src\main\java\hudson\util\jna\SHELLEXECUTEINFO.java","66","5","66","25","0","0","0","0","0","0","0","0","0","0","0","0","0","0","0","0","0","0","0","0","0","0","0","0"
"L11229","lpVerb","hudson.util.jna.SHELLEXECUTEINFO.lpVerb;Ljava/lang/String;","L11221","L103","C:\GIT\pris2\SourceMeter\Guille\jenkins-jenkins-2.328\core\src\main\java\hudson\util\jna\SHELLEXECUTEINFO.java","67","5","67","26","0","0","0","0","0","0","0","0","0","0","0","0","0","0","0","0","0","0","0","0","0","0","0","0"
"L11230","lpFile","hudson.util.jna.SHELLEXECUTEINFO.lpFile;Ljava/lang/String;","L11221","L103","C:\GIT\pris2\SourceMeter\Guille\jenkins-jenkins-2.328\core\src\main\java\hudson\util\jna\SHELLEXECUTEINFO.java","68","5","68","26","0","0","0","0","0","0","0","0","0","0","0","0","0","0","0","0","0","0","0","0","0","0","0","0"
"L11231","lpParameters","hudson.util.jna.SHELLEXECUTEINFO.lpParameters;Ljava/lang/String;","L11221","L103","C:\GIT\pris2\SourceMeter\Guille\jenkins-jenkins-2.328\core\src\main\java\hudson\util\jna\SHELLEXECUTEINFO.java","69","5","69","32","0","0","0","0","0","0","0","0","0","0","0","0","0","0","0","0","0","0","0","0","0","0","0","0"
"L11232","lpDirectory","hudson.util.jna.SHELLEXECUTEINFO.lpDirectory;Ljava/lang/String;","L11221","L103","C:\GIT\pris2\SourceMeter\Guille\jenkins-jenkins-2.328\core\src\main\java\hudson\util\jna\SHELLEXECUTEINFO.java","70","5","70","31","0","0","0","0","0","0","0","0","0","0","0","0","0","0","0","0","0","0","0","0","0","0","0","0"
"L11233","nShow","hudson.util.jna.SHELLEXECUTEINFO.nShow;I","L11221","L103","C:\GIT\pris2\SourceMeter\Guille\jenkins-jenkins-2.328\core\src\main\java\hudson\util\jna\SHELLEXECUTEINFO.java","71","5","71","26","0","0","0","0","0","0","0","0","0","0","0","0","0","0","0","0","0","0","0","0","0","0","0","0"
"L11234","hInstApp","hudson.util.jna.SHELLEXECUTEINFO.hInstApp;LPointer;","L11221","L103","C:\GIT\pris2\SourceMeter\Guille\jenkins-jenkins-2.328\core\src\main\java\hudson\util\jna\SHELLEXECUTEINFO.java","72","5","72","29","0","0","0","0","0","0","0","0","0","0","0","0","0","0","0","0","0","0","0","0","0","0","0","0"
"L11235","lpIDList","hudson.util.jna.SHELLEXECUTEINFO.lpIDList;LPointer;","L11221","L103","C:\GIT\pris2\SourceMeter\Guille\jenkins-jenkins-2.328\core\src\main\java\hudson\util\jna\SHELLEXECUTEINFO.java","73","5","73","29","0","0","0","0","0","0","0","0","0","0","0","0","0","0","0","0","0","0","0","0","0","0","0","0"
"L11236","lpClass","hudson.util.jna.SHELLEXECUTEINFO.lpClass;Ljava/lang/String;","L11221","L103","C:\GIT\pris2\SourceMeter\Guille\jenkins-jenkins-2.328\core\src\main\java\hudson\util\jna\SHELLEXECUTEINFO.java","74","5","74","27","0","0","0","0","0","0","0","0","0","0","0","0","0","0","0","0","0","0","0","0","0","0","0","0"
"L11237","hkeyClass","hudson.util.jna.SHELLEXECUTEINFO.hkeyClass;LPointer;","L11221","L103","C:\GIT\pris2\SourceMeter\Guille\jenkins-jenkins-2.328\core\src\main\java\hudson\util\jna\SHELLEXECUTEINFO.java","75","5","75","30","0","0","0","0","0","0","0","0","0","0","0","0","0","0","0","0","0","0","0","0","0","0","0","0"
"L11238","dwHotKey","hudson.util.jna.SHELLEXECUTEINFO.dwHotKey;I","L11221","L103","C:\GIT\pris2\SourceMeter\Guille\jenkins-jenkins-2.328\core\src\main\java\hudson\util\jna\SHELLEXECUTEINFO.java","76","5","76","25","0","0","0","0","0","0","0","0","0","0","0","0","0","0","0","0","0","0","0","0","0","0","0","0"
"L11239","DUMMYUNIONNAME","hudson.util.jna.SHELLEXECUTEINFO.DUMMYUNIONNAME;Lhudson/util/jna/SHELLEXECUTEINFO$DUMMYUNIONNAME_union;","L11221","L103","C:\GIT\pris2\SourceMeter\Guille\jenkins-jenkins-2.328\core\src\main\java\hudson\util\jna\SHELLEXECUTEINFO.java","77","5","77","48","0","0","0","0","0","0","0","0","0","0","0","0","0","0","0","0","0","0","0","0","0","0","0","0"
"L11243","hProcess","hudson.util.jna.SHELLEXECUTEINFO.hProcess;LPointer;","L11221","L103","C:\GIT\pris2\SourceMeter\Guille\jenkins-jenkins-2.328\core\src\main\java\hudson\util\jna\SHELLEXECUTEINFO.java","78","5","78","29","0","0","0","0","0","0","0","0","0","0","0","0","0","0","0","0","0","0","0","0","0","0","0","0"
"L11244","SEE_MASK_NOCLOSEPROCESS","hudson.util.jna.SHELLEXECUTEINFO.SEE_MASK_NOCLOSEPROCESS;I","L11221","L103","C:\GIT\pris2\SourceMeter\Guille\jenkins-jenkins-2.328\core\src\main\java\hudson\util\jna\SHELLEXECUTEINFO.java","80","5","80","60","0","0","0","0","0","0","0","0","0","0","0","0","0","0","0","0","0","0","0","0","0","0","0","0"
"L11245","SW_HIDE","hudson.util.jna.SHELLEXECUTEINFO.SW_HIDE;I","L11221","L103","C:\GIT\pris2\SourceMeter\Guille\jenkins-jenkins-2.328\core\src\main\java\hudson\util\jna\SHELLEXECUTEINFO.java","81","5","81","41","0","0","0","0","0","0","0","0","0","0","0","0","0","0","0","0","0","0","0","0","0","0","0","0"
"L11246","SW_SHOW","hudson.util.jna.SHELLEXECUTEINFO.SW_SHOW;I","L11221","L103","C:\GIT\pris2\SourceMeter\Guille\jenkins-jenkins-2.328\core\src\main\java\hudson\util\jna\SHELLEXECUTEINFO.java","82","5","82","41","0","0","0","0","0","0","0","0","0","0","0","0","0","0","0","0","0","0","0","0","0","0","0","0"
"L11137","ERROR_SUCCESS","hudson.util.jna.WINERROR.ERROR_SUCCESS;I","L11271","L103","C:\GIT\pris2\SourceMeter\Guille\jenkins-jenkins-2.328\core\src\main\java\hudson\util\jna\WINERROR.java","24","5","24","27","0","0","0","0","0","0","0","0","0","0","0","0","0","0","0","0","0","0","0","0","0","0","0","0"
"L11273","NO_ERROR","hudson.util.jna.WINERROR.NO_ERROR;I","L11271","L103","C:\GIT\pris2\SourceMeter\Guille\jenkins-jenkins-2.328\core\src\main\java\hudson\util\jna\WINERROR.java","25","5","25","22","0","0","0","0","0","0","0","0","0","0","0","0","0","0","0","0","0","0","0","0","0","0","0","0"
"L11162","ERROR_FILE_NOT_FOUND","hudson.util.jna.WINERROR.ERROR_FILE_NOT_FOUND;I","L11271","L103","C:\GIT\pris2\SourceMeter\Guille\jenkins-jenkins-2.328\core\src\main\java\hudson\util\jna\WINERROR.java","26","5","26","34","0","0","0","0","0","0","0","0","0","0","0","0","0","0","0","0","0","0","0","0","0","0","0","0"
"L11135","ERROR_MORE_DATA","hudson.util.jna.WINERROR.ERROR_MORE_DATA;I","L11271","L103","C:\GIT\pris2\SourceMeter\Guille\jenkins-jenkins-2.328\core\src\main\java\hudson\util\jna\WINERROR.java","27","5","27","31","0","0","0","0","0","0","0","0","0","0","0","0","0","0","0","0","0","0","0","0","0","0","0","0"
"L11200","ERROR_NO_MORE_ITEMS","hudson.util.jna.WINERROR.ERROR_NO_MORE_ITEMS;I","L11271","L103","C:\GIT\pris2\SourceMeter\Guille\jenkins-jenkins-2.328\core\src\main\java\hudson\util\jna\WINERROR.java","28","5","28","35","0","0","0","0","0","0","0","0","0","0","0","0","0","0","0","0","0","0","0","0","0","0","0","0"
"L11275","errorCode","hudson.util.jna.WinIOException.errorCode;I","L11066","L103","C:\GIT\pris2\SourceMeter\Guille\jenkins-jenkins-2.328\core\src\main\java\hudson\util\jna\WinIOException.java","13","5","13","57","0","0","0","0","0","0","0","0","0","0","0","0","0","0","0","0","0","0","0","0","0","0","0","0"
"L11288","DELETE","hudson.util.jna.WINNT.DELETE;I","L11286","L103","C:\GIT\pris2\SourceMeter\Guille\jenkins-jenkins-2.328\core\src\main\java\hudson\util\jna\WINNT.java","24","3","24","33","0","0","0","0","0","0","0","0","0","0","0","0","0","0","0","0","0","0","0","0","0","0","0","0"
"L11289","READ_CONTROL","hudson.util.jna.WINNT.READ_CONTROL;I","L11286","L103","C:\GIT\pris2\SourceMeter\Guille\jenkins-jenkins-2.328\core\src\main\java\hudson\util\jna\WINNT.java","25","3","25","33","0","0","0","0","0","0","0","0","0","0","0","0","0","0","0","0","0","0","0","0","0","0","0","0"
"L11290","WRITE_DAC","hudson.util.jna.WINNT.WRITE_DAC;I","L11286","L103","C:\GIT\pris2\SourceMeter\Guille\jenkins-jenkins-2.328\core\src\main\java\hudson\util\jna\WINNT.java","26","3","26","33","0","0","0","0","0","0","0","0","0","0","0","0","0","0","0","0","0","0","0","0","0","0","0","0"
"L11291","WRITE_OWNER","hudson.util.jna.WINNT.WRITE_OWNER;I","L11286","L103","C:\GIT\pris2\SourceMeter\Guille\jenkins-jenkins-2.328\core\src\main\java\hudson\util\jna\WINNT.java","27","3","27","33","0","0","0","0","0","0","0","0","0","0","0","0","0","0","0","0","0","0","0","0","0","0","0","0"
"L11292","SYNCHRONIZE","hudson.util.jna.WINNT.SYNCHRONIZE;I","L11286","L103","C:\GIT\pris2\SourceMeter\Guille\jenkins-jenkins-2.328\core\src\main\java\hudson\util\jna\WINNT.java","28","3","28","33","0","0","0","0","0","0","0","0","0","0","0","0","0","0","0","0","0","0","0","0","0","0","0","0"
"L11293","STANDARD_RIGHTS_REQUIRED","hudson.util.jna.WINNT.STANDARD_RIGHTS_REQUIRED;I","L11286","L103","C:\GIT\pris2\SourceMeter\Guille\jenkins-jenkins-2.328\core\src\main\java\hudson\util\jna\WINNT.java","30","3","30","45","0","0","0","0","0","0","0","0","0","0","0","0","0","0","0","0","0","0","0","0","0","0","0","0"
"L11294","STANDARD_RIGHTS_READ","hudson.util.jna.WINNT.STANDARD_RIGHTS_READ;I","L11286","L103","C:\GIT\pris2\SourceMeter\Guille\jenkins-jenkins-2.328\core\src\main\java\hudson\util\jna\WINNT.java","32","3","32","46","0","0","0","0","0","0","0","0","0","0","0","0","0","0","0","0","0","0","0","0","0","0","0","0"
"L11296","STANDARD_RIGHTS_WRITE","hudson.util.jna.WINNT.STANDARD_RIGHTS_WRITE;I","L11286","L103","C:\GIT\pris2\SourceMeter\Guille\jenkins-jenkins-2.328\core\src\main\java\hudson\util\jna\WINNT.java","33","3","33","46","0","0","0","0","0","0","0","0","0","0","0","0","0","0","0","0","0","0","0","0","0","0","0","0"
"L11297","STANDARD_RIGHTS_EXECUTE","hudson.util.jna.WINNT.STANDARD_RIGHTS_EXECUTE;I","L11286","L103","C:\GIT\pris2\SourceMeter\Guille\jenkins-jenkins-2.328\core\src\main\java\hudson\util\jna\WINNT.java","34","3","34","46","0","0","0","0","0","0","0","0","0","0","0","0","0","0","0","0","0","0","0","0","0","0","0","0"
"L11298","STANDARD_RIGHTS_ALL","hudson.util.jna.WINNT.STANDARD_RIGHTS_ALL;I","L11286","L103","C:\GIT\pris2\SourceMeter\Guille\jenkins-jenkins-2.328\core\src\main\java\hudson\util\jna\WINNT.java","36","3","36","40","0","0","0","0","0","0","0","0","0","0","0","0","0","0","0","0","0","0","0","0","0","0","0","0"
"L11299","SPECIFIC_RIGHTS_ALL","hudson.util.jna.WINNT.SPECIFIC_RIGHTS_ALL;I","L11286","L103","C:\GIT\pris2\SourceMeter\Guille\jenkins-jenkins-2.328\core\src\main\java\hudson\util\jna\WINNT.java","38","3","38","40","0","0","0","0","0","0","0","0","0","0","0","0","0","0","0","0","0","0","0","0","0","0","0","0"
"L11300","GENERIC_EXECUTE","hudson.util.jna.WINNT.GENERIC_EXECUTE;I","L11286","L103","C:\GIT\pris2\SourceMeter\Guille\jenkins-jenkins-2.328\core\src\main\java\hudson\util\jna\WINNT.java","40","3","40","36","0","0","0","0","0","0","0","0","0","0","0","0","0","0","0","0","0","0","0","0","0","0","0","0"
"L11301","SERVICE_WIN32_OWN_PROCESS","hudson.util.jna.WINNT.SERVICE_WIN32_OWN_PROCESS;I","L11286","L103","C:\GIT\pris2\SourceMeter\Guille\jenkins-jenkins-2.328\core\src\main\java\hudson\util\jna\WINNT.java","42","3","42","46","0","0","0","0","0","0","0","0","0","0","0","0","0","0","0","0","0","0","0","0","0","0","0","0"
"L11302","KEY_QUERY_VALUE","hudson.util.jna.WINNT.KEY_QUERY_VALUE;I","L11286","L103","C:\GIT\pris2\SourceMeter\Guille\jenkins-jenkins-2.328\core\src\main\java\hudson\util\jna\WINNT.java","44","3","44","39","0","0","0","0","0","0","0","0","0","0","0","0","0","0","0","0","0","0","0","0","0","0","0","0"
"L11303","KEY_SET_VALUE","hudson.util.jna.WINNT.KEY_SET_VALUE;I","L11286","L103","C:\GIT\pris2\SourceMeter\Guille\jenkins-jenkins-2.328\core\src\main\java\hudson\util\jna\WINNT.java","45","3","45","39","0","0","0","0","0","0","0","0","0","0","0","0","0","0","0","0","0","0","0","0","0","0","0","0"
"L11304","KEY_CREATE_SUB_KEY","hudson.util.jna.WINNT.KEY_CREATE_SUB_KEY;I","L11286","L103","C:\GIT\pris2\SourceMeter\Guille\jenkins-jenkins-2.328\core\src\main\java\hudson\util\jna\WINNT.java","46","3","46","39","0","0","0","0","0","0","0","0","0","0","0","0","0","0","0","0","0","0","0","0","0","0","0","0"
"L11305","KEY_ENUMERATE_SUB_KEYS","hudson.util.jna.WINNT.KEY_ENUMERATE_SUB_KEYS;I","L11286","L103","C:\GIT\pris2\SourceMeter\Guille\jenkins-jenkins-2.328\core\src\main\java\hudson\util\jna\WINNT.java","47","3","47","39","0","0","0","0","0","0","0","0","0","0","0","0","0","0","0","0","0","0","0","0","0","0","0","0"
"L11306","KEY_NOTIFY","hudson.util.jna.WINNT.KEY_NOTIFY;I","L11286","L103","C:\GIT\pris2\SourceMeter\Guille\jenkins-jenkins-2.328\core\src\main\java\hudson\util\jna\WINNT.java","48","3","48","39","0","0","0","0","0","0","0","0","0","0","0","0","0","0","0","0","0","0","0","0","0","0","0","0"
"L11307","KEY_CREATE_LINK","hudson.util.jna.WINNT.KEY_CREATE_LINK;I","L11286","L103","C:\GIT\pris2\SourceMeter\Guille\jenkins-jenkins-2.328\core\src\main\java\hudson\util\jna\WINNT.java","49","3","49","39","0","0","0","0","0","0","0","0","0","0","0","0","0","0","0","0","0","0","0","0","0","0","0","0"
"L11308","KEY_READ","hudson.util.jna.WINNT.KEY_READ;I","L11286","L103","C:\GIT\pris2\SourceMeter\Guille\jenkins-jenkins-2.328\core\src\main\java\hudson\util\jna\WINNT.java","51","3","51","115","0","0","0","0","0","0","0","0","0","0","0","0","0","0","0","0","0","0","0","0","0","0","0","0"
"L11314","KEY_WRITE","hudson.util.jna.WINNT.KEY_WRITE;I","L11286","L103","C:\GIT\pris2\SourceMeter\Guille\jenkins-jenkins-2.328\core\src\main\java\hudson\util\jna\WINNT.java","52","3","52","97","0","0","0","0","0","0","0","0","0","0","0","0","0","0","0","0","0","0","0","0","0","0","0","0"
"L11318","REG_NONE","hudson.util.jna.WINNT.REG_NONE;I","L11286","L103","C:\GIT\pris2\SourceMeter\Guille\jenkins-jenkins-2.328\core\src\main\java\hudson\util\jna\WINNT.java","54","3","54","42","0","0","0","0","0","0","0","0","0","0","0","0","0","0","0","0","0","0","0","0","0","0","0","0"
"L11151","REG_SZ","hudson.util.jna.WINNT.REG_SZ;I","L11286","L103","C:\GIT\pris2\SourceMeter\Guille\jenkins-jenkins-2.328\core\src\main\java\hudson\util\jna\WINNT.java","55","3","55","42","0","0","0","0","0","0","0","0","0","0","0","0","0","0","0","0","0","0","0","0","0","0","0","0"
"L11319","REG_EXPAND_SZ","hudson.util.jna.WINNT.REG_EXPAND_SZ;I","L11286","L103","C:\GIT\pris2\SourceMeter\Guille\jenkins-jenkins-2.328\core\src\main\java\hudson\util\jna\WINNT.java","56","3","56","42","0","0","0","0","0","0","0","0","0","0","0","0","0","0","0","0","0","0","0","0","0","0","0","0"
"L11320","REG_BINARY","hudson.util.jna.WINNT.REG_BINARY;I","L11286","L103","C:\GIT\pris2\SourceMeter\Guille\jenkins-jenkins-2.328\core\src\main\java\hudson\util\jna\WINNT.java","58","3","58","42","0","0","0","0","0","0","0","0","0","0","0","0","0","0","0","0","0","0","0","0","0","0","0","0"
"L11157","REG_DWORD","hudson.util.jna.WINNT.REG_DWORD;I","L11286","L103","C:\GIT\pris2\SourceMeter\Guille\jenkins-jenkins-2.328\core\src\main\java\hudson\util\jna\WINNT.java","59","3","59","42","0","0","0","0","0","0","0","0","0","0","0","0","0","0","0","0","0","0","0","0","0","0","0","0"
"L11322","REG_DWORD_LITTLE_ENDIAN","hudson.util.jna.WINNT.REG_DWORD_LITTLE_ENDIAN;I","L11286","L103","C:\GIT\pris2\SourceMeter\Guille\jenkins-jenkins-2.328\core\src\main\java\hudson\util\jna\WINNT.java","60","3","60","42","0","0","0","0","0","0","0","0","0","0","0","0","0","0","0","0","0","0","0","0","0","0","0","0"
"L11323","REG_DWORD_BIG_ENDIAN","hudson.util.jna.WINNT.REG_DWORD_BIG_ENDIAN;I","L11286","L103","C:\GIT\pris2\SourceMeter\Guille\jenkins-jenkins-2.328\core\src\main\java\hudson\util\jna\WINNT.java","61","3","61","42","0","0","0","0","0","0","0","0","0","0","0","0","0","0","0","0","0","0","0","0","0","0","0","0"
"L11324","REG_LINK","hudson.util.jna.WINNT.REG_LINK;I","L11286","L103","C:\GIT\pris2\SourceMeter\Guille\jenkins-jenkins-2.328\core\src\main\java\hudson\util\jna\WINNT.java","62","3","62","42","0","0","0","0","0","0","0","0","0","0","0","0","0","0","0","0","0","0","0","0","0","0","0","0"
"L11325","REG_MULTI_SZ","hudson.util.jna.WINNT.REG_MULTI_SZ;I","L11286","L103","C:\GIT\pris2\SourceMeter\Guille\jenkins-jenkins-2.328\core\src\main\java\hudson\util\jna\WINNT.java","63","3","63","42","0","0","0","0","0","0","0","0","0","0","0","0","0","0","0","0","0","0","0","0","0","0","0","0"
"L11326","REG_RESOURCE_LIST","hudson.util.jna.WINNT.REG_RESOURCE_LIST;I","L11286","L103","C:\GIT\pris2\SourceMeter\Guille\jenkins-jenkins-2.328\core\src\main\java\hudson\util\jna\WINNT.java","64","3","64","42","0","0","0","0","0","0","0","0","0","0","0","0","0","0","0","0","0","0","0","0","0","0","0","0"
"L11327","REG_FULL_RESOURCE_DESCRIPTOR","hudson.util.jna.WINNT.REG_FULL_RESOURCE_DESCRIPTOR;I","L11286","L103","C:\GIT\pris2\SourceMeter\Guille\jenkins-jenkins-2.328\core\src\main\java\hudson\util\jna\WINNT.java","65","3","65","42","0","0","0","0","0","0","0","0","0","0","0","0","0","0","0","0","0","0","0","0","0","0","0","0"
"L11328","REG_RESOURCE_REQUIREMENTS_LIST","hudson.util.jna.WINNT.REG_RESOURCE_REQUIREMENTS_LIST;I","L11286","L103","C:\GIT\pris2\SourceMeter\Guille\jenkins-jenkins-2.328\core\src\main\java\hudson\util\jna\WINNT.java","66","3","66","43","0","0","0","0","0","0","0","0","0","0","0","0","0","0","0","0","0","0","0","0","0","0","0","0"
"L11329","REG_OPTION_RESERVED","hudson.util.jna.WINNT.REG_OPTION_RESERVED;I","L11286","L103","C:\GIT\pris2\SourceMeter\Guille\jenkins-jenkins-2.328\core\src\main\java\hudson\util\jna\WINNT.java","68","3","68","46","0","0","0","0","0","0","0","0","0","0","0","0","0","0","0","0","0","0","0","0","0","0","0","0"
"L11330","REG_OPTION_NON_VOLATILE","hudson.util.jna.WINNT.REG_OPTION_NON_VOLATILE;I","L11286","L103","C:\GIT\pris2\SourceMeter\Guille\jenkins-jenkins-2.328\core\src\main\java\hudson\util\jna\WINNT.java","69","3","69","46","0","0","0","0","0","0","0","0","0","0","0","0","0","0","0","0","0","0","0","0","0","0","0","0"
"L11331","REG_OPTION_VOLATILE","hudson.util.jna.WINNT.REG_OPTION_VOLATILE;I","L11286","L103","C:\GIT\pris2\SourceMeter\Guille\jenkins-jenkins-2.328\core\src\main\java\hudson\util\jna\WINNT.java","71","3","71","46","0","0","0","0","0","0","0","0","0","0","0","0","0","0","0","0","0","0","0","0","0","0","0","0"
"L11333","REG_OPTION_CREATE_LINK","hudson.util.jna.WINNT.REG_OPTION_CREATE_LINK;I","L11286","L103","C:\GIT\pris2\SourceMeter\Guille\jenkins-jenkins-2.328\core\src\main\java\hudson\util\jna\WINNT.java","73","3","73","46","0","0","0","0","0","0","0","0","0","0","0","0","0","0","0","0","0","0","0","0","0","0","0","0"
"L11335","REG_OPTION_BACKUP_RESTORE","hudson.util.jna.WINNT.REG_OPTION_BACKUP_RESTORE;I","L11286","L103","C:\GIT\pris2\SourceMeter\Guille\jenkins-jenkins-2.328\core\src\main\java\hudson\util\jna\WINNT.java","75","3","75","46","0","0","0","0","0","0","0","0","0","0","0","0","0","0","0","0","0","0","0","0","0","0","0","0"
"L11337","REG_OPTION_OPEN_LINK","hudson.util.jna.WINNT.REG_OPTION_OPEN_LINK;I","L11286","L103","C:\GIT\pris2\SourceMeter\Guille\jenkins-jenkins-2.328\core\src\main\java\hudson\util\jna\WINNT.java","78","3","78","46","0","0","0","0","0","0","0","0","0","0","0","0","0","0","0","0","0","0","0","0","0","0","0","0"
"L11416","value","hudson.util.KeyedDataStorage$Loading.value;Ljava/lang/Object;","L11413","L103","C:\GIT\pris2\SourceMeter\Guille\jenkins-jenkins-2.328\core\src\main\java\hudson\util\KeyedDataStorage.java","74","9","74","39","0","0","0","0","0","0","0","0","0","0","0","0","0","0","0","0","0","0","0","0","0","0","0","0"
"L11420","set","hudson.util.KeyedDataStorage$Loading.set;Z","L11413","L103","C:\GIT\pris2\SourceMeter\Guille\jenkins-jenkins-2.328\core\src\main\java\hudson\util\KeyedDataStorage.java","75","9","75","29","0","0","0","0","0","0","0","0","0","0","0","0","0","0","0","0","0","0","0","0","0","0","0","0"
"L11518","CR","hudson.util.LineEndingConversion$EOLType.CR;Lhudson/util/LineEndingConversion$EOLType;","L11510","L103","C:\GIT\pris2\SourceMeter\Guille\jenkins-jenkins-2.328\core\src\main\java\hudson\util\LineEndingConversion.java","15","9","15","11","0","0","0","0","0","0","0","0","0","0","0","0","0","0","0","0","0","0","0","0","0","0","0","0"
"L11519","CRLF","hudson.util.LineEndingConversion$EOLType.CRLF;Lhudson/util/LineEndingConversion$EOLType;","L11510","L103","C:\GIT\pris2\SourceMeter\Guille\jenkins-jenkins-2.328\core\src\main\java\hudson\util\LineEndingConversion.java","16","9","16","13","0","0","0","0","0","0","0","0","0","0","0","0","0","0","0","0","0","0","0","0","0","0","0","0"
"L11520","LF","hudson.util.LineEndingConversion$EOLType.LF;Lhudson/util/LineEndingConversion$EOLType;","L11510","L103","C:\GIT\pris2\SourceMeter\Guille\jenkins-jenkins-2.328\core\src\main\java\hudson\util\LineEndingConversion.java","17","9","17","11","0","0","0","0","0","0","0","0","0","0","0","0","0","0","0","0","0","0","0","0","0","0","0","0"
"L11521","LFCR","hudson.util.LineEndingConversion$EOLType.LFCR;Lhudson/util/LineEndingConversion$EOLType;","L11510","L103","C:\GIT\pris2\SourceMeter\Guille\jenkins-jenkins-2.328\core\src\main\java\hudson\util\LineEndingConversion.java","18","9","18","13","0","0","0","0","0","0","0","0","0","0","0","0","0","0","0","0","0","0","0","0","0","0","0","0"
"L11522","Mac","hudson.util.LineEndingConversion$EOLType.Mac;Lhudson/util/LineEndingConversion$EOLType;","L11510","L103","C:\GIT\pris2\SourceMeter\Guille\jenkins-jenkins-2.328\core\src\main\java\hudson\util\LineEndingConversion.java","19","9","19","12","0","0","0","0","0","0","0","0","0","0","0","0","0","0","0","0","0","0","0","0","0","0","0","0"
"L11523","Unix","hudson.util.LineEndingConversion$EOLType.Unix;Lhudson/util/LineEndingConversion$EOLType;","L11510","L103","C:\GIT\pris2\SourceMeter\Guille\jenkins-jenkins-2.328\core\src\main\java\hudson\util\LineEndingConversion.java","20","9","20","13","0","0","0","0","0","0","0","0","0","0","0","0","0","0","0","0","0","0","0","0","0","0","0","0"
"L11524","Windows","hudson.util.LineEndingConversion$EOLType.Windows;Lhudson/util/LineEndingConversion$EOLType;","L11510","L103","C:\GIT\pris2\SourceMeter\Guille\jenkins-jenkins-2.328\core\src\main\java\hudson\util\LineEndingConversion.java","21","9","21","16","0","0","0","0","0","0","0","0","0","0","0","0","0","0","0","0","0","0","0","0","0","0","0","0"
"L11548","name","hudson.util.ListBoxModel$Option.name;Ljava/lang/String;","L11543","L103","C:\GIT\pris2\SourceMeter\Guille\jenkins-jenkins-2.328\core\src\main\java\hudson\util\ListBoxModel.java","102","9","104","28","0","0","0","0","0","0","0","0","0","0","0","0","0","0","0","0","0","0","0","0","0","0","0","0"
"L11550","value","hudson.util.ListBoxModel$Option.value;Ljava/lang/String;","L11543","L103","C:\GIT\pris2\SourceMeter\Guille\jenkins-jenkins-2.328\core\src\main\java\hudson\util\ListBoxModel.java","108","9","110","29","0","0","0","0","0","0","0","0","0","0","0","0","0","0","0","0","0","0","0","0","0","0","0","0"
"L11552","selected","hudson.util.ListBoxModel$Option.selected;Z","L11543","L103","C:\GIT\pris2\SourceMeter\Guille\jenkins-jenkins-2.328\core\src\main\java\hudson\util\ListBoxModel.java","115","9","116","33","0","0","0","0","0","0","0","0","0","0","0","0","0","0","0","0","0","0","0","0","0","0","0","0"
"L11643","logger","hudson.util.LogTaskListener$LogOutputStream.logger;Ljava/util/logging/Logger;","L11631","L103","C:\GIT\pris2\SourceMeter\Guille\jenkins-jenkins-2.328\core\src\main\java\hudson\util\LogTaskListener.java","68","9","68","37","0","0","0","0","0","0","0","0","0","0","0","0","0","0","0","0","0","0","0","0","0","0","0","0"
"L11644","level","hudson.util.LogTaskListener$LogOutputStream.level;Ljava/util/logging/Level;","L11631","L103","C:\GIT\pris2\SourceMeter\Guille\jenkins-jenkins-2.328\core\src\main\java\hudson\util\LogTaskListener.java","69","9","69","35","0","0","0","0","0","0","0","0","0","0","0","0","0","0","0","0","0","0","0","0","0","0","0","0"
"L11645","caller","hudson.util.LogTaskListener$LogOutputStream.caller;Ljava/lang/StackTraceElement;","L11631","L103","C:\GIT\pris2\SourceMeter\Guille\jenkins-jenkins-2.328\core\src\main\java\hudson\util\LogTaskListener.java","70","9","70","48","0","0","0","0","0","0","0","0","0","0","0","0","0","0","0","0","0","0","0","0","0","0","0","0"
"L11649","baos","hudson.util.LogTaskListener$LogOutputStream.baos;Ljava/io/ByteArrayOutputStream;","L11631","L103","C:\GIT\pris2\SourceMeter\Guille\jenkins-jenkins-2.328\core\src\main\java\hudson\util\LogTaskListener.java","71","9","71","80","0","0","0","0","0","0","0","0","0","0","0","0","0","0","0","0","0","0","0","0","0","0","0","0"
"L12175","copyOnWriteListConverter","hudson.util.PersistedList$ConverterImpl.copyOnWriteListConverter;Lhudson/util/CopyOnWriteList$ConverterImpl;","L12173","L103","C:\GIT\pris2\SourceMeter\Guille\jenkins-jenkins-2.328\core\src\main\java\hudson\util\PersistedList.java","269","9","269","64","0","0","0","0","0","0","0","0","0","0","0","0","0","0","0","0","0","0","0","0","0","0","0","0"
"L12279","message","hudson.util.ProcessKillingVeto$VetoCause.message;Ljava/lang/String;","L12277","L103","C:\GIT\pris2\SourceMeter\Guille\jenkins-jenkins-2.328\core\src\main\java\hudson\util\ProcessKillingVeto.java","54","9","54","38","0","0","0","0","0","0","0","0","0","0","0","0","0","0","0","0","0","0","0","0","0","0","0","0"
"L12377","pid","hudson.util.ProcessTree$OSProcess.pid;I","L4471","L103","C:\GIT\pris2\SourceMeter\Guille\jenkins-jenkins-2.328\core\src\main\java\hudson\util\ProcessTree.java","228","9","228","23","0","0","0","0","0","0","0","0","0","0","0","0","0","0","0","0","0","0","0","0","0","0","0","0"
"L12460","pid","hudson.util.ProcessTree$SerializedProcess.pid;I","L12440","L103","C:\GIT\pris2\SourceMeter\Guille\jenkins-jenkins-2.328\core\src\main\java\hudson\util\ProcessTree.java","402","9","402","31","0","0","0","0","0","0","0","0","0","0","0","0","0","0","0","0","0","0","0","0","0","0","0","0"
"L12461","serialVersionUID","hudson.util.ProcessTree$SerializedProcess.serialVersionUID;J","L12440","L103","C:\GIT\pris2\SourceMeter\Guille\jenkins-jenkins-2.328\core\src\main\java\hudson\util\ProcessTree.java","403","9","403","57","0","0","0","0","0","0","0","0","0","0","0","0","0","0","0","0","0","0","0","0","0","0","0","0"
"L12557","p","hudson.util.ProcessTree$WindowsOSProcess.p;LWinProcess;","L12556","L103","C:\GIT\pris2\SourceMeter\Guille\jenkins-jenkins-2.328\core\src\main\java\hudson\util\ProcessTree.java","553","9","553","36","0","0","0","0","0","0","0","0","0","0","0","0","0","0","0","0","0","0","0","0","0","0","0","0"
"L12558","env","hudson.util.ProcessTree$WindowsOSProcess.env;Lhudson/EnvVars;","L12556","L103","C:\GIT\pris2\SourceMeter\Guille\jenkins-jenkins-2.328\core\src\main\java\hudson\util\ProcessTree.java","554","9","554","29","0","0","0","0","0","0","0","0","0","0","0","0","0","0","0","0","0","0","0","0","0","0","0","0"
"L12559","args","hudson.util.ProcessTree$WindowsOSProcess.args;Ljava/util/List;","L12556","L103","C:\GIT\pris2\SourceMeter\Guille\jenkins-jenkins-2.328\core\src\main\java\hudson\util\ProcessTree.java","555","9","555","35","0","0","0","0","0","0","0","0","0","0","0","0","0","0","0","0","0","0","0","0","0","0","0","0"
"L12661","JAVA8_PID_FIELD","hudson.util.ProcessTree$UnixReflection.JAVA8_PID_FIELD;Ljava/lang/reflect/Field;","L12657","L103","C:\GIT\pris2\SourceMeter\Guille\jenkins-jenkins-2.328\core\src\main\java\hudson\util\ProcessTree.java","899","9","899","52","0","0","0","0","0","0","0","0","0","0","0","0","0","0","0","0","0","0","0","0","0","0","0","0"
"L12663","JAVA9_PID_METHOD","hudson.util.ProcessTree$UnixReflection.JAVA9_PID_METHOD;Ljava/lang/reflect/Method;","L12657","L103","C:\GIT\pris2\SourceMeter\Guille\jenkins-jenkins-2.328\core\src\main\java\hudson\util\ProcessTree.java","905","9","905","54","0","0","0","0","0","0","0","0","0","0","0","0","0","0","0","0","0","0","0","0","0","0","0","0"
"L12665","JAVA8_DESTROY_PROCESS","hudson.util.ProcessTree$UnixReflection.JAVA8_DESTROY_PROCESS;Ljava/lang/reflect/Method;","L12657","L103","C:\GIT\pris2\SourceMeter\Guille\jenkins-jenkins-2.328\core\src\main\java\hudson\util\ProcessTree.java","912","9","912","59","0","0","0","0","0","0","0","0","0","0","0","0","0","0","0","0","0","0","0","0","0","0","0","0"
"L12667","JAVA_9_PROCESSHANDLE_OF","hudson.util.ProcessTree$UnixReflection.JAVA_9_PROCESSHANDLE_OF;Ljava/lang/reflect/Method;","L12657","L103","C:\GIT\pris2\SourceMeter\Guille\jenkins-jenkins-2.328\core\src\main\java\hudson\util\ProcessTree.java","913","9","913","61","0","0","0","0","0","0","0","0","0","0","0","0","0","0","0","0","0","0","0","0","0","0","0","0"
"L12668","JAVA_9_PROCESSHANDLE_DESTROY","hudson.util.ProcessTree$UnixReflection.JAVA_9_PROCESSHANDLE_DESTROY;Ljava/lang/reflect/Method;","L12657","L103","C:\GIT\pris2\SourceMeter\Guille\jenkins-jenkins-2.328\core\src\main\java\hudson\util\ProcessTree.java","914","9","914","66","0","0","0","0","0","0","0","0","0","0","0","0","0","0","0","0","0","0","0","0","0","0","0","0"
"L12843","sizeOf_kinfo_proc","hudson.util.ProcessTree$Darwin.sizeOf_kinfo_proc;I","L12508","L103","C:\GIT\pris2\SourceMeter\Guille\jenkins-jenkins-2.328\core\src\main\java\hudson\util\ProcessTree.java","1891","9","1891","45","0","0","0","0","0","0","0","0","0","0","0","0","0","0","0","0","0","0","0","0","0","0","0","0"
"L12855","sizeOf_kinfo_proc_32","hudson.util.ProcessTree$Darwin.sizeOf_kinfo_proc_32;I","L12508","L103","C:\GIT\pris2\SourceMeter\Guille\jenkins-jenkins-2.328\core\src\main\java\hudson\util\ProcessTree.java","1892","9","1892","61","0","0","0","0","0","0","0","0","0","0","0","0","0","0","0","0","0","0","0","0","0","0","0","0"
"L12845","sizeOf_kinfo_proc_64","hudson.util.ProcessTree$Darwin.sizeOf_kinfo_proc_64;I","L12508","L103","C:\GIT\pris2\SourceMeter\Guille\jenkins-jenkins-2.328\core\src\main\java\hudson\util\ProcessTree.java","1893","9","1893","61","0","0","0","0","0","0","0","0","0","0","0","0","0","0","0","0","0","0","0","0","0","0","0","0"
"L12847","kinfo_proc_pid_offset","hudson.util.ProcessTree$Darwin.kinfo_proc_pid_offset;I","L12508","L103","C:\GIT\pris2\SourceMeter\Guille\jenkins-jenkins-2.328\core\src\main\java\hudson\util\ProcessTree.java","1894","9","1894","49","0","0","0","0","0","0","0","0","0","0","0","0","0","0","0","0","0","0","0","0","0","0","0","0"
"L12857","kinfo_proc_pid_offset_32","hudson.util.ProcessTree$Darwin.kinfo_proc_pid_offset_32;I","L12508","L103","C:\GIT\pris2\SourceMeter\Guille\jenkins-jenkins-2.328\core\src\main\java\hudson\util\ProcessTree.java","1895","9","1895","64","0","0","0","0","0","0","0","0","0","0","0","0","0","0","0","0","0","0","0","0","0","0","0","0"
"L12849","kinfo_proc_pid_offset_64","hudson.util.ProcessTree$Darwin.kinfo_proc_pid_offset_64;I","L12508","L103","C:\GIT\pris2\SourceMeter\Guille\jenkins-jenkins-2.328\core\src\main\java\hudson\util\ProcessTree.java","1896","9","1896","64","0","0","0","0","0","0","0","0","0","0","0","0","0","0","0","0","0","0","0","0","0","0","0","0"
"L12851","kinfo_proc_ppid_offset","hudson.util.ProcessTree$Darwin.kinfo_proc_ppid_offset;I","L12508","L103","C:\GIT\pris2\SourceMeter\Guille\jenkins-jenkins-2.328\core\src\main\java\hudson\util\ProcessTree.java","1897","9","1897","50","0","0","0","0","0","0","0","0","0","0","0","0","0","0","0","0","0","0","0","0","0","0","0","0"
"L12859","kinfo_proc_ppid_offset_32","hudson.util.ProcessTree$Darwin.kinfo_proc_ppid_offset_32;I","L12508","L103","C:\GIT\pris2\SourceMeter\Guille\jenkins-jenkins-2.328\core\src\main\java\hudson\util\ProcessTree.java","1898","9","1898","66","0","0","0","0","0","0","0","0","0","0","0","0","0","0","0","0","0","0","0","0","0","0","0","0"
"L12853","kinfo_proc_ppid_offset_64","hudson.util.ProcessTree$Darwin.kinfo_proc_ppid_offset_64;I","L12508","L103","C:\GIT\pris2\SourceMeter\Guille\jenkins-jenkins-2.328\core\src\main\java\hudson\util\ProcessTree.java","1899","9","1899","66","0","0","0","0","0","0","0","0","0","0","0","0","0","0","0","0","0","0","0","0","0","0","0","0"
"L12885","sizeOfInt","hudson.util.ProcessTree$Darwin.sizeOfInt;I","L12508","L103","C:\GIT\pris2\SourceMeter\Guille\jenkins-jenkins-2.328\core\src\main\java\hudson\util\ProcessTree.java","1900","9","1900","78","0","0","0","0","0","0","0","0","0","0","0","0","0","0","0","0","0","0","0","0","0","0","0","0"
"L12887","CTL_KERN","hudson.util.ProcessTree$Darwin.CTL_KERN;I","L12508","L103","C:\GIT\pris2\SourceMeter\Guille\jenkins-jenkins-2.328\core\src\main\java\hudson\util\ProcessTree.java","1901","9","1901","47","0","0","0","0","0","0","0","0","0","0","0","0","0","0","0","0","0","0","0","0","0","0","0","0"
"L12915","KERN_PROC","hudson.util.ProcessTree$Darwin.KERN_PROC;I","L12508","L103","C:\GIT\pris2\SourceMeter\Guille\jenkins-jenkins-2.328\core\src\main\java\hudson\util\ProcessTree.java","1902","9","1902","49","0","0","0","0","0","0","0","0","0","0","0","0","0","0","0","0","0","0","0","0","0","0","0","0"
"L12916","KERN_PROC_ALL","hudson.util.ProcessTree$Darwin.KERN_PROC_ALL;I","L12508","L103","C:\GIT\pris2\SourceMeter\Guille\jenkins-jenkins-2.328\core\src\main\java\hudson\util\ProcessTree.java","1903","9","1903","52","0","0","0","0","0","0","0","0","0","0","0","0","0","0","0","0","0","0","0","0","0","0","0","0"
"L12865","ENOMEM","hudson.util.ProcessTree$Darwin.ENOMEM;I","L12508","L103","C:\GIT\pris2\SourceMeter\Guille\jenkins-jenkins-2.328\core\src\main\java\hudson\util\ProcessTree.java","1904","9","1904","46","0","0","0","0","0","0","0","0","0","0","0","0","0","0","0","0","0","0","0","0","0","0","0","0"
"L12862","MIB_PROC_ALL","hudson.util.ProcessTree$Darwin.MIB_PROC_ALL;[I","L12508","L103","C:\GIT\pris2\SourceMeter\Guille\jenkins-jenkins-2.328\core\src\main\java\hudson\util\ProcessTree.java","1905","9","1905","82","0","0","0","0","0","0","0","0","0","0","0","0","0","0","0","0","0","0","0","0","0","0","0","0"
"L12889","KERN_ARGMAX","hudson.util.ProcessTree$Darwin.KERN_ARGMAX;I","L12508","L103","C:\GIT\pris2\SourceMeter\Guille\jenkins-jenkins-2.328\core\src\main\java\hudson\util\ProcessTree.java","1906","9","1906","50","0","0","0","0","0","0","0","0","0","0","0","0","0","0","0","0","0","0","0","0","0","0","0","0"
"L12907","KERN_PROCARGS2","hudson.util.ProcessTree$Darwin.KERN_PROCARGS2;I","L12508","L103","C:\GIT\pris2\SourceMeter\Guille\jenkins-jenkins-2.328\core\src\main\java\hudson\util\ProcessTree.java","1907","9","1907","54","0","0","0","0","0","0","0","0","0","0","0","0","0","0","0","0","0","0","0","0","0","0","0","0"
"L12920","ENOMEM","hudson.util.ProcessTree$FreeBSD.ENOMEM;I","L12513","L103","C:\GIT\pris2\SourceMeter\Guille\jenkins-jenkins-2.328\core\src\main\java\hudson\util\ProcessTree.java","1916","9","1916","46","0","0","0","0","0","0","0","0","0","0","0","0","0","0","0","0","0","0","0","0","0","0","0","0"
"L12922","CTL_KERN","hudson.util.ProcessTree$FreeBSD.CTL_KERN;I","L12513","L103","C:\GIT\pris2\SourceMeter\Guille\jenkins-jenkins-2.328\core\src\main\java\hudson\util\ProcessTree.java","1919","9","1919","47","0","0","0","0","0","0","0","0","0","0","0","0","0","0","0","0","0","0","0","0","0","0","0","0"
"L12924","KERN_ARGMAX","hudson.util.ProcessTree$FreeBSD.KERN_ARGMAX;I","L12513","L103","C:\GIT\pris2\SourceMeter\Guille\jenkins-jenkins-2.328\core\src\main\java\hudson\util\ProcessTree.java","1920","9","1920","50","0","0","0","0","0","0","0","0","0","0","0","0","0","0","0","0","0","0","0","0","0","0","0","0"
"L12925","KERN_PROC","hudson.util.ProcessTree$FreeBSD.KERN_PROC;I","L12513","L103","C:\GIT\pris2\SourceMeter\Guille\jenkins-jenkins-2.328\core\src\main\java\hudson\util\ProcessTree.java","1921","9","1921","49","0","0","0","0","0","0","0","0","0","0","0","0","0","0","0","0","0","0","0","0","0","0","0","0"
"L12926","KERN_PROC_ALL","hudson.util.ProcessTree$FreeBSD.KERN_PROC_ALL;I","L12513","L103","C:\GIT\pris2\SourceMeter\Guille\jenkins-jenkins-2.328\core\src\main\java\hudson\util\ProcessTree.java","1922","9","1922","52","0","0","0","0","0","0","0","0","0","0","0","0","0","0","0","0","0","0","0","0","0","0","0","0"
"L12927","KERN_PROC_ARGS","hudson.util.ProcessTree$FreeBSD.KERN_PROC_ARGS;I","L12513","L103","C:\GIT\pris2\SourceMeter\Guille\jenkins-jenkins-2.328\core\src\main\java\hudson\util\ProcessTree.java","1923","9","1923","53","0","0","0","0","0","0","0","0","0","0","0","0","0","0","0","0","0","0","0","0","0","0","0","0"
"L12928","KERN_PROC_ENV","hudson.util.ProcessTree$FreeBSD.KERN_PROC_ENV;I","L12513","L103","C:\GIT\pris2\SourceMeter\Guille\jenkins-jenkins-2.328\core\src\main\java\hudson\util\ProcessTree.java","1924","9","1924","53","0","0","0","0","0","0","0","0","0","0","0","0","0","0","0","0","0","0","0","0","0","0","0","0"
"L12929","sizeOf_kinfo_proc","hudson.util.ProcessTree$FreeBSD.sizeOf_kinfo_proc;J","L12513","L103","C:\GIT\pris2\SourceMeter\Guille\jenkins-jenkins-2.328\core\src\main\java\hudson\util\ProcessTree.java","1927","9","1927","46","0","0","0","0","0","0","0","0","0","0","0","0","0","0","0","0","0","0","0","0","0","0","0","0"
"L12931","sizeOf_kinfo_proc_32","hudson.util.ProcessTree$FreeBSD.sizeOf_kinfo_proc_32;J","L12513","L103","C:\GIT\pris2\SourceMeter\Guille\jenkins-jenkins-2.328\core\src\main\java\hudson\util\ProcessTree.java","1928","9","1928","62","0","0","0","0","0","0","0","0","0","0","0","0","0","0","0","0","0","0","0","0","0","0","0","0"
"L12932","sizeOf_kinfo_proc_64","hudson.util.ProcessTree$FreeBSD.sizeOf_kinfo_proc_64;J","L12513","L103","C:\GIT\pris2\SourceMeter\Guille\jenkins-jenkins-2.328\core\src\main\java\hudson\util\ProcessTree.java","1929","9","1929","63","0","0","0","0","0","0","0","0","0","0","0","0","0","0","0","0","0","0","0","0","0","0","0","0"
"L12933","kinfo_proc_pid_offset","hudson.util.ProcessTree$FreeBSD.kinfo_proc_pid_offset;I","L12513","L103","C:\GIT\pris2\SourceMeter\Guille\jenkins-jenkins-2.328\core\src\main\java\hudson\util\ProcessTree.java","1930","9","1930","49","0","0","0","0","0","0","0","0","0","0","0","0","0","0","0","0","0","0","0","0","0","0","0","0"
"L12934","kinfo_proc_pid_offset_32","hudson.util.ProcessTree$FreeBSD.kinfo_proc_pid_offset_32;I","L12513","L103","C:\GIT\pris2\SourceMeter\Guille\jenkins-jenkins-2.328\core\src\main\java\hudson\util\ProcessTree.java","1931","9","1931","64","0","0","0","0","0","0","0","0","0","0","0","0","0","0","0","0","0","0","0","0","0","0","0","0"
"L12935","kinfo_proc_pid_offset_64","hudson.util.ProcessTree$FreeBSD.kinfo_proc_pid_offset_64;I","L12513","L103","C:\GIT\pris2\SourceMeter\Guille\jenkins-jenkins-2.328\core\src\main\java\hudson\util\ProcessTree.java","1932","9","1932","64","0","0","0","0","0","0","0","0","0","0","0","0","0","0","0","0","0","0","0","0","0","0","0","0"
"L12936","kinfo_proc_ppid_offset","hudson.util.ProcessTree$FreeBSD.kinfo_proc_ppid_offset;I","L12513","L103","C:\GIT\pris2\SourceMeter\Guille\jenkins-jenkins-2.328\core\src\main\java\hudson\util\ProcessTree.java","1933","9","1933","50","0","0","0","0","0","0","0","0","0","0","0","0","0","0","0","0","0","0","0","0","0","0","0","0"
"L12937","kinfo_proc_ppid_offset_32","hudson.util.ProcessTree$FreeBSD.kinfo_proc_ppid_offset_32;I","L12513","L103","C:\GIT\pris2\SourceMeter\Guille\jenkins-jenkins-2.328\core\src\main\java\hudson\util\ProcessTree.java","1934","9","1934","65","0","0","0","0","0","0","0","0","0","0","0","0","0","0","0","0","0","0","0","0","0","0","0","0"
"L12938","kinfo_proc_ppid_offset_64","hudson.util.ProcessTree$FreeBSD.kinfo_proc_ppid_offset_64;I","L12513","L103","C:\GIT\pris2\SourceMeter\Guille\jenkins-jenkins-2.328\core\src\main\java\hudson\util\ProcessTree.java","1935","9","1935","65","0","0","0","0","0","0","0","0","0","0","0","0","0","0","0","0","0","0","0","0","0","0","0","0"
"L12939","sizeOfInt","hudson.util.ProcessTree$FreeBSD.sizeOfInt;I","L12513","L103","C:\GIT\pris2\SourceMeter\Guille\jenkins-jenkins-2.328\core\src\main\java\hudson\util\ProcessTree.java","1936","9","1936","78","0","0","0","0","0","0","0","0","0","0","0","0","0","0","0","0","0","0","0","0","0","0","0","0"
"L12998","proxy","hudson.util.ProcessTree$Remote.proxy;Lhudson/util/ProcessTreeRemoting$IProcessTree;","L12996","L103","C:\GIT\pris2\SourceMeter\Guille\jenkins-jenkins-2.328\core\src\main\java\hudson\util\ProcessTree.java","2151","9","2151","42","0","0","0","0","0","0","0","0","0","0","0","0","0","0","0","0","0","0","0","0","0","0","0","0"
"L13022","serialVersionUID","hudson.util.ProcessTree$Remote.serialVersionUID;J","L12996","L103","C:\GIT\pris2\SourceMeter\Guille\jenkins-jenkins-2.328\core\src\main\java\hudson\util\ProcessTree.java","2184","9","2184","57","0","0","0","0","0","0","0","0","0","0","0","0","0","0","0","0","0","0","0","0","0","0","0","0"
"L13160","method","hudson.util.ReflectionUtils$MethodInfo.method;Ljava/lang/reflect/Method;","L13143","L103","C:\GIT\pris2\SourceMeter\Guille\jenkins-jenkins-2.328\core\src\main\java\hudson\util\ReflectionUtils.java","87","9","87","37","0","0","0","0","0","0","0","0","0","0","0","0","0","0","0","0","0","0","0","0","0","0","0","0"
"L13161","types","hudson.util.ReflectionUtils$MethodInfo.types;[Ljava/lang/Class;","L13143","L103","C:\GIT\pris2\SourceMeter\Guille\jenkins-jenkins-2.328\core\src\main\java\hudson\util\ReflectionUtils.java","88","9","88","40","0","0","0","0","0","0","0","0","0","0","0","0","0","0","0","0","0","0","0","0","0","0","0","0"
"L13163","genericTypes","hudson.util.ReflectionUtils$MethodInfo.genericTypes;[Ljava/lang/reflect/Type;","L13143","L103","C:\GIT\pris2\SourceMeter\Guille\jenkins-jenkins-2.328\core\src\main\java\hudson\util\ReflectionUtils.java","89","9","89","37","0","0","0","0","0","0","0","0","0","0","0","0","0","0","0","0","0","0","0","0","0","0","0","0"
"L13165","annotations","hudson.util.ReflectionUtils$MethodInfo.annotations;[[Ljava/lang/annotation/Annotation;","L13143","L103","C:\GIT\pris2\SourceMeter\Guille\jenkins-jenkins-2.328\core\src\main\java\hudson\util\ReflectionUtils.java","90","9","90","44","0","0","0","0","0","0","0","0","0","0","0","0","0","0","0","0","0","0","0","0","0","0","0","0"
"L13168","names","hudson.util.ReflectionUtils$MethodInfo.names;[Ljava/lang/String;","L13143","L103","C:\GIT\pris2\SourceMeter\Guille\jenkins-jenkins-2.328\core\src\main\java\hudson\util\ReflectionUtils.java","91","9","91","32","0","0","0","0","0","0","0","0","0","0","0","0","0","0","0","0","0","0","0","0","0","0","0","0"
"L13189","parent","hudson.util.ReflectionUtils$Parameter.parent;Lhudson/util/ReflectionUtils$MethodInfo;","L3049","L103","C:\GIT\pris2\SourceMeter\Guille\jenkins-jenkins-2.328\core\src\main\java\hudson\util\ReflectionUtils.java","128","9","128","41","0","0","0","0","0","0","0","0","0","0","0","0","0","0","0","0","0","0","0","0","0","0","0","0"
"L13190","index","hudson.util.ReflectionUtils$Parameter.index;I","L3049","L103","C:\GIT\pris2\SourceMeter\Guille\jenkins-jenkins-2.328\core\src\main\java\hudson\util\ReflectionUtils.java","129","9","129","33","0","0","0","0","0","0","0","0","0","0","0","0","0","0","0","0","0","0","0","0","0","0","0","0"
"L13267","serialVersionUID","hudson.util.RemotingDiagnostics$GetSystemProperties.serialVersionUID;J","L13250","L103","C:\GIT\pris2\SourceMeter\Guille\jenkins-jenkins-2.328\core\src\main\java\hudson\util\RemotingDiagnostics.java","83","9","83","57","0","0","0","0","0","0","0","0","0","0","0","0","0","0","0","0","0","0","0","0","0","0","0","0"
"L13301","serialVersionUID","hudson.util.RemotingDiagnostics$GetThreadDump.serialVersionUID;J","L13272","L103","C:\GIT\pris2\SourceMeter\Guille\jenkins-jenkins-2.328\core\src\main\java\hudson\util\RemotingDiagnostics.java","109","9","109","57","0","0","0","0","0","0","0","0","0","0","0","0","0","0","0","0","0","0","0","0","0","0","0","0"
"L13314","script","hudson.util.RemotingDiagnostics$Script.script;Ljava/lang/String;","L13306","L103","C:\GIT\pris2\SourceMeter\Guille\jenkins-jenkins-2.328\core\src\main\java\hudson\util\RemotingDiagnostics.java","120","9","120","37","0","0","0","0","0","0","0","0","0","0","0","0","0","0","0","0","0","0","0","0","0","0","0","0"
"L13315","cl","hudson.util.RemotingDiagnostics$Script.cl;Ljava/lang/ClassLoader;","L13306","L103","C:\GIT\pris2\SourceMeter\Guille\jenkins-jenkins-2.328\core\src\main\java\hudson\util\RemotingDiagnostics.java","121","9","121","42","0","0","0","0","0","0","0","0","0","0","0","0","0","0","0","0","0","0","0","0","0","0","0","0"
"L13326","serialVersionUID","hudson.util.RemotingDiagnostics$Script.serialVersionUID;J","L13306","L103","C:\GIT\pris2\SourceMeter\Guille\jenkins-jenkins-2.328\core\src\main\java\hudson\util\RemotingDiagnostics.java","159","9","159","57","0","0","0","0","0","0","0","0","0","0","0","0","0","0","0","0","0","0","0","0","0","0","0","0"
"L13356","serialVersionUID","hudson.util.RemotingDiagnostics$GetHeapDump.serialVersionUID;J","L13330","L103","C:\GIT\pris2\SourceMeter\Guille\jenkins-jenkins-2.328\core\src\main\java\hudson\util\RemotingDiagnostics.java","185","13","185","61","0","0","0","0","0","0","0","0","0","0","0","0","0","0","0","0","0","0","0","0","0","0","0","0"
"L13359","owner","hudson.util.RemotingDiagnostics$HeapDump.owner;Lhudson/security/AccessControlled;","L13357","L103","C:\GIT\pris2\SourceMeter\Guille\jenkins-jenkins-2.328\core\src\main\java\hudson\util\RemotingDiagnostics.java","193","9","193","46","0","0","0","0","0","0","0","0","0","0","0","0","0","0","0","0","0","0","0","0","0","0","0","0"
"L13360","channel","hudson.util.RemotingDiagnostics$HeapDump.channel;LVirtualChannel;","L13357","L103","C:\GIT\pris2\SourceMeter\Guille\jenkins-jenkins-2.328\core\src\main\java\hudson\util\RemotingDiagnostics.java","194","9","194","46","0","0","0","0","0","0","0","0","0","0","0","0","0","0","0","0","0","0","0","0","0","0","0","0"
"L13420","callable","hudson.util.Retrier$Builder.callable;Ljava/util/concurrent/Callable;","L13408","L103","C:\GIT\pris2\SourceMeter\Guille\jenkins-jenkins-2.328\core\src\main\java\hudson\util\Retrier.java","110","9","110","38","0","0","0","0","0","0","0","0","0","0","0","0","0","0","0","0","0","0","0","0","0","0","0","0"
"L13426","action","hudson.util.Retrier$Builder.action;Ljava/lang/String;","L13408","L103","C:\GIT\pris2\SourceMeter\Guille\jenkins-jenkins-2.328\core\src\main\java\hudson\util\Retrier.java","111","9","111","31","0","0","0","0","0","0","0","0","0","0","0","0","0","0","0","0","0","0","0","0","0","0","0","0"
"L13423","checkResult","hudson.util.Retrier$Builder.checkResult;Ljava/util/function/BiPredicate;","L13408","L103","C:\GIT\pris2\SourceMeter\Guille\jenkins-jenkins-2.328\core\src\main\java\hudson\util\Retrier.java","112","9","112","53","0","0","0","0","0","0","0","0","0","0","0","0","0","0","0","0","0","0","0","0","0","0","0","0"
"L13414","attempts","hudson.util.Retrier$Builder.attempts;I","L13408","L103","C:\GIT\pris2\SourceMeter\Guille\jenkins-jenkins-2.328\core\src\main\java\hudson\util\Retrier.java","114","9","114","34","0","0","0","0","0","0","0","0","0","0","0","0","0","0","0","0","0","0","0","0","0","0","0","0"
"L13417","delay","hudson.util.Retrier$Builder.delay;J","L13408","L103","C:\GIT\pris2\SourceMeter\Guille\jenkins-jenkins-2.328\core\src\main\java\hudson\util\Retrier.java","115","9","115","35","0","0","0","0","0","0","0","0","0","0","0","0","0","0","0","0","0","0","0","0","0","0","0","0"
"L13429","duringActionExceptionListener","hudson.util.Retrier$Builder.duringActionExceptionListener;Ljava/util/function/BiFunction;","L13408","L103","C:\GIT\pris2\SourceMeter\Guille\jenkins-jenkins-2.328\core\src\main\java\hudson\util\Retrier.java","116","9","116","81","0","0","0","0","0","0","0","0","0","0","0","0","0","0","0","0","0","0","0","0","0","0","0","0"
"L13432","duringActionExceptions","hudson.util.Retrier$Builder.duringActionExceptions;[Ljava/lang/Class;","L13408","L103","C:\GIT\pris2\SourceMeter\Guille\jenkins-jenkins-2.328\core\src\main\java\hudson\util\Retrier.java","117","9","117","51","0","0","0","0","0","0","0","0","0","0","0","0","0","0","0","0","0","0","0","0","0","0","0","0"
"L13772","seen","hudson.util.RobustReflectionConverter$SeenFields.seen;Ljava/util/Set;","L13714","L103","C:\GIT\pris2\SourceMeter\Guille\jenkins-jenkins-2.328\core\src\main\java\hudson\util\RobustReflectionConverter.java","495","9","495","42","0","0","0","0","0","0","0","0","0","0","0","0","0","0","0","0","0","0","0","0","0","0","0","0"
"L13936","predicate","hudson.util.RunList$PredicateAdapter.predicate;Ljava/util/function/Predicate;","L13931","L103","C:\GIT\pris2\SourceMeter\Guille\jenkins-jenkins-2.328\core\src\main\java\hudson\util\RunList.java","232","9","232","46","0","0","0","0","0","0","0","0","0","0","0","0","0","0","0","0","0","0","0","0","0","0","0","0"
"L14264","item","hudson.util.SequentialExecutionQueue$QueueEntry.item;Ljava/lang/Runnable;","L14215","L103","C:\GIT\pris2\SourceMeter\Guille\jenkins-jenkins-2.328\core\src\main\java\hudson\util\SequentialExecutionQueue.java","98","9","98","37","0","0","0","0","0","0","0","0","0","0","0","0","0","0","0","0","0","0","0","0","0","0","0","0"
"L14249","queued","hudson.util.SequentialExecutionQueue$QueueEntry.queued;Z","L14215","L103","C:\GIT\pris2\SourceMeter\Guille\jenkins-jenkins-2.328\core\src\main\java\hudson\util\SequentialExecutionQueue.java","99","9","99","32","0","0","0","0","0","0","0","0","0","0","0","0","0","0","0","0","0","0","0","0","0","0","0","0"
"L14254","submissionTime","hudson.util.SequentialExecutionQueue$QueueEntry.submissionTime;J","L14215","L103","C:\GIT\pris2\SourceMeter\Guille\jenkins-jenkins-2.328\core\src\main\java\hudson\util\SequentialExecutionQueue.java","100","9","100","37","0","0","0","0","0","0","0","0","0","0","0","0","0","0","0","0","0","0","0","0","0","0","0","0"
"L14537","tags","hudson.util.TableNestChecker$InList.tags;Ljava/util/Set;","L14536","L103","C:\GIT\pris2\SourceMeter\Guille\jenkins-jenkins-2.328\core\src\main\java\hudson\util\TableNestChecker.java","104","9","104","40","0","0","0","0","0","0","0","0","0","0","0","0","0","0","0","0","0","0","0","0","0","0","0","0"
"L14561","item","hudson.util.TagCloud$Entry.item;Ljava/lang/Object;","L14556","L103","C:\GIT\pris2\SourceMeter\Guille\jenkins-jenkins-2.328\core\src\main\java\hudson\util\TagCloud.java","41","9","41","29","0","0","0","0","0","0","0","0","0","0","0","0","0","0","0","0","0","0","0","0","0","0","0","0"
"L14565","weight","hudson.util.TagCloud$Entry.weight;F","L14556","L103","C:\GIT\pris2\SourceMeter\Guille\jenkins-jenkins-2.328\core\src\main\java\hudson\util\TagCloud.java","42","9","42","35","0","0","0","0","0","0","0","0","0","0","0","0","0","0","0","0","0","0","0","0","0","0","0","0"
"L15007","data","hudson.util.VariableResolver$ByMap.data;Ljava/util/Map;","L14999","L103","C:\GIT\pris2\SourceMeter\Guille\jenkins-jenkins-2.328\core\src\main\java\hudson\util\VariableResolver.java","65","9","65","43","0","0","0","0","0","0","0","0","0","0","0","0","0","0","0","0","0","0","0","0","0","0","0","0"
"L15018","resolvers","hudson.util.VariableResolver$Union.resolvers;[Lhudson/util/VariableResolver;","L15016","L103","C:\GIT\pris2\SourceMeter\Guille\jenkins-jenkins-2.328\core\src\main\java\hudson\util\VariableResolver.java","81","9","81","65","0","0","0","0","0","0","0","0","0","0","0","0","0","0","0","0","0","0","0","0","0","0","0","0"
"L15219","xstream","hudson.util.XStream2$AssociatedConverterImpl.xstream;LXStream;","L15155","L103","C:\GIT\pris2\SourceMeter\Guille\jenkins-jenkins-2.328\core\src\main\java\hudson\util\XStream2.java","414","9","414","39","0","0","0","0","0","0","0","0","0","0","0","0","0","0","0","0","0","0","0","0","0","0","0","0"
"L15220","cache","hudson.util.XStream2$AssociatedConverterImpl.cache;Ljava/util/concurrent/ConcurrentHashMap;","L15155","L103","C:\GIT\pris2\SourceMeter\Guille\jenkins-jenkins-2.328\core\src\main\java\hudson\util\XStream2.java","415","9","416","43","0","0","0","0","0","0","0","0","0","0","0","0","0","0","0","0","0","0","0","0","0","0","0","0"
"L15253","converter","hudson.util.XStream2$PassthruConverter.converter;LConverter;","L15251","L103","C:\GIT\pris2\SourceMeter\Guille\jenkins-jenkins-2.328\core\src\main\java\hudson\util\XStream2.java","499","9","499","37","0","0","0","0","0","0","0","0","0","0","0","0","0","0","0","0","0","0","0","0","0","0","0","0"
"L15276","pm","hudson.util.XStream2$PluginClassOwnership.pm;Lhudson/PluginManager;","L13606","L103","C:\GIT\pris2\SourceMeter\Guille\jenkins-jenkins-2.328\core\src\main\java\hudson\util\XStream2.java","540","9","540","34","0","0","0","0","0","0","0","0","0","0","0","0","0","0","0","0","0","0","0","0","0","0","0","0"
"L15292","JRUBY_PROXY","hudson.util.XStream2$BlacklistedTypesConverter.JRUBY_PROXY;Ljava/util/regex/Pattern;","L15160","L103","C:\GIT\pris2\SourceMeter\Guille\jenkins-jenkins-2.328\core\src\main\java\hudson\util\XStream2.java","574","9","574","108","0","0","0","0","0","0","0","0","0","0","0","0","0","0","0","0","0","0","0","0","0","0","0","0"
"L15305","sc","hudson.util.xstream.ImmutableListConverter.sc;LSerializableConverter;","L15134","L103","C:\GIT\pris2\SourceMeter\Guille\jenkins-jenkins-2.328\core\src\main\java\hudson\util\xstream\ImmutableListConverter.java","49","5","49","44","0","0","0","0","0","0","0","0","0","0","0","0","0","0","0","0","0","0","0","0","0","0","0","0"
"L15319","sc","hudson.util.xstream.ImmutableMapConverter.sc;LSerializableConverter;","L15119","L103","C:\GIT\pris2\SourceMeter\Guille\jenkins-jenkins-2.328\core\src\main\java\hudson\util\xstream\ImmutableMapConverter.java","45","5","45","44","0","0","0","0","0","0","0","0","0","0","0","0","0","0","0","0","0","0","0","0","0","0","0","0"
"L15333","sc","hudson.util.xstream.ImmutableSetConverter.sc;LSerializableConverter;","L15129","L103","C:\GIT\pris2\SourceMeter\Guille\jenkins-jenkins-2.328\core\src\main\java\hudson\util\xstream\ImmutableSetConverter.java","18","5","18","44","0","0","0","0","0","0","0","0","0","0","0","0","0","0","0","0","0","0","0","0","0","0","0","0"
"L15347","sc","hudson.util.xstream.ImmutableSortedSetConverter.sc;LSerializableConverter;","L15124","L103","C:\GIT\pris2\SourceMeter\Guille\jenkins-jenkins-2.328\core\src\main\java\hudson\util\xstream\ImmutableSortedSetConverter.java","18","5","18","44","0","0","0","0","0","0","0","0","0","0","0","0","0","0","0","0","0","0","0","0","0","0","0","0"
"L15205","delegate","hudson.util.xstream.MapperDelegate.delegate;LMapper;","L15199","L103","C:\GIT\pris2\SourceMeter\Guille\jenkins-jenkins-2.328\core\src\main\java\hudson\util\xstream\MapperDelegate.java","32","5","32","31","0","0","0","0","0","0","0","0","0","0","0","0","0","0","0","0","0","0","0","0","0","0","0","0"
"L15611","list1","hudson.util.CopyOnWriteListTest$TestData.list1;Lhudson/util/CopyOnWriteList;","L15609","L103","C:\GIT\pris2\SourceMeter\Guille\jenkins-jenkins-2.328\core\src\test\java\hudson\util\CopyOnWriteListTest.java","44","9","44","55","0","0","0","0","0","0","0","0","0","0","0","0","0","0","0","0","0","0","0","0","0","0","0","0"
"L15612","list2","hudson.util.CopyOnWriteListTest$TestData.list2;Ljava/util/List;","L15609","L103","C:\GIT\pris2\SourceMeter\Guille\jenkins-jenkins-2.328\core\src\test\java\hudson\util\CopyOnWriteListTest.java","45","9","45","38","0","0","0","0","0","0","0","0","0","0","0","0","0","0","0","0","0","0","0","0","0","0","0","0"
"L15625","map1","hudson.util.CopyOnWriteMapTest$HashData.map1;Lhudson/util/CopyOnWriteMap$Hash;","L15623","L103","C:\GIT\pris2\SourceMeter\Guille\jenkins-jenkins-2.328\core\src\test\java\hudson\util\CopyOnWriteMapTest.java","41","9","41","80","0","0","0","0","0","0","0","0","0","0","0","0","0","0","0","0","0","0","0","0","0","0","0","0"
"L15629","map2","hudson.util.CopyOnWriteMapTest$HashData.map2;Ljava/util/HashMap;","L15623","L103","C:\GIT\pris2\SourceMeter\Guille\jenkins-jenkins-2.328\core\src\test\java\hudson\util\CopyOnWriteMapTest.java","42","9","42","56","0","0","0","0","0","0","0","0","0","0","0","0","0","0","0","0","0","0","0","0","0","0","0","0"
"L15645","map1","hudson.util.CopyOnWriteMapTest$TreeData.map1;Lhudson/util/CopyOnWriteMap$Tree;","L15644","L103","C:\GIT\pris2\SourceMeter\Guille\jenkins-jenkins-2.328\core\src\test\java\hudson\util\CopyOnWriteMapTest.java","74","9","74","50","0","0","0","0","0","0","0","0","0","0","0","0","0","0","0","0","0","0","0","0","0","0","0","0"
"L15649","map2","hudson.util.CopyOnWriteMapTest$TreeData.map2;Ljava/util/TreeMap;","L15644","L103","C:\GIT\pris2\SourceMeter\Guille\jenkins-jenkins-2.328\core\src\test\java\hudson\util\CopyOnWriteMapTest.java","75","9","75","38","0","0","0","0","0","0","0","0","0","0","0","0","0","0","0","0","0","0","0","0","0","0","0","0"
"L15677","src","hudson.util.CyclicGraphDetectorTest$Edge.src;Ljava/lang/String;","L15676","L103","C:\GIT\pris2\SourceMeter\Guille\jenkins-jenkins-2.328\core\src\test\java\hudson\util\CyclicGraphDetectorTest.java","19","9","19","20","0","0","0","0","0","0","0","0","0","0","0","0","0","0","0","0","0","0","0","0","0","0","0","0"
"L15678","dst","hudson.util.CyclicGraphDetectorTest$Edge.dst;Ljava/lang/String;","L15676","L103","C:\GIT\pris2\SourceMeter\Guille\jenkins-jenkins-2.328\core\src\test\java\hudson\util\CyclicGraphDetectorTest.java","19","9","19","25","0","0","0","0","0","0","0","0","0","0","0","0","0","0","0","0","0","0","0","0","0","0","0","0"
"L15742","list","hudson.util.DescribableListTest$Data.list;Lhudson/util/DescribableList;","L15737","L103","C:\GIT\pris2\SourceMeter\Guille\jenkins-jenkins-2.328\core\src\test\java\hudson\util\DescribableListTest.java","53","9","53","88","0","0","0","0","0","0","0","0","0","0","0","0","0","0","0","0","0","0","0","0","0","0","0","0"
"L15762","val","hudson.util.DescribableListTest$Datum.val;I","L15744","L103","C:\GIT\pris2\SourceMeter\Guille\jenkins-jenkins-2.328\core\src\test\java\hudson\util\DescribableListTest.java","64","9","64","23","0","0","0","0","0","0","0","0","0","0","0","0","0","0","0","0","0","0","0","0","0","0","0","0"
"L15800","found","hudson.util.DirScannerTest$MatchingFileVisitor.found;Z","L15794","L103","C:\GIT\pris2\SourceMeter\Guille\jenkins-jenkins-2.328\core\src\test\java\hudson\util\DirScannerTest.java","90","9","90","38","0","0","0","0","0","0","0","0","0","0","0","0","0","0","0","0","0","0","0","0","0","0","0","0"
"L15803","filename","hudson.util.DirScannerTest$MatchingFileVisitor.filename;Ljava/lang/String;","L15794","L103","C:\GIT\pris2\SourceMeter\Guille\jenkins-jenkins-2.328\core\src\test\java\hudson\util\DirScannerTest.java","92","9","92","38","0","0","0","0","0","0","0","0","0","0","0","0","0","0","0","0","0","0","0","0","0","0","0","0"
"L16025","pm","hudson.util.PackedMapTest$Holder.pm;Lhudson/util/PackedMap;","L16023","L103","C:\GIT\pris2\SourceMeter\Guille\jenkins-jenkins-2.328\core\src\test\java\hudson\util\PackedMapTest.java","15","9","15","22","0","0","0","0","0","0","0","0","0","0","0","0","0","0","0","0","0","0","0","0","0","0","0","0"
"L16052","tree","hudson.util.ProcessTreeTest$Tag.tree;Lhudson/util/ProcessTree;","L16050","L103","C:\GIT\pris2\SourceMeter\Guille\jenkins-jenkins-2.328\core\src\test\java\hudson\util\ProcessTreeTest.java","26","9","26","26","0","0","0","0","0","0","0","0","0","0","0","0","0","0","0","0","0","0","0","0","0","0","0","0"
"L16053","p","hudson.util.ProcessTreeTest$Tag.p;Lhudson/util/ProcessTree$OSProcess;","L16050","L103","C:\GIT\pris2\SourceMeter\Guille\jenkins-jenkins-2.328\core\src\test\java\hudson\util\ProcessTreeTest.java","27","9","27","21","0","0","0","0","0","0","0","0","0","0","0","0","0","0","0","0","0","0","0","0","0","0","0","0"
"L16054","id","hudson.util.ProcessTreeTest$Tag.id;I","L16050","L103","C:\GIT\pris2\SourceMeter\Guille\jenkins-jenkins-2.328\core\src\test\java\hudson\util\ProcessTreeTest.java","28","9","28","16","0","0","0","0","0","0","0","0","0","0","0","0","0","0","0","0","0","0","0","0","0","0","0","0"
"L16055","serialVersionUID","hudson.util.ProcessTreeTest$Tag.serialVersionUID;J","L16050","L103","C:\GIT\pris2\SourceMeter\Guille\jenkins-jenkins-2.328\core\src\test\java\hudson\util\ProcessTreeTest.java","29","9","29","57","0","0","0","0","0","0","0","0","0","0","0","0","0","0","0","0","0","0","0","0","0","0","0","0"
"L16083","serialVersionUID","hudson.util.ProcessTreeTest$MyCallable.serialVersionUID;J","L16062","L103","C:\GIT\pris2\SourceMeter\Guille\jenkins-jenkins-2.328\core\src\test\java\hudson\util\ProcessTreeTest.java","59","9","59","57","0","0","0","0","0","0","0","0","0","0","0","0","0","0","0","0","0","0","0","0","0","0","0","0"
"L16296","items","hudson.util.RobustReflectionConverterTest$Hold.items;Ljava/util/List;","L16293","L103","C:\GIT\pris2\SourceMeter\Guille\jenkins-jenkins-2.328\core\src\test\java\hudson\util\RobustReflectionConverterTest.java","120","9","120","28","0","0","0","0","0","0","0","0","0","0","0","0","0","0","0","0","0","0","0","0","0","0","0","0"
"L16280","bildz","hudson.util.RobustReflectionConverterTest$Projekt.bildz;[Lhudson/util/RobustReflectionConverterTest$Bild;","L16275","L103","C:\GIT\pris2\SourceMeter\Guille\jenkins-jenkins-2.328\core\src\test\java\hudson\util\RobustReflectionConverterTest.java","128","9","128","22","0","0","0","0","0","0","0","0","0","0","0","0","0","0","0","0","0","0","0","0","0","0","0","0"
"L16270","steppes","hudson.util.RobustReflectionConverterTest$Bild.steppes;[Lhudson/util/RobustReflectionConverterTest$Steppe;","L16265","L103","C:\GIT\pris2\SourceMeter\Guille\jenkins-jenkins-2.328\core\src\test\java\hudson\util\RobustReflectionConverterTest.java","132","9","132","26","0","0","0","0","0","0","0","0","0","0","0","0","0","0","0","0","0","0","0","0","0","0","0","0"
"L16230","number","hudson.util.RobustReflectionConverterTest$Steppe.number;I","L16272","L103","C:\GIT\pris2\SourceMeter\Guille\jenkins-jenkins-2.328\core\src\test\java\hudson\util\RobustReflectionConverterTest.java","136","9","136","20","0","0","0","0","0","0","0","0","0","0","0","0","0","0","0","0","0","0","0","0","0","0","0","0"
"L16232","direction","hudson.util.RobustReflectionConverterTest$Enchufla.direction;Ljava/lang/String;","L16225","L103","C:\GIT\pris2\SourceMeter\Guille\jenkins-jenkins-2.328\core\src\test\java\hudson\util\RobustReflectionConverterTest.java","141","9","141","26","0","0","0","0","0","0","0","0","0","0","0","0","0","0","0","0","0","0","0","0","0","0","0","0"
"L16239","boot","hudson.util.RobustReflectionConverterTest$Moonwalk.boot;Lhudson/util/RobustReflectionConverterTest$Boot;","L16234","L103","C:\GIT\pris2\SourceMeter\Guille\jenkins-jenkins-2.328\core\src\test\java\hudson\util\RobustReflectionConverterTest.java","146","9","146","19","0","0","0","0","0","0","0","0","0","0","0","0","0","0","0","0","0","0","0","0","0","0","0","0"
"L16253","jacket","hudson.util.RobustReflectionConverterTest$Moonwalk.jacket;Lhudson/util/RobustReflectionConverterTest$Jacket;","L16234","L103","C:\GIT\pris2\SourceMeter\Guille\jenkins-jenkins-2.328\core\src\test\java\hudson\util\RobustReflectionConverterTest.java","147","9","147","23","0","0","0","0","0","0","0","0","0","0","0","0","0","0","0","0","0","0","0","0","0","0","0","0"
"L16246","lover","hudson.util.RobustReflectionConverterTest$Moonwalk.lover;Lhudson/util/RobustReflectionConverterTest$Lover;","L16234","L103","C:\GIT\pris2\SourceMeter\Guille\jenkins-jenkins-2.328\core\src\test\java\hudson\util\RobustReflectionConverterTest.java","148","9","148","21","0","0","0","0","0","0","0","0","0","0","0","0","0","0","0","0","0","0","0","0","0","0","0","0"
"L16385","password","hudson.util.SecretTest$Foo.password;Lhudson/util/Secret;","L16383","L103","C:\GIT\pris2\SourceMeter\Guille\jenkins-jenkins-2.328\core\src\test\java\hudson\util\SecretTest.java","108","9","108","25","0","0","0","0","0","0","0","0","0","0","0","0","0","0","0","0","0","0","0","0","0","0","0","0"
"L16438","field","hudson.util.XStream2EncodingTest$Thing.field;Ljava/lang/String;","L16433","L103","C:\GIT\pris2\SourceMeter\Guille\jenkins-jenkins-2.328\core\src\test\java\hudson\util\XStream2EncodingTest.java","94","9","94","35","0","0","0","0","0","0","0","0","0","0","0","0","0","0","0","0","0","0","0","0","0","0","0","0"
"L16447","r1","hudson.util.XStream2Test$Foo.r1;Lhudson/model/Result;","L16445","L103","C:\GIT\pris2\SourceMeter\Guille\jenkins-jenkins-2.328\core\src\test\java\hudson\util\XStream2Test.java","62","9","62","19","0","0","0","0","0","0","0","0","0","0","0","0","0","0","0","0","0","0","0","0","0","0","0","0"
"L16448","r2","hudson.util.XStream2Test$Foo.r2;Lhudson/model/Result;","L16445","L103","C:\GIT\pris2\SourceMeter\Guille\jenkins-jenkins-2.328\core\src\test\java\hudson\util\XStream2Test.java","62","9","62","23","0","0","0","0","0","0","0","0","0","0","0","0","0","0","0","0","0","0","0","0","0","0","0","0"
"L16461","s","hudson.util.XStream2Test$Bar.s;Ljava/lang/String;","L16459","L103","C:\GIT\pris2\SourceMeter\Guille\jenkins-jenkins-2.328\core\src\test\java\hudson\util\XStream2Test.java","75","9","75","18","0","0","0","0","0","0","0","0","0","0","0","0","0","0","0","0","0","0","0","0","0","0","0","0"
"L16469","under_1","hudson.util.XStream2Test$__Foo_Bar$Class.under_1;Ljava/lang/String;","L16467","L103","C:\GIT\pris2\SourceMeter\Guille\jenkins-jenkins-2.328\core\src\test\java\hudson\util\XStream2Test.java","89","9","89","30","0","0","0","0","0","0","0","0","0","0","0","0","0","0","0","0","0","0","0","0","0","0","0","0"
"L16470","under__2","hudson.util.XStream2Test$__Foo_Bar$Class.under__2;Ljava/lang/String;","L16467","L103","C:\GIT\pris2\SourceMeter\Guille\jenkins-jenkins-2.328\core\src\test\java\hudson\util\XStream2Test.java","89","9","89","46","0","0","0","0","0","0","0","0","0","0","0","0","0","0","0","0","0","0","0","0","0","0","0","0"
"L16471","_leadUnder1","hudson.util.XStream2Test$__Foo_Bar$Class._leadUnder1;Ljava/lang/String;","L16467","L103","C:\GIT\pris2\SourceMeter\Guille\jenkins-jenkins-2.328\core\src\test\java\hudson\util\XStream2Test.java","89","9","90","35","0","0","0","0","0","0","0","0","0","0","0","0","0","0","0","0","0","0","0","0","0","0","0","0"
"L16472","__leadUnder2","hudson.util.XStream2Test$__Foo_Bar$Class.__leadUnder2;Ljava/lang/String;","L16467","L103","C:\GIT\pris2\SourceMeter\Guille\jenkins-jenkins-2.328\core\src\test\java\hudson\util\XStream2Test.java","89","9","90","56","0","0","0","0","0","0","0","0","0","0","0","0","0","0","0","0","0","0","0","0","0","0","0","0"
"L16473","$dollar","hudson.util.XStream2Test$__Foo_Bar$Class.$dollar;Ljava/lang/String;","L16467","L103","C:\GIT\pris2\SourceMeter\Guille\jenkins-jenkins-2.328\core\src\test\java\hudson\util\XStream2Test.java","89","9","91","31","0","0","0","0","0","0","0","0","0","0","0","0","0","0","0","0","0","0","0","0","0","0","0","0"
"L16474","dollar$2","hudson.util.XStream2Test$__Foo_Bar$Class.dollar$2;Ljava/lang/String;","L16467","L103","C:\GIT\pris2\SourceMeter\Guille\jenkins-jenkins-2.328\core\src\test\java\hudson\util\XStream2Test.java","89","9","91","48","0","0","0","0","0","0","0","0","0","0","0","0","0","0","0","0","0","0","0","0","0","0","0","0"
"L16488","myFailure","hudson.util.XStream2Test$Baz.myFailure;Ljava/lang/Exception;","L16486","L103","C:\GIT\pris2\SourceMeter\Guille\jenkins-jenkins-2.328\core\src\test\java\hudson\util\XStream2Test.java","115","9","115","37","0","0","0","0","0","0","0","0","0","0","0","0","0","0","0","0","0","0","0","0","0","0","0","0"
"L16502","m","hudson.util.XStream2Test$ImmutableMapHolder.m;LImmutableMap;","L16500","L103","C:\GIT\pris2\SourceMeter\Guille\jenkins-jenkins-2.328\core\src\test\java\hudson\util\XStream2Test.java","160","9","160","30","0","0","0","0","0","0","0","0","0","0","0","0","0","0","0","0","0","0","0","0","0","0","0","0"
"L16505","m","hudson.util.XStream2Test$MapHolder.m;Ljava/util/Map;","L16503","L103","C:\GIT\pris2\SourceMeter\Guille\jenkins-jenkins-2.328\core\src\test\java\hudson\util\XStream2Test.java","164","9","164","21","0","0","0","0","0","0","0","0","0","0","0","0","0","0","0","0","0","0","0","0","0","0","0","0"
"L16526","l","hudson.util.XStream2Test$ImmutableListHolder.l;LImmutableList;","L16524","L103","C:\GIT\pris2\SourceMeter\Guille\jenkins-jenkins-2.328\core\src\test\java\hudson\util\XStream2Test.java","209","9","209","28","0","0","0","0","0","0","0","0","0","0","0","0","0","0","0","0","0","0","0","0","0","0","0","0"
"L16529","l","hudson.util.XStream2Test$ListHolder.l;Ljava/util/List;","L16527","L103","C:\GIT\pris2\SourceMeter\Guille\jenkins-jenkins-2.328\core\src\test\java\hudson\util\XStream2Test.java","213","9","213","19","0","0","0","0","0","0","0","0","0","0","0","0","0","0","0","0","0","0","0","0","0","0","0","0"
"L16556","x","hudson.util.XStream2Test$Point.x;I","L16553","L103","C:\GIT\pris2\SourceMeter\Guille\jenkins-jenkins-2.328\core\src\test\java\hudson\util\XStream2Test.java","278","9","278","22","0","0","0","0","0","0","0","0","0","0","0","0","0","0","0","0","0","0","0","0","0","0","0","0"
"L16558","y","hudson.util.XStream2Test$Point.y;I","L16553","L103","C:\GIT\pris2\SourceMeter\Guille\jenkins-jenkins-2.328\core\src\test\java\hudson\util\XStream2Test.java","278","9","278","25","0","0","0","0","0","0","0","0","0","0","0","0","0","0","0","0","0","0","0","0","0","0","0","0"
"L16563","m","hudson.util.XStream2Test$Foo2.m;Ljava/util/concurrent/ConcurrentHashMap;","L16561","L103","C:\GIT\pris2\SourceMeter\Guille\jenkins-jenkins-2.328\core\src\test\java\hudson\util\XStream2Test.java","282","9","282","73","0","0","0","0","0","0","0","0","0","0","0","0","0","0","0","0","0","0","0","0","0","0","0","0"
"L16572","tripped","hudson.util.XStream2Test$Hacked.tripped;Z","L16569","L103","C:\GIT\pris2\SourceMeter\Guille\jenkins-jenkins-2.328\core\src\test\java\hudson\util\XStream2Test.java","299","9","299","32","0","0","0","0","0","0","0","0","0","0","0","0","0","0","0","0","0","0","0","0","0","0","0","0"
"L16597","stringDefaultValue","hudson.util.XStream2Test$WithDefaults.stringDefaultValue;Ljava/lang/String;","L16578","L103","C:\GIT\pris2\SourceMeter\Guille\jenkins-jenkins-2.328\core\src\test\java\hudson\util\XStream2Test.java","443","9","443","60","0","0","0","0","0","0","0","0","0","0","0","0","0","0","0","0","0","0","0","0","0","0","0","0"
"L16598","stringDefaultNull","hudson.util.XStream2Test$WithDefaults.stringDefaultNull;Ljava/lang/String;","L16578","L103","C:\GIT\pris2\SourceMeter\Guille\jenkins-jenkins-2.328\core\src\test\java\hudson\util\XStream2Test.java","444","9","444","42","0","0","0","0","0","0","0","0","0","0","0","0","0","0","0","0","0","0","0","0","0","0","0","0"
"L16599","arrayDefaultValue","hudson.util.XStream2Test$WithDefaults.arrayDefaultValue;[Ljava/lang/String;","L16578","L103","C:\GIT\pris2\SourceMeter\Guille\jenkins-jenkins-2.328\core\src\test\java\hudson\util\XStream2Test.java","445","9","445","68","0","0","0","0","0","0","0","0","0","0","0","0","0","0","0","0","0","0","0","0","0","0","0","0"
"L16600","arrayDefaultEmpty","hudson.util.XStream2Test$WithDefaults.arrayDefaultEmpty;[Ljava/lang/String;","L16578","L103","C:\GIT\pris2\SourceMeter\Guille\jenkins-jenkins-2.328\core\src\test\java\hudson\util\XStream2Test.java","446","9","446","60","0","0","0","0","0","0","0","0","0","0","0","0","0","0","0","0","0","0","0","0","0","0","0","0"
"L16601","arrayDefaultNull","hudson.util.XStream2Test$WithDefaults.arrayDefaultNull;[Ljava/lang/String;","L16578","L103","C:\GIT\pris2\SourceMeter\Guille\jenkins-jenkins-2.328\core\src\test\java\hudson\util\XStream2Test.java","447","9","447","43","0","0","0","0","0","0","0","0","0","0","0","0","0","0","0","0","0","0","0","0","0","0","0","0"
"L16602","listDefaultValue","hudson.util.XStream2Test$WithDefaults.listDefaultValue;Ljava/util/List;","L16578","L103","C:\GIT\pris2\SourceMeter\Guille\jenkins-jenkins-2.328\core\src\test\java\hudson\util\XStream2Test.java","448","9","448","99","0","0","0","0","0","0","0","0","0","0","0","0","0","0","0","0","0","0","0","0","0","0","0","0"
"L16603","listDefaultEmpty","hudson.util.XStream2Test$WithDefaults.listDefaultEmpty;Ljava/util/List;","L16578","L103","C:\GIT\pris2\SourceMeter\Guille\jenkins-jenkins-2.328\core\src\test\java\hudson\util\XStream2Test.java","449","9","449","67","0","0","0","0","0","0","0","0","0","0","0","0","0","0","0","0","0","0","0","0","0","0","0","0"
"L16604","listDefaultNull","hudson.util.XStream2Test$WithDefaults.listDefaultNull;Ljava/util/List;","L16578","L103","C:\GIT\pris2\SourceMeter\Guille\jenkins-jenkins-2.328\core\src\test\java\hudson\util\XStream2Test.java","450","9","450","46","0","0","0","0","0","0","0","0","0","0","0","0","0","0","0","0","0","0","0","0","0","0","0","0"
"L16678","oldschool","hudson.util.AlternativeUiTextProviderTest$Impl.oldschool;Z","L16675","L103","C:\GIT\pris2\SourceMeter\Guille\jenkins-jenkins-2.328\test\src\test\java\hudson\util\AlternativeUiTextProviderTest.java","48","9","48","34","0","0","0","0","0","0","0","0","0","0","0","0","0","0","0","0","0","0","0","0","0","0","0","0"
"L16954","proc","hudson.util.ProcessTreeTest$SpawnBuilder.proc;Lhudson/Proc;","L16949","L103","C:\GIT\pris2\SourceMeter\Guille\jenkins-jenkins-2.328\test\src\test\java\hudson\util\ProcessTreeTest.java","111","9","111","27","0","0","0","0","0","0","0","0","0","0","0","0","0","0","0","0","0","0","0","0","0","0","0","0"
"L17026","ACCEPT_KEYWORD","hudson.util.RobustReflectionConverterTest$AcceptOnlySpecificKeyword.ACCEPT_KEYWORD;Ljava/lang/String;","L17013","L103","C:\GIT\pris2\SourceMeter\Guille\jenkins-jenkins-2.328\test\src\test\java\hudson\util\RobustReflectionConverterTest.java","88","9","88","62","0","0","0","0","0","0","0","0","0","0","0","0","0","0","0","0","0","0","0","0","0","0","0","0"
"L17027","keyword","hudson.util.RobustReflectionConverterTest$AcceptOnlySpecificKeyword.keyword;Ljava/lang/String;","L17013","L103","C:\GIT\pris2\SourceMeter\Guille\jenkins-jenkins-2.328\test\src\test\java\hudson\util\RobustReflectionConverterTest.java","89","9","89","38","0","0","0","0","0","0","0","0","0","0","0","0","0","0","0","0","0","0","0","0","0","0","0","0"
"L17055","nonCriticalField","hudson.util.RobustReflectionConverterTest$KeywordProperty.nonCriticalField;Lhudson/util/RobustReflectionConverterTest$AcceptOnlySpecificKeyword;","L17050","L103","C:\GIT\pris2\SourceMeter\Guille\jenkins-jenkins-2.328\test\src\test\java\hudson\util\RobustReflectionConverterTest.java","135","9","135","66","0","0","0","0","0","0","0","0","0","0","0","0","0","0","0","0","0","0","0","0","0","0","0","0"
"L17056","criticalField","hudson.util.RobustReflectionConverterTest$KeywordProperty.criticalField;Lhudson/util/RobustReflectionConverterTest$AcceptOnlySpecificKeyword;","L17050","L103","C:\GIT\pris2\SourceMeter\Guille\jenkins-jenkins-2.328\test\src\test\java\hudson\util\RobustReflectionConverterTest.java","136","9","136","63","0","0","0","0","0","0","0","0","0","0","0","0","0","0","0","0","0","0","0","0","0","0","0","0"
"L17134","x","hudson.util.XStream2AnnotationTest$AnnotatedProcessed.x;I","L17129","L103","C:\GIT\pris2\SourceMeter\Guille\jenkins-jenkins-2.328\test\src\test\java\hudson\util\XStream2AnnotationTest.java","81","9","81","15","0","0","0","0","0","0","0","0","0","0","0","0","0","0","0","0","0","0","0","0","0","0","0","0"
"L17145","x","hudson.util.XStream2AnnotationTest$AnnotatedUnprocessed.x;I","L17140","L103","C:\GIT\pris2\SourceMeter\Guille\jenkins-jenkins-2.328\test\src\test\java\hudson\util\XStream2AnnotationTest.java","100","9","100","15","0","0","0","0","0","0","0","0","0","0","0","0","0","0","0","0","0","0","0","0","0","0","0","0"
"L17154","x","hudson.util.XStream2AnnotationTest$Programmatic.x;I","L17149","L103","C:\GIT\pris2\SourceMeter\Guille\jenkins-jenkins-2.328\test\src\test\java\hudson\util\XStream2AnnotationTest.java","121","9","121","15","0","0","0","0","0","0","0","0","0","0","0","0","0","0","0","0","0","0","0","0","0","0","0","0"
"L17217","inner","hudson.util.XStream2Security383Test$Stream.inner;Ljava/io/InputStream;","L17207","L103","C:\GIT\pris2\SourceMeter\Guille\jenkins-jenkins-2.328\test\src\test\java\hudson\util\XStream2Security383Test.java","116","9","116","41","0","0","0","0","0","0","0","0","0","0","0","0","0","0","0","0","0","0","0","0","0","0","0","0"
"L17927","list","hudson.console.ConsoleAnnotator$ConsoleAnnotatorAggregator.list;Ljava/util/List;","L17926","L103","C:\GIT\pris2\SourceMeter\Guille\jenkins-jenkins-2.328\core\src\main\java\hudson\console\ConsoleAnnotator.java","97","9","97","40","0","0","0","0","0","0","0","0","0","0","0","0","0","0","0","0","0","0","0","0","0","0","0","0"
"L18213","out","hudson.console.LineTransformationOutputStream$Delegating.out;Ljava/io/OutputStream;","L18211","L103","C:\GIT\pris2\SourceMeter\Guille\jenkins-jenkins-2.328\core\src\main\java\hudson\console\LineTransformationOutputStream.java","123","9","123","42","0","0","0","0","0","0","0","0","0","0","0","0","0","0","0","0","0","0","0","0","0","0","0","0"
"L18317","serialVersionUID","hudson.console.UrlAnnotator$UrlConsoleAnnotator.serialVersionUID;J","L18292","L103","C:\GIT\pris2\SourceMeter\Guille\jenkins-jenkins-2.328\core\src\main\java\hudson\console\UrlAnnotator.java","36","9","36","57","0","0","0","0","0","0","0","0","0","0","0","0","0","0","0","0","0","0","0","0","0","0","0","0"
"L18315","URL","hudson.console.UrlAnnotator$UrlConsoleAnnotator.URL;Ljava/util/regex/Pattern;","L18292","L103","C:\GIT\pris2\SourceMeter\Guille\jenkins-jenkins-2.328\core\src\main\java\hudson\console\UrlAnnotator.java","44","9","44","125","0","0","0","0","0","0","0","0","0","0","0","0","0","0","0","0","0","0","0","0","0","0","0","0"
"L18303","OPEN","hudson.console.UrlAnnotator$UrlConsoleAnnotator.OPEN;Ljava/lang/String;","L18292","L103","C:\GIT\pris2\SourceMeter\Guille\jenkins-jenkins-2.328\core\src\main\java\hudson\console\UrlAnnotator.java","46","9","46","56","0","0","0","0","0","0","0","0","0","0","0","0","0","0","0","0","0","0","0","0","0","0","0","0"
"L18309","CLOSE","hudson.console.UrlAnnotator$UrlConsoleAnnotator.CLOSE;Ljava/lang/String;","L18292","L103","C:\GIT\pris2\SourceMeter\Guille\jenkins-jenkins-2.328\core\src\main\java\hudson\console\UrlAnnotator.java","47","9","47","57","0","0","0","0","0","0","0","0","0","0","0","0","0","0","0","0","0","0","0","0","0","0","0","0"
"L18355","url","hudson.console.AnnotatedLargeTextTest$TestNote.url;Ljava/lang/String;","L18350","L103","C:\GIT\pris2\SourceMeter\Guille\jenkins-jenkins-2.328\test\src\test\java\hudson\console\AnnotatedLargeTextTest.java","143","9","143","34","0","0","0","0","0","0","0","0","0","0","0","0","0","0","0","0","0","0","0","0","0","0","0","0"
"L18356","length","hudson.console.AnnotatedLargeTextTest$TestNote.length;I","L18350","L103","C:\GIT\pris2\SourceMeter\Guille\jenkins-jenkins-2.328\test\src\test\java\hudson\console\AnnotatedLargeTextTest.java","144","9","144","34","0","0","0","0","0","0","0","0","0","0","0","0","0","0","0","0","0","0","0","0","0","0","0","0"
"L18399","ANNOTATE_TEXT","hudson.console.ConsoleAnnotatorTest$DemoAnnotator.ANNOTATE_TEXT;Ljava/lang/String;","L18394","L103","C:\GIT\pris2\SourceMeter\Guille\jenkins-jenkins-2.328\test\src\test\java\hudson\console\ConsoleAnnotatorTest.java","99","9","99","98","0","0","0","0","0","0","0","0","0","0","0","0","0","0","0","0","0","0","0","0","0","0","0","0"
"L18413","wc","hudson.console.ConsoleAnnotatorTest$ProgressiveLogClient.wc;LJenkinsRule/WebClient;","L18412","L103","C:\GIT\pris2\SourceMeter\Guille\jenkins-jenkins-2.328\test\src\test\java\hudson\console\ConsoleAnnotatorTest.java","139","9","139","34","0","0","0","0","0","0","0","0","0","0","0","0","0","0","0","0","0","0","0","0","0","0","0","0"
"L18414","run","hudson.console.ConsoleAnnotatorTest$ProgressiveLogClient.run;Lhudson/model/Run;","L18412","L103","C:\GIT\pris2\SourceMeter\Guille\jenkins-jenkins-2.328\test\src\test\java\hudson\console\ConsoleAnnotatorTest.java","140","9","140","17","0","0","0","0","0","0","0","0","0","0","0","0","0","0","0","0","0","0","0","0","0","0","0","0"
"L18415","consoleAnnotator","hudson.console.ConsoleAnnotatorTest$ProgressiveLogClient.consoleAnnotator;Ljava/lang/String;","L18412","L103","C:\GIT\pris2\SourceMeter\Guille\jenkins-jenkins-2.328\test\src\test\java\hudson\console\ConsoleAnnotatorTest.java","142","9","142","33","0","0","0","0","0","0","0","0","0","0","0","0","0","0","0","0","0","0","0","0","0","0","0","0"
"L18416","start","hudson.console.ConsoleAnnotatorTest$ProgressiveLogClient.start;Ljava/lang/String;","L18412","L103","C:\GIT\pris2\SourceMeter\Guille\jenkins-jenkins-2.328\test\src\test\java\hudson\console\ConsoleAnnotatorTest.java","143","9","143","22","0","0","0","0","0","0","0","0","0","0","0","0","0","0","0","0","0","0","0","0","0","0","0","0"
"L18417","p","hudson.console.ConsoleAnnotatorTest$ProgressiveLogClient.p;LPage;","L18412","L103","C:\GIT\pris2\SourceMeter\Guille\jenkins-jenkins-2.328\test\src\test\java\hudson\console\ConsoleAnnotatorTest.java","144","9","144","24","0","0","0","0","0","0","0","0","0","0","0","0","0","0","0","0","0","0","0","0","0","0","0","0"
"L18451","n","hudson.console.ConsoleAnnotatorTest$StatefulAnnotator.n;I","L18443","L103","C:\GIT\pris2\SourceMeter\Guille\jenkins-jenkins-2.328\test\src\test\java\hudson\console\ConsoleAnnotatorTest.java","219","9","219","19","0","0","0","0","0","0","0","0","0","0","0","0","0","0","0","0","0","0","0","0","0","0","0","0"
"L18933","id","hudson.diagnosis.HudsonHomeDiskUsageMonitor$Solution.id;Ljava/lang/String;","L18923","L103","C:\GIT\pris2\SourceMeter\Guille\jenkins-jenkins-2.328\core\src\main\java\hudson\diagnosis\HudsonHomeDiskUsageMonitor.java","119","9","119","32","0","0","0","0","0","0","0","0","0","0","0","0","0","0","0","0","0","0","0","0","0","0","0","0"
"L18962","pools","hudson.diagnosis.MemoryUsageMonitor$MemoryGroup.pools;Ljava/util/List;","L18960","L103","C:\GIT\pris2\SourceMeter\Guille\jenkins-jenkins-2.328\core\src\main\java\hudson\diagnosis\MemoryUsageMonitor.java","56","9","56","72","0","0","0","0","0","0","0","0","0","0","0","0","0","0","0","0","0","0","0","0","0","0","0","0"
"L18972","used","hudson.diagnosis.MemoryUsageMonitor$MemoryGroup.used;Lhudson/model/MultiStageTimeSeries;","L18960","L103","C:\GIT\pris2\SourceMeter\Guille\jenkins-jenkins-2.328\core\src\main\java\hudson\diagnosis\MemoryUsageMonitor.java","62","9","62","136","0","0","0","0","0","0","0","0","0","0","0","0","0","0","0","0","0","0","0","0","0","0","0","0"
"L18978","max","hudson.diagnosis.MemoryUsageMonitor$MemoryGroup.max;Lhudson/model/MultiStageTimeSeries;","L18960","L103","C:\GIT\pris2\SourceMeter\Guille\jenkins-jenkins-2.328\core\src\main\java\hudson\diagnosis\MemoryUsageMonitor.java","66","9","66","137","0","0","0","0","0","0","0","0","0","0","0","0","0","0","0","0","0","0","0","0","0","0","0","0"
"L19149","version","hudson.diagnosis.OldDataMonitor$ReportException.version;Ljava/lang/String;","L19144","L103","C:\GIT\pris2\SourceMeter\Guille\jenkins-jenkins-2.328\core\src\main\java\hudson\diagnosis\OldDataMonitor.java","194","9","194","32","0","0","0","0","0","0","0","0","0","0","0","0","0","0","0","0","0","0","0","0","0","0","0","0"
"L19162","currentVersion","hudson.diagnosis.OldDataMonitor$VersionRange.currentVersion;LVersionNumber;","L17004","L103","C:\GIT\pris2\SourceMeter\Guille\jenkins-jenkins-2.328\core\src\main\java\hudson\diagnosis\OldDataMonitor.java","242","9","242","76","0","0","0","0","0","0","0","0","0","0","0","0","0","0","0","0","0","0","0","0","0","0","0","0"
"L19165","min","hudson.diagnosis.OldDataMonitor$VersionRange.min;LVersionNumber;","L17004","L103","C:\GIT\pris2\SourceMeter\Guille\jenkins-jenkins-2.328\core\src\main\java\hudson\diagnosis\OldDataMonitor.java","244","9","244","33","0","0","0","0","0","0","0","0","0","0","0","0","0","0","0","0","0","0","0","0","0","0","0","0"
"L19166","max","hudson.diagnosis.OldDataMonitor$VersionRange.max;LVersionNumber;","L17004","L103","C:\GIT\pris2\SourceMeter\Guille\jenkins-jenkins-2.328\core\src\main\java\hudson\diagnosis\OldDataMonitor.java","245","9","245","33","0","0","0","0","0","0","0","0","0","0","0","0","0","0","0","0","0","0","0","0","0","0","0","0"
"L19167","single","hudson.diagnosis.OldDataMonitor$VersionRange.single;Z","L17004","L103","C:\GIT\pris2\SourceMeter\Guille\jenkins-jenkins-2.328\core\src\main\java\hudson\diagnosis\OldDataMonitor.java","246","9","246","30","0","0","0","0","0","0","0","0","0","0","0","0","0","0","0","0","0","0","0","0","0","0","0","0"
"L17011","extra","hudson.diagnosis.OldDataMonitor$VersionRange.extra;Ljava/lang/String;","L17004","L103","C:\GIT\pris2\SourceMeter\Guille\jenkins-jenkins-2.328\core\src\main\java\hudson\diagnosis\OldDataMonitor.java","247","9","247","35","0","0","0","0","0","0","0","0","0","0","0","0","0","0","0","0","0","0","0","0","0","0","0","0"
"L19235","instance","hudson.diagnosis.OldDataMonitor$SimpleSaveableReference.instance;Lhudson/model/Saveable;","L19230","L103","C:\GIT\pris2\SourceMeter\Guille\jenkins-jenkins-2.328\core\src\main\java\hudson\diagnosis\OldDataMonitor.java","400","9","400","41","0","0","0","0","0","0","0","0","0","0","0","0","0","0","0","0","0","0","0","0","0","0","0","0"
"L19243","id","hudson.diagnosis.OldDataMonitor$RunSaveableReference.id;Ljava/lang/String;","L19225","L103","C:\GIT\pris2\SourceMeter\Guille\jenkins-jenkins-2.328\core\src\main\java\hudson\diagnosis\OldDataMonitor.java","422","9","422","33","0","0","0","0","0","0","0","0","0","0","0","0","0","0","0","0","0","0","0","0","0","0","0","0"
"L19538","comparator","hudson.EnvVars$OverrideOrderCalculator$TraceResolver.comparator;Ljava/util/Comparator;","L19536","L103","C:\GIT\pris2\SourceMeter\Guille\jenkins-jenkins-2.328\core\src\main\java\hudson\EnvVars.java","195","13","195","65","0","0","0","0","0","0","0","0","0","0","0","0","0","0","0","0","0","0","0","0","0","0","0","0"
"L19542","referredVariables","hudson.EnvVars$OverrideOrderCalculator$TraceResolver.referredVariables;Ljava/util/Set;","L19536","L103","C:\GIT\pris2\SourceMeter\Guille\jenkins-jenkins-2.328\core\src\main\java\hudson\EnvVars.java","196","13","196","50","0","0","0","0","0","0","0","0","0","0","0","0","0","0","0","0","0","0","0","0","0","0","0","0"
"L19554","refereeSetMap","hudson.EnvVars$OverrideOrderCalculator$VariableReferenceSorter.refereeSetMap;Ljava/util/Map;","L19553","L103","C:\GIT\pris2\SourceMeter\Guille\jenkins-jenkins-2.328\core\src\main\java\hudson\EnvVars.java","216","13","216","66","0","0","0","0","0","0","0","0","0","0","0","0","0","0","0","0","0","0","0","0","0","0","0","0"
"L19980","verbose","hudson.ExtensionFinder$GuiceFinder$FaultTolerantScope.verbose;Z","L19976","L103","C:\GIT\pris2\SourceMeter\Guille\jenkins-jenkins-2.328\core\src\main\java\hudson\ExtensionFinder.java","431","13","431","43","0","0","0","0","0","0","0","0","0","0","0","0","0","0","0","0","0","0","0","0","0","0","0","0"
"L19999","index","hudson.ExtensionFinder$GuiceFinder$SezpozModule.index;Ljava/util/List;","L19871","L103","C:\GIT\pris2\SourceMeter\Guille\jenkins-jenkins-2.328\core\src\main\java\hudson\ExtensionFinder.java","466","13","466","60","0","0","0","0","0","0","0","0","0","0","0","0","0","0","0","0","0","0","0","0","0","0","0","0"
"L20000","loadedIndex","hudson.ExtensionFinder$GuiceFinder$SezpozModule.loadedIndex;Ljava/util/List;","L19871","L103","C:\GIT\pris2\SourceMeter\Guille\jenkins-jenkins-2.328\core\src\main\java\hudson\ExtensionFinder.java","467","13","467","66","0","0","0","0","0","0","0","0","0","0","0","0","0","0","0","0","0","0","0","0","0","0","0","0"
"L23316","LOGGER","hudson.init.impl.InstallUncaughtExceptionHandler.LOGGER;Ljava/util/logging/Logger;","L23314","L103","C:\GIT\pris2\SourceMeter\Guille\jenkins-jenkins-2.328\core\src\main\java\hudson\init\impl\InstallUncaughtExceptionHandler.java","29","5","29","108","0","0","0","0","0","0","0","0","0","0","0","0","0","0","0","0","0","0","0","0","0","0","0","0"
"L23368","j","hudson.init.impl.GroovyInitScriptTest.j;LJenkinsRule;","L23366","L103","C:\GIT\pris2\SourceMeter\Guille\jenkins-jenkins-2.328\test\src\test\java\hudson\init\impl\GroovyInitScriptTest.java","37","5","37","52","0","0","0","0","0","0","0","0","0","0","0","0","0","0","0","0","0","0","0","0","0","0","0","0"
"L23503","extensions","hudson.init.InitStrategy$FilterByExtension.extensions;Ljava/util/List;","L23471","L103","C:\GIT\pris2\SourceMeter\Guille\jenkins-jenkins-2.328\core\src\main\java\hudson\init\InitStrategy.java","127","9","127","47","0","0","0","0","0","0","0","0","0","0","0","0","0","0","0","0","0","0","0","0","0","0","0","0"
"L23583","requires","hudson.init.TaskMethodFinder$TaskImpl.requires;Ljava/util/Collection;","L23555","L103","C:\GIT\pris2\SourceMeter\Guille\jenkins-jenkins-2.328\core\src\main\java\hudson\init\TaskMethodFinder.java","137","9","137","46","0","0","0","0","0","0","0","0","0","0","0","0","0","0","0","0","0","0","0","0","0","0","0","0"
"L23584","attains","hudson.init.TaskMethodFinder$TaskImpl.attains;Ljava/util/Collection;","L23555","L103","C:\GIT\pris2\SourceMeter\Guille\jenkins-jenkins-2.328\core\src\main\java\hudson\init\TaskMethodFinder.java","138","9","138","45","0","0","0","0","0","0","0","0","0","0","0","0","0","0","0","0","0","0","0","0","0","0","0","0"
"L23585","i","hudson.init.TaskMethodFinder$TaskImpl.i;Ljava/lang/annotation/Annotation;","L23555","L103","C:\GIT\pris2\SourceMeter\Guille\jenkins-jenkins-2.328\core\src\main\java\hudson\init\TaskMethodFinder.java","139","9","139","27","0","0","0","0","0","0","0","0","0","0","0","0","0","0","0","0","0","0","0","0","0","0","0","0"
"L23586","e","hudson.init.TaskMethodFinder$TaskImpl.e;Ljava/lang/reflect/Method;","L23555","L103","C:\GIT\pris2\SourceMeter\Guille\jenkins-jenkins-2.328\core\src\main\java\hudson\init\TaskMethodFinder.java","140","9","140","32","0","0","0","0","0","0","0","0","0","0","0","0","0","0","0","0","0","0","0","0","0","0","0","0"
"L23698","order","hudson.init.InitMilestoneTest$Initializers.order;I","L23689","L103","C:\GIT\pris2\SourceMeter\Guille\jenkins-jenkins-2.328\test\src\test\java\hudson\init\InitMilestoneTest.java","33","9","33","31","0","0","0","0","0","0","0","0","0","0","0","0","0","0","0","0","0","0","0","0","0","0","0","0"
"L23699","attained","hudson.init.InitMilestoneTest$Initializers.attained;Ljava/util/List;","L23689","L103","C:\GIT\pris2\SourceMeter\Guille\jenkins-jenkins-2.328\test\src\test\java\hudson\init\InitMilestoneTest.java","34","9","34","66","0","0","0","0","0","0","0","0","0","0","0","0","0","0","0","0","0","0","0","0","0","0","0","0"
"L24147","modelEnvVars","hudson.Launcher$RemoteLauncher$KillTask.modelEnvVars;Ljava/util/Map;","L24138","L103","C:\GIT\pris2\SourceMeter\Guille\jenkins-jenkins-2.328\core\src\main\java\hudson\Launcher.java","1159","13","1159","60","0","0","0","0","0","0","0","0","0","0","0","0","0","0","0","0","0","0","0","0","0","0","0","0"
"L24151","serialVersionUID","hudson.Launcher$RemoteLauncher$KillTask.serialVersionUID;J","L24138","L103","C:\GIT\pris2\SourceMeter\Guille\jenkins-jenkins-2.328\core\src\main\java\hudson\Launcher.java","1175","13","1175","61","0","0","0","0","0","0","0","0","0","0","0","0","0","0","0","0","0","0","0","0","0","0","0","0"
"L24152","process","hudson.Launcher$RemoteLauncher$ProcImpl.process;Lhudson/Launcher$RemoteProcess;","L24119","L103","C:\GIT\pris2\SourceMeter\Guille\jenkins-jenkins-2.328\core\src\main\java\hudson\Launcher.java","1179","13","1179","49","0","0","0","0","0","0","0","0","0","0","0","0","0","0","0","0","0","0","0","0","0","0","0","0"
"L24156","io","hudson.Launcher$RemoteLauncher$ProcImpl.io;Lhudson/Launcher$IOTriplet;","L24119","L103","C:\GIT\pris2\SourceMeter\Guille\jenkins-jenkins-2.328\core\src\main\java\hudson\Launcher.java","1180","13","1180","40","0","0","0","0","0","0","0","0","0","0","0","0","0","0","0","0","0","0","0","0","0","0","0","0"
"L24669","name","hudson.logging.LogRecorder$Target.name;Ljava/lang/String;","L24595","L103","C:\GIT\pris2\SourceMeter\Guille\jenkins-jenkins-2.328\core\src\main\java\hudson\logging\LogRecorder.java","241","9","241","34","0","0","0","0","0","0","0","0","0","0","0","0","0","0","0","0","0","0","0","0","0","0","0","0"
"L24670","level","hudson.logging.LogRecorder$Target.level;I","L24595","L103","C:\GIT\pris2\SourceMeter\Guille\jenkins-jenkins-2.328\core\src\main\java\hudson\logging\LogRecorder.java","242","9","242","33","0","0","0","0","0","0","0","0","0","0","0","0","0","0","0","0","0","0","0","0","0","0","0","0"
"L24671","logger","hudson.logging.LogRecorder$Target.logger;Ljava/util/logging/Logger;","L24595","L103","C:\GIT\pris2\SourceMeter\Guille\jenkins-jenkins-2.328\core\src\main\java\hudson\logging\LogRecorder.java","243","9","243","59","0","0","0","0","0","0","0","0","0","0","0","0","0","0","0","0","0","0","0","0","0","0","0","0"
"L24713","serialVersionUID","hudson.logging.LogRecorder$TargetComparator.serialVersionUID;J","L24608","L103","C:\GIT\pris2\SourceMeter\Guille\jenkins-jenkins-2.328\core\src\main\java\hudson\logging\LogRecorder.java","340","9","340","72","0","0","0","0","0","0","0","0","0","0","0","0","0","0","0","0","0","0","0","0","0","0","0","0"
"L24721","loggers","hudson.logging.LogRecorder$SetLevel.loggers;Ljava/util/Set;","L24703","L103","C:\GIT\pris2\SourceMeter\Guille\jenkins-jenkins-2.328\core\src\main\java\hudson\logging\LogRecorder.java","350","9","350","126","0","0","0","0","0","0","0","0","0","0","0","0","0","0","0","0","0","0","0","0","0","0","0","0"
"L24729","name","hudson.logging.LogRecorder$SetLevel.name;Ljava/lang/String;","L24703","L103","C:\GIT\pris2\SourceMeter\Guille\jenkins-jenkins-2.328\core\src\main\java\hudson\logging\LogRecorder.java","351","9","351","35","0","0","0","0","0","0","0","0","0","0","0","0","0","0","0","0","0","0","0","0","0","0","0","0"
"L24730","level","hudson.logging.LogRecorder$SetLevel.level;Ljava/util/logging/Level;","L24703","L103","C:\GIT\pris2\SourceMeter\Guille\jenkins-jenkins-2.328\core\src\main\java\hudson\logging\LogRecorder.java","352","9","352","35","0","0","0","0","0","0","0","0","0","0","0","0","0","0","0","0","0","0","0","0","0","0","0","0"
"L25096","level","hudson.logging.LogRecorderManagerTest$Log.level;Ljava/util/logging/Level;","L25076","L103","C:\GIT\pris2\SourceMeter\Guille\jenkins-jenkins-2.328\test\src\test\java\hudson\logging\LogRecorderManagerTest.java","179","9","179","35","0","0","0","0","0","0","0","0","0","0","0","0","0","0","0","0","0","0","0","0","0","0","0","0"
"L25097","logger","hudson.logging.LogRecorderManagerTest$Log.logger;Ljava/lang/String;","L25076","L103","C:\GIT\pris2\SourceMeter\Guille\jenkins-jenkins-2.328\test\src\test\java\hudson\logging\LogRecorderManagerTest.java","180","9","180","37","0","0","0","0","0","0","0","0","0","0","0","0","0","0","0","0","0","0","0","0","0","0","0","0"
"L25098","message","hudson.logging.LogRecorderManagerTest$Log.message;Ljava/lang/String;","L25076","L103","C:\GIT\pris2\SourceMeter\Guille\jenkins-jenkins-2.328\test\src\test\java\hudson\logging\LogRecorderManagerTest.java","181","9","181","38","0","0","0","0","0","0","0","0","0","0","0","0","0","0","0","0","0","0","0","0","0","0","0","0"
"L25099","params","hudson.logging.LogRecorderManagerTest$Log.params;[Ljava/lang/Object;","L25076","L103","C:\GIT\pris2\SourceMeter\Guille\jenkins-jenkins-2.328\test\src\test\java\hudson\logging\LogRecorderManagerTest.java","182","9","182","39","0","0","0","0","0","0","0","0","0","0","0","0","0","0","0","0","0","0","0","0","0","0","0","0"
"L25112","level","hudson.logging.LogRecorderManagerTest$LambdaLog.level;Ljava/util/logging/Level;","L25083","L103","C:\GIT\pris2\SourceMeter\Guille\jenkins-jenkins-2.328\test\src\test\java\hudson\logging\LogRecorderManagerTest.java","207","9","207","35","0","0","0","0","0","0","0","0","0","0","0","0","0","0","0","0","0","0","0","0","0","0","0","0"
"L25113","logger","hudson.logging.LogRecorderManagerTest$LambdaLog.logger;Ljava/lang/String;","L25083","L103","C:\GIT\pris2\SourceMeter\Guille\jenkins-jenkins-2.328\test\src\test\java\hudson\logging\LogRecorderManagerTest.java","208","9","208","37","0","0","0","0","0","0","0","0","0","0","0","0","0","0","0","0","0","0","0","0","0","0","0","0"
"L25297","prefix","hudson.markup.MarkupFormatterTest$DummyMarkupImpl.prefix;Ljava/lang/String;","L25292","L103","C:\GIT\pris2\SourceMeter\Guille\jenkins-jenkins-2.328\test\src\test\java\hudson\markup\MarkupFormatterTest.java","68","9","68","36","0","0","0","0","0","0","0","0","0","0","0","0","0","0","0","0","0","0","0","0","0","0","0","0"
"L25894","launcher","hudson.model.AbstractBuild$AbstractBuildExecution.launcher;Lhudson/Launcher;","L25883","L103","C:\GIT\pris2\SourceMeter\Guille\jenkins-jenkins-2.328\core\src\main\java\hudson\model\AbstractBuild.java","399","9","399","37","0","0","0","0","0","0","0","0","0","0","0","0","0","0","0","0","0","0","0","0","0","0","0","0"
"L25897","listener","hudson.model.AbstractBuild$AbstractBuildExecution.listener;Lhudson/model/BuildListener;","L25883","L103","C:\GIT\pris2\SourceMeter\Guille\jenkins-jenkins-2.328\core\src\main\java\hudson\model\AbstractBuild.java","404","9","404","42","0","0","0","0","0","0","0","0","0","0","0","0","0","0","0","0","0","0","0","0","0","0","0","0"
"L25899","lease","hudson.model.AbstractBuild$AbstractBuildExecution.lease;Lhudson/slaves/WorkspaceList$Lease;","L25883","L103","C:\GIT\pris2\SourceMeter\Guille\jenkins-jenkins-2.328\core\src\main\java\hudson\model\AbstractBuild.java","409","9","409","29","0","0","0","0","0","0","0","0","0","0","0","0","0","0","0","0","0","0","0","0","0","0","0","0"
"L25998","tornDown","hudson.model.AbstractBuild$TearDownCheckEnvironment.tornDown;Z","L25944","L103","C:\GIT\pris2\SourceMeter\Guille\jenkins-jenkins-2.328\core\src\main\java\hudson\model\AbstractBuild.java","879","9","879","42","0","0","0","0","0","0","0","0","0","0","0","0","0","0","0","0","0","0","0","0","0","0","0","0"
"L26387","project","hudson.model.AbstractBuild$DependencyChange.project;Lhudson/model/AbstractProject;","L25865","L103","C:\GIT\pris2\SourceMeter\Guille\jenkins-jenkins-2.328\core\src\main\java\hudson\model\AbstractBuild.java","1334","9","1334","46","0","0","0","0","0","0","0","0","0","0","0","0","0","0","0","0","0","0","0","0","0","0","0","0"
"L26389","fromId","hudson.model.AbstractBuild$DependencyChange.fromId;I","L25865","L103","C:\GIT\pris2\SourceMeter\Guille\jenkins-jenkins-2.328\core\src\main\java\hudson\model\AbstractBuild.java","1338","9","1338","33","0","0","0","0","0","0","0","0","0","0","0","0","0","0","0","0","0","0","0","0","0","0","0","0"
"L26391","from","hudson.model.AbstractBuild$DependencyChange.from;Lhudson/model/AbstractBuild;","L25865","L103","C:\GIT\pris2\SourceMeter\Guille\jenkins-jenkins-2.328\core\src\main\java\hudson\model\AbstractBuild.java","1342","9","1342","41","0","0","0","0","0","0","0","0","0","0","0","0","0","0","0","0","0","0","0","0","0","0","0","0"
"L26393","toId","hudson.model.AbstractBuild$DependencyChange.toId;I","L25865","L103","C:\GIT\pris2\SourceMeter\Guille\jenkins-jenkins-2.328\core\src\main\java\hudson\model\AbstractBuild.java","1346","9","1346","31","0","0","0","0","0","0","0","0","0","0","0","0","0","0","0","0","0","0","0","0","0","0","0","0"
"L26395","to","hudson.model.AbstractBuild$DependencyChange.to;Lhudson/model/AbstractBuild;","L25865","L103","C:\GIT\pris2\SourceMeter\Guille\jenkins-jenkins-2.328\core\src\main\java\hudson\model\AbstractBuild.java","1348","9","1348","39","0","0","0","0","0","0","0","0","0","0","0","0","0","0","0","0","0","0","0","0","0","0","0","0"
"L26750","fullName","hudson.model.AbstractItem$Replacer.fullName;Ljava/lang/String;","L26745","L103","C:\GIT\pris2\SourceMeter\Guille\jenkins-jenkins-2.328\core\src\main\java\hudson\model\AbstractItem.java","633","9","633","39","0","0","0","0","0","0","0","0","0","0","0","0","0","0","0","0","0","0","0","0","0","0","0","0"
"L27422","up","hudson.model.AbstractProject$BecauseOfDownstreamBuildInProgress.up;Lhudson/model/AbstractProject;","L27417","L103","C:\GIT\pris2\SourceMeter\Guille\jenkins-jenkins-2.328\core\src\main\java\hudson\model\AbstractProject.java","1036","9","1036","47","0","0","0","0","0","0","0","0","0","0","0","0","0","0","0","0","0","0","0","0","0","0","0","0"
"L27431","up","hudson.model.AbstractProject$BecauseOfUpstreamBuildInProgress.up;Lhudson/model/AbstractProject;","L27429","L103","C:\GIT\pris2\SourceMeter\Guille\jenkins-jenkins-2.328\core\src\main\java\hudson\model\AbstractProject.java","1052","9","1052","47","0","0","0","0","0","0","0","0","0","0","0","0","0","0","0","0","0","0","0","0","0","0","0","0"
"L27599","nonexisting_workspace","hudson.model.AbstractProject$WorkspaceOfflineReason.nonexisting_workspace;Lhudson/model/AbstractProject$WorkspaceOfflineReason;","L27565","L103","C:\GIT\pris2\SourceMeter\Guille\jenkins-jenkins-2.328\core\src\main\java\hudson\model\AbstractProject.java","1425","9","1425","30","0","0","0","0","0","0","0","0","0","0","0","0","0","0","0","0","0","0","0","0","0","0","0","0"
"L27600","builton_node_gone","hudson.model.AbstractProject$WorkspaceOfflineReason.builton_node_gone;Lhudson/model/AbstractProject$WorkspaceOfflineReason;","L27565","L103","C:\GIT\pris2\SourceMeter\Guille\jenkins-jenkins-2.328\core\src\main\java\hudson\model\AbstractProject.java","1426","9","1426","26","0","0","0","0","0","0","0","0","0","0","0","0","0","0","0","0","0","0","0","0","0","0","0","0"
"L27601","builton_node_no_executors","hudson.model.AbstractProject$WorkspaceOfflineReason.builton_node_no_executors;Lhudson/model/AbstractProject$WorkspaceOfflineReason;","L27565","L103","C:\GIT\pris2\SourceMeter\Guille\jenkins-jenkins-2.328\core\src\main\java\hudson\model\AbstractProject.java","1427","9","1427","34","0","0","0","0","0","0","0","0","0","0","0","0","0","0","0","0","0","0","0","0","0","0","0","0"
"L27578","all_suitable_nodes_are_offline","hudson.model.AbstractProject$WorkspaceOfflineReason.all_suitable_nodes_are_offline;Lhudson/model/AbstractProject$WorkspaceOfflineReason;","L27565","L103","C:\GIT\pris2\SourceMeter\Guille\jenkins-jenkins-2.328\core\src\main\java\hudson\model\AbstractProject.java","1428","9","1428","39","0","0","0","0","0","0","0","0","0","0","0","0","0","0","0","0","0","0","0","0","0","0","0","0"
"L27602","use_ondemand_slave","hudson.model.AbstractProject$WorkspaceOfflineReason.use_ondemand_slave;Lhudson/model/AbstractProject$WorkspaceOfflineReason;","L27565","L103","C:\GIT\pris2\SourceMeter\Guille\jenkins-jenkins-2.328\core\src\main\java\hudson\model\AbstractProject.java","1429","9","1429","27","0","0","0","0","0","0","0","0","0","0","0","0","0","0","0","0","0","0","0","0","0","0","0","0"
"L28142","registered","hudson.model.AperiodicWork$AperiodicWorkExtensionListListener.registered;Ljava/util/Set;","L28131","L103","C:\GIT\pris2\SourceMeter\Guille\jenkins-jenkins-2.328\core\src\main\java\hudson\model\AperiodicWork.java","127","9","127","71","0","0","0","0","0","0","0","0","0","0","0","0","0","0","0","0","0","0","0","0","0","0","0","0"
"L28314","supplier","hudson.model.AsyncPeriodicWork$LazyTaskListener.supplier;Ljava/util/function/Supplier;","L28243","L103","C:\GIT\pris2\SourceMeter\Guille\jenkins-jenkins-2.328\core\src\main\java\hudson\model\AsyncPeriodicWork.java","127","9","127","61","0","0","0","0","0","0","0","0","0","0","0","0","0","0","0","0","0","0","0","0","0","0","0","0"
"L28321","openingMessage","hudson.model.AsyncPeriodicWork$LazyTaskListener.openingMessage;Ljava/lang/String;","L28243","L103","C:\GIT\pris2\SourceMeter\Guille\jenkins-jenkins-2.328\core\src\main\java\hudson\model\AsyncPeriodicWork.java","128","9","128","45","0","0","0","0","0","0","0","0","0","0","0","0","0","0","0","0","0","0","0","0","0","0","0","0"
"L28322","delegate","hudson.model.AsyncPeriodicWork$LazyTaskListener.delegate;Lhudson/util/StreamTaskListener;","L28243","L103","C:\GIT\pris2\SourceMeter\Guille\jenkins-jenkins-2.328\core\src\main\java\hudson\model\AsyncPeriodicWork.java","129","9","129","45","0","0","0","0","0","0","0","0","0","0","0","0","0","0","0","0","0","0","0","0","0","0","0","0"
"L28798","stackTrace","hudson.model.Cause$LegacyCodeCause.stackTrace;[Ljava/lang/StackTraceElement;","L27330","L103","C:\GIT\pris2\SourceMeter\Guille\jenkins-jenkins-2.328\core\src\main\java\hudson\model\Cause.java","134","9","135","49","0","0","0","0","0","0","0","0","0","0","0","0","0","0","0","0","0","0","0","0","0","0","0","0"
"L28804","MAX_DEPTH","hudson.model.Cause$UpstreamCause.MAX_DEPTH;I","L28802","L103","C:\GIT\pris2\SourceMeter\Guille\jenkins-jenkins-2.328\core\src\main\java\hudson\model\Cause.java","155","9","155","49","0","0","0","0","0","0","0","0","0","0","0","0","0","0","0","0","0","0","0","0","0","0","0","0"
"L28806","MAX_LEAF","hudson.model.Cause$UpstreamCause.MAX_LEAF;I","L28802","L103","C:\GIT\pris2\SourceMeter\Guille\jenkins-jenkins-2.328\core\src\main\java\hudson\model\Cause.java","159","9","159","48","0","0","0","0","0","0","0","0","0","0","0","0","0","0","0","0","0","0","0","0","0","0","0","0"
"L28808","upstreamProject","hudson.model.Cause$UpstreamCause.upstreamProject;Ljava/lang/String;","L28802","L103","C:\GIT\pris2\SourceMeter\Guille\jenkins-jenkins-2.328\core\src\main\java\hudson\model\Cause.java","160","9","160","40","0","0","0","0","0","0","0","0","0","0","0","0","0","0","0","0","0","0","0","0","0","0","0","0"
"L28809","upstreamUrl","hudson.model.Cause$UpstreamCause.upstreamUrl;Ljava/lang/String;","L28802","L103","C:\GIT\pris2\SourceMeter\Guille\jenkins-jenkins-2.328\core\src\main\java\hudson\model\Cause.java","160","9","160","53","0","0","0","0","0","0","0","0","0","0","0","0","0","0","0","0","0","0","0","0","0","0","0","0"
"L28810","upstreamBuild","hudson.model.Cause$UpstreamCause.upstreamBuild;I","L28802","L103","C:\GIT\pris2\SourceMeter\Guille\jenkins-jenkins-2.328\core\src\main\java\hudson\model\Cause.java","161","9","161","35","0","0","0","0","0","0","0","0","0","0","0","0","0","0","0","0","0","0","0","0","0","0","0","0"
"L28811","upstreamCause","hudson.model.Cause$UpstreamCause.upstreamCause;Lhudson/model/Cause;","L28802","L103","C:\GIT\pris2\SourceMeter\Guille\jenkins-jenkins-2.328\core\src\main\java\hudson\model\Cause.java","165","9","166","47","0","0","0","0","0","0","0","0","0","0","0","0","0","0","0","0","0","0","0","0","0","0","0","0"
"L28813","upstreamCauses","hudson.model.Cause$UpstreamCause.upstreamCauses;Ljava/util/List;","L28802","L103","C:\GIT\pris2\SourceMeter\Guille\jenkins-jenkins-2.328\core\src\main\java\hudson\model\Cause.java","167","9","167","53","0","0","0","0","0","0","0","0","0","0","0","0","0","0","0","0","0","0","0","0","0","0","0","0"
"L28904","authenticationName","hudson.model.Cause$UserCause.authenticationName;Ljava/lang/String;","L28902","L103","C:\GIT\pris2\SourceMeter\Guille\jenkins-jenkins-2.328\core\src\main\java\hudson\model\Cause.java","370","9","370","43","0","0","0","0","0","0","0","0","0","0","0","0","0","0","0","0","0","0","0","0","0","0","0","0"
"L28916","userId","hudson.model.Cause$UserIdCause.userId;Ljava/lang/String;","L1896","L103","C:\GIT\pris2\SourceMeter\Guille\jenkins-jenkins-2.328\core\src\main\java\hudson\model\Cause.java","411","9","412","31","0","0","0","0","0","0","0","0","0","0","0","0","0","0","0","0","0","0","0","0","0","0","0","0"
"L28936","addr","hudson.model.Cause$RemoteCause.addr;Ljava/lang/String;","L28935","L103","C:\GIT\pris2\SourceMeter\Guille\jenkins-jenkins-2.328\core\src\main\java\hudson\model\Cause.java","484","9","484","29","0","0","0","0","0","0","0","0","0","0","0","0","0","0","0","0","0","0","0","0","0","0","0","0"
"L28937","note","hudson.model.Cause$RemoteCause.note;Ljava/lang/String;","L28935","L103","C:\GIT\pris2\SourceMeter\Guille\jenkins-jenkins-2.328\core\src\main\java\hudson\model\Cause.java","485","9","485","29","0","0","0","0","0","0","0","0","0","0","0","0","0","0","0","0","0","0","0","0","0","0","0","0"
"L29532","LOGGER","hudson.model.Computer$ListPossibleNames.LOGGER;Ljava/util/logging/Logger;","L29508","L103","C:\GIT\pris2\SourceMeter\Guille\jenkins-jenkins-2.328\core\src\main\java\hudson\model\Computer.java","1315","9","1315","98","0","0","0","0","0","0","0","0","0","0","0","0","0","0","0","0","0","0","0","0","0","0","0","0"
"L29555","serialVersionUID","hudson.model.Computer$ListPossibleNames.serialVersionUID;J","L29508","L103","C:\GIT\pris2\SourceMeter\Guille\jenkins-jenkins-2.328\core\src\main\java\hudson\model\Computer.java","1345","9","1345","57","0","0","0","0","0","0","0","0","0","0","0","0","0","0","0","0","0","0","0","0","0","0","0","0"
"L29560","serialVersionUID","hudson.model.Computer$GetFallbackName.serialVersionUID;J","L29513","L103","C:\GIT\pris2\SourceMeter\Guille\jenkins-jenkins-2.328\core\src\main\java\hudson\model\Computer.java","1354","9","1354","57","0","0","0","0","0","0","0","0","0","0","0","0","0","0","0","0","0","0","0","0","0","0","0","0"
"L29677","displayName","hudson.model.Computer$DisplayExecutor.displayName;Ljava/lang/String;","L29407","L103","C:\GIT\pris2\SourceMeter\Guille\jenkins-jenkins-2.328\core\src\main\java\hudson\model\Computer.java","1705","9","1706","42","0","0","0","0","0","0","0","0","0","0","0","0","0","0","0","0","0","0","0","0","0","0","0","0"
"L29678","url","hudson.model.Computer$DisplayExecutor.url;Ljava/lang/String;","L29407","L103","C:\GIT\pris2\SourceMeter\Guille\jenkins-jenkins-2.328\core\src\main\java\hudson\model\Computer.java","1707","9","1708","34","0","0","0","0","0","0","0","0","0","0","0","0","0","0","0","0","0","0","0","0","0","0","0","0"
"L29679","executor","hudson.model.Computer$DisplayExecutor.executor;Lhudson/model/Executor;","L29407","L103","C:\GIT\pris2\SourceMeter\Guille\jenkins-jenkins-2.328\core\src\main\java\hudson\model\Computer.java","1709","9","1710","41","0","0","0","0","0","0","0","0","0","0","0","0","0","0","0","0","0","0","0","0","0","0","0","0"
"L29701","when","hudson.model.Computer$TerminationRequest.when;J","L29187","L103","C:\GIT\pris2\SourceMeter\Guille\jenkins-jenkins-2.328\core\src\main\java\hudson\model\Computer.java","1778","9","1778","33","0","0","0","0","0","0","0","0","0","0","0","0","0","0","0","0","0","0","0","0","0","0","0","0"
"L30158","upstream","hudson.model.DependencyGraph$Dependency.upstream;Lhudson/model/AbstractProject;","L30051","L103","C:\GIT\pris2\SourceMeter\Guille\jenkins-jenkins-2.328\core\src\main\java\hudson\model\DependencyGraph.java","380","9","380","42","0","0","0","0","0","0","0","0","0","0","0","0","0","0","0","0","0","0","0","0","0","0","0","0"
"L30159","downstream","hudson.model.DependencyGraph$Dependency.downstream;Lhudson/model/AbstractProject;","L30051","L103","C:\GIT\pris2\SourceMeter\Guille\jenkins-jenkins-2.328\core\src\main\java\hudson\model\DependencyGraph.java","380","9","380","54","0","0","0","0","0","0","0","0","0","0","0","0","0","0","0","0","0","0","0","0","0","0","0","0"
"L30176","group","hudson.model.DependencyGraph$DependencyGroup.group;Ljava/util/Set;","L29950","L103","C:\GIT\pris2\SourceMeter\Guille\jenkins-jenkins-2.328\core\src\main\java\hudson\model\DependencyGraph.java","446","9","446","63","0","0","0","0","0","0","0","0","0","0","0","0","0","0","0","0","0","0","0","0","0","0","0","0"
"L30184","upstream","hudson.model.DependencyGraph$DependencyGroup.upstream;Lhudson/model/AbstractProject;","L29950","L103","C:\GIT\pris2\SourceMeter\Guille\jenkins-jenkins-2.328\core\src\main\java\hudson\model\DependencyGraph.java","462","9","462","42","0","0","0","0","0","0","0","0","0","0","0","0","0","0","0","0","0","0","0","0","0","0","0","0"
"L30186","downstream","hudson.model.DependencyGraph$DependencyGroup.downstream;Lhudson/model/AbstractProject;","L29950","L103","C:\GIT\pris2\SourceMeter\Guille\jenkins-jenkins-2.328\core\src\main\java\hudson\model\DependencyGraph.java","462","9","462","54","0","0","0","0","0","0","0","0","0","0","0","0","0","0","0","0","0","0","0","0","0","0","0","0"
"L30217","clazz","hudson.model.Descriptor$PropertyType.clazz;Ljava/lang/Class;","L30210","L103","C:\GIT\pris2\SourceMeter\Guille\jenkins-jenkins-2.328\core\src\main\java\hudson\model\Descriptor.java","162","9","162","34","0","0","0","0","0","0","0","0","0","0","0","0","0","0","0","0","0","0","0","0","0","0","0","0"
"L30218","type","hudson.model.Descriptor$PropertyType.type;Ljava/lang/reflect/Type;","L30210","L103","C:\GIT\pris2\SourceMeter\Guille\jenkins-jenkins-2.328\core\src\main\java\hudson\model\Descriptor.java","163","9","163","32","0","0","0","0","0","0","0","0","0","0","0","0","0","0","0","0","0","0","0","0","0","0","0","0"
"L30219","itemType","hudson.model.Descriptor$PropertyType.itemType;Ljava/lang/Class;","L30210","L103","C:\GIT\pris2\SourceMeter\Guille\jenkins-jenkins-2.328\core\src\main\java\hudson\model\Descriptor.java","164","9","164","41","0","0","0","0","0","0","0","0","0","0","0","0","0","0","0","0","0","0","0","0","0","0","0","0"
"L30220","displayName","hudson.model.Descriptor$PropertyType.displayName;Ljava/lang/String;","L30210","L103","C:\GIT\pris2\SourceMeter\Guille\jenkins-jenkins-2.328\core\src\main\java\hudson\model\Descriptor.java","165","9","165","41","0","0","0","0","0","0","0","0","0","0","0","0","0","0","0","0","0","0","0","0","0","0","0","0"
"L30274","owner","hudson.model.Descriptor$HelpRedirect.owner;Ljava/lang/Class;","L30266","L103","C:\GIT\pris2\SourceMeter\Guille\jenkins-jenkins-2.328\core\src\main\java\hudson\model\Descriptor.java","250","9","250","58","0","0","0","0","0","0","0","0","0","0","0","0","0","0","0","0","0","0","0","0","0","0","0","0"
"L30275","fieldNameToRedirectTo","hudson.model.Descriptor$HelpRedirect.fieldNameToRedirectTo;Ljava/lang/String;","L30266","L103","C:\GIT\pris2\SourceMeter\Guille\jenkins-jenkins-2.328\core\src\main\java\hudson\model\Descriptor.java","251","9","251","52","0","0","0","0","0","0","0","0","0","0","0","0","0","0","0","0","0","0","0","0","0","0","0","0"
"L30377","oldInterceptor","hudson.model.Descriptor$NewInstanceBindInterceptor.oldInterceptor;LBindInterceptor;","L30363","L103","C:\GIT\pris2\SourceMeter\Guille\jenkins-jenkins-2.328\core\src\main\java\hudson\model\Descriptor.java","627","9","627","54","0","0","0","0","0","0","0","0","0","0","0","0","0","0","0","0","0","0","0","0","0","0","0","0"
"L30370","processed","hudson.model.Descriptor$NewInstanceBindInterceptor.processed;Ljava/util/IdentityHashMap;","L30363","L103","C:\GIT\pris2\SourceMeter\Guille\jenkins-jenkins-2.328\core\src\main\java\hudson\model\Descriptor.java","628","9","628","96","0","0","0","0","0","0","0","0","0","0","0","0","0","0","0","0","0","0","0","0","0","0","0","0"
"L30563","formField","hudson.model.Descriptor$FormException.formField;Ljava/lang/String;","L7842","L103","C:\GIT\pris2\SourceMeter\Guille\jenkins-jenkins-2.328\core\src\main\java\hudson\model\Descriptor.java","1153","9","1153","40","0","0","0","0","0","0","0","0","0","0","0","0","0","0","0","0","0","0","0","0","0","0","0","0"
"L30641","BAD_FILTERS","hudson.model.DescriptorVisibilityFilter$ResourceHolder.BAD_FILTERS;Ljava/util/WeakHashMap;","L30647","L103","C:\GIT\pris2\SourceMeter\Guille\jenkins-jenkins-2.328\core\src\main\java\hudson\model\DescriptorVisibilityFilter.java","176","9","176","110","0","0","0","0","0","0","0","0","0","0","0","0","0","0","0","0","0","0","0","0","0","0","0","0"
"L30817","fragment","hudson.model.DirectoryBrowserSupport$IsAbsolute.fragment;Ljava/lang/String;","L30754","L103","C:\GIT\pris2\SourceMeter\Guille\jenkins-jenkins-2.328\core\src\main\java\hudson\model\DirectoryBrowserSupport.java","421","9","421","39","0","0","0","0","0","0","0","0","0","0","0","0","0","0","0","0","0","0","0","0","0","0","0","0"
"L30906","href","hudson.model.DirectoryBrowserSupport$Path.href;Ljava/lang/String;","L30780","L103","C:\GIT\pris2\SourceMeter\Guille\jenkins-jenkins-2.328\core\src\main\java\hudson\model\DirectoryBrowserSupport.java","604","9","604","35","0","0","0","0","0","0","0","0","0","0","0","0","0","0","0","0","0","0","0","0","0","0","0","0"
"L30833","title","hudson.model.DirectoryBrowserSupport$Path.title;Ljava/lang/String;","L30780","L103","C:\GIT\pris2\SourceMeter\Guille\jenkins-jenkins-2.328\core\src\main\java\hudson\model\DirectoryBrowserSupport.java","608","9","608","36","0","0","0","0","0","0","0","0","0","0","0","0","0","0","0","0","0","0","0","0","0","0","0","0"
"L30909","isFolder","hudson.model.DirectoryBrowserSupport$Path.isFolder;Z","L30780","L103","C:\GIT\pris2\SourceMeter\Guille\jenkins-jenkins-2.328\core\src\main\java\hudson\model\DirectoryBrowserSupport.java","610","9","610","40","0","0","0","0","0","0","0","0","0","0","0","0","0","0","0","0","0","0","0","0","0","0","0","0"
"L30910","size","hudson.model.DirectoryBrowserSupport$Path.size;J","L30780","L103","C:\GIT\pris2\SourceMeter\Guille\jenkins-jenkins-2.328\core\src\main\java\hudson\model\DirectoryBrowserSupport.java","615","9","615","33","0","0","0","0","0","0","0","0","0","0","0","0","0","0","0","0","0","0","0","0","0","0","0","0"
"L30835","isReadable","hudson.model.DirectoryBrowserSupport$Path.isReadable;Z","L30780","L103","C:\GIT\pris2\SourceMeter\Guille\jenkins-jenkins-2.328\core\src\main\java\hudson\model\DirectoryBrowserSupport.java","620","9","620","42","0","0","0","0","0","0","0","0","0","0","0","0","0","0","0","0","0","0","0","0","0","0","0","0"
"L30913","lastModified","hudson.model.DirectoryBrowserSupport$Path.lastModified;J","L30780","L103","C:\GIT\pris2\SourceMeter\Guille\jenkins-jenkins-2.328\core\src\main\java\hudson\model\DirectoryBrowserSupport.java","625","9","625","41","0","0","0","0","0","0","0","0","0","0","0","0","0","0","0","0","0","0","0","0","0","0","0","0"
"L30945","serialVersionUID","hudson.model.DirectoryBrowserSupport$Path.serialVersionUID;J","L30780","L103","C:\GIT\pris2\SourceMeter\Guille\jenkins-jenkins-2.328\core\src\main\java\hudson\model\DirectoryBrowserSupport.java","705","9","705","57","0","0","0","0","0","0","0","0","0","0","0","0","0","0","0","0","0","0","0","0","0","0","0","0"
"L30950","collator","hudson.model.DirectoryBrowserSupport$FileComparator.collator;Ljava/text/Collator;","L30946","L103","C:\GIT\pris2\SourceMeter\Guille\jenkins-jenkins-2.328\core\src\main\java\hudson\model\DirectoryBrowserSupport.java","711","9","711","35","0","0","0","0","0","0","0","0","0","0","0","0","0","0","0","0","0","0","0","0","0","0","0","0"
"L30965","root","hudson.model.DirectoryBrowserSupport$BuildChildPaths.root;Ljenkins/util/VirtualFile;","L30791","L103","C:\GIT\pris2\SourceMeter\Guille\jenkins-jenkins-2.328\core\src\main\java\hudson\model\DirectoryBrowserSupport.java","737","9","737","34","0","0","0","0","0","0","0","0","0","0","0","0","0","0","0","0","0","0","0","0","0","0","0","0"
"L30966","cur","hudson.model.DirectoryBrowserSupport$BuildChildPaths.cur;Ljenkins/util/VirtualFile;","L30791","L103","C:\GIT\pris2\SourceMeter\Guille\jenkins-jenkins-2.328\core\src\main\java\hudson\model\DirectoryBrowserSupport.java","738","9","738","39","0","0","0","0","0","0","0","0","0","0","0","0","0","0","0","0","0","0","0","0","0","0","0","0"
"L30967","locale","hudson.model.DirectoryBrowserSupport$BuildChildPaths.locale;Ljava/util/Locale;","L30791","L103","C:\GIT\pris2\SourceMeter\Guille\jenkins-jenkins-2.328\core\src\main\java\hudson\model\DirectoryBrowserSupport.java","739","9","739","37","0","0","0","0","0","0","0","0","0","0","0","0","0","0","0","0","0","0","0","0","0","0","0","0"
"L31069","LOGGER","hudson.model.DownloadService$DownloadableListener.LOGGER;Ljava/util/logging/Logger;","L31056","L103","C:\GIT\pris2\SourceMeter\Guille\jenkins-jenkins-2.328\core\src\main\java\hudson\model\DownloadService.java","196","9","196","101","0","0","0","0","0","0","0","0","0","0","0","0","0","0","0","0","0","0","0","0","0","0","0","0"
"L31074","id","hudson.model.DownloadService$Downloadable.id;Ljava/lang/String;","L31040","L103","C:\GIT\pris2\SourceMeter\Guille\jenkins-jenkins-2.328\core\src\main\java\hudson\model\DownloadService.java","209","9","209","33","0","0","0","0","0","0","0","0","0","0","0","0","0","0","0","0","0","0","0","0","0","0","0","0"
"L31075","url","hudson.model.DownloadService$Downloadable.url;Ljava/lang/String;","L31040","L103","C:\GIT\pris2\SourceMeter\Guille\jenkins-jenkins-2.328\core\src\main\java\hudson\model\DownloadService.java","210","9","210","34","0","0","0","0","0","0","0","0","0","0","0","0","0","0","0","0","0","0","0","0","0","0","0","0"
"L31076","interval","hudson.model.DownloadService$Downloadable.interval;J","L31040","L103","C:\GIT\pris2\SourceMeter\Guille\jenkins-jenkins-2.328\core\src\main\java\hudson\model\DownloadService.java","211","9","211","37","0","0","0","0","0","0","0","0","0","0","0","0","0","0","0","0","0","0","0","0","0","0","0","0"
"L31077","due","hudson.model.DownloadService$Downloadable.due;J","L31040","L103","C:\GIT\pris2\SourceMeter\Guille\jenkins-jenkins-2.328\core\src\main\java\hudson\model\DownloadService.java","212","9","212","39","0","0","0","0","0","0","0","0","0","0","0","0","0","0","0","0","0","0","0","0","0","0","0","0"
"L31078","lastAttempt","hudson.model.DownloadService$Downloadable.lastAttempt;J","L31040","L103","C:\GIT\pris2\SourceMeter\Guille\jenkins-jenkins-2.328\core\src\main\java\hudson\model\DownloadService.java","213","9","213","60","0","0","0","0","0","0","0","0","0","0","0","0","0","0","0","0","0","0","0","0","0","0","0","0"
"L31114","LOGGER","hudson.model.DownloadService$Downloadable.LOGGER;Ljava/util/logging/Logger;","L31040","L103","C:\GIT\pris2\SourceMeter\Guille\jenkins-jenkins-2.328\core\src\main\java\hudson\model\DownloadService.java","495","9","495","93","0","0","0","0","0","0","0","0","0","0","0","0","0","0","0","0","0","0","0","0","0","0","0","0"
"L31091","DEFAULT_INTERVAL","hudson.model.DownloadService$Downloadable.DEFAULT_INTERVAL;J","L31040","L103","C:\GIT\pris2\SourceMeter\Guille\jenkins-jenkins-2.328\core\src\main\java\hudson\model\DownloadService.java","496","9","497","111","0","0","0","0","0","0","0","0","0","0","0","0","0","0","0","0","0","0","0","0","0","0","0","0"
"L31687","file","hudson.model.FileParameterValue$FileItemImpl.file;Ljava/io/File;","L31618","L103","C:\GIT\pris2\SourceMeter\Guille\jenkins-jenkins-2.328\core\src\main\java\hudson\model\FileParameterValue.java","255","9","255","33","0","0","0","0","0","0","0","0","0","0","0","0","0","0","0","0","0","0","0","0","0","0","0","0"
"L31717","name","hudson.model.Fingerprint$BuildPtr.name;Ljava/lang/String;","L26290","L103","C:\GIT\pris2\SourceMeter\Guille\jenkins-jenkins-2.328\core\src\main\java\hudson\model\Fingerprint.java","92","9","92","21","0","0","0","0","0","0","0","0","0","0","0","0","0","0","0","0","0","0","0","0","0","0","0","0"
"L31718","number","hudson.model.Fingerprint$BuildPtr.number;I","L26290","L103","C:\GIT\pris2\SourceMeter\Guille\jenkins-jenkins-2.328\core\src\main\java\hudson\model\Fingerprint.java","93","9","93","26","0","0","0","0","0","0","0","0","0","0","0","0","0","0","0","0","0","0","0","0","0","0","0","0"
"L31753","start","hudson.model.Fingerprint$Range.start;I","L31751","L103","C:\GIT\pris2\SourceMeter\Guille\jenkins-jenkins-2.328\core\src\main\java\hudson\model\Fingerprint.java","227","9","227","25","0","0","0","0","0","0","0","0","0","0","0","0","0","0","0","0","0","0","0","0","0","0","0","0"
"L31754","end","hudson.model.Fingerprint$Range.end;I","L31751","L103","C:\GIT\pris2\SourceMeter\Guille\jenkins-jenkins-2.328\core\src\main\java\hudson\model\Fingerprint.java","228","9","228","23","0","0","0","0","0","0","0","0","0","0","0","0","0","0","0","0","0","0","0","0","0","0","0","0"
"L31799","ranges","hudson.model.Fingerprint$RangeSet.ranges;Ljava/util/List;","L1635","L103","C:\GIT\pris2\SourceMeter\Guille\jenkins-jenkins-2.328\core\src\main\java\hudson\model\Fingerprint.java","345","9","345","42","0","0","0","0","0","0","0","0","0","0","0","0","0","0","0","0","0","0","0","0","0","0","0","0"
"L32002","name","hudson.model.Fingerprint$RangeItem.name;Ljava/lang/String;","L32001","L103","C:\GIT\pris2\SourceMeter\Guille\jenkins-jenkins-2.328\core\src\main\java\hudson\model\Fingerprint.java","980","9","981","34","0","0","0","0","0","0","0","0","0","0","0","0","0","0","0","0","0","0","0","0","0","0","0","0"
"L32003","ranges","hudson.model.Fingerprint$RangeItem.ranges;Lhudson/model/Fingerprint$RangeSet;","L32001","L103","C:\GIT\pris2\SourceMeter\Guille\jenkins-jenkins-2.328\core\src\main\java\hudson\model\Fingerprint.java","982","9","983","38","0","0","0","0","0","0","0","0","0","0","0","0","0","0","0","0","0","0","0","0","0","0","0","0"
"L32284","build","hudson.model.FingerprintMap$FingerprintParams.build;Lhudson/model/Run;","L32250","L103","C:\GIT\pris2\SourceMeter\Guille\jenkins-jenkins-2.328\core\src\main\java\hudson\model\FingerprintMap.java","99","5","99","35","0","0","0","0","0","0","0","0","0","0","0","0","0","0","0","0","0","0","0","0","0","0","0","0"
"L32286","fileName","hudson.model.FingerprintMap$FingerprintParams.fileName;Ljava/lang/String;","L32250","L103","C:\GIT\pris2\SourceMeter\Guille\jenkins-jenkins-2.328\core\src\main\java\hudson\model\FingerprintMap.java","100","5","100","27","0","0","0","0","0","0","0","0","0","0","0","0","0","0","0","0","0","0","0","0","0","0","0","0"
"L33137","authentication","hudson.model.Items$AllItemsIterable.authentication;LAuthentication;","L33104","L103","C:\GIT\pris2\SourceMeter\Guille\jenkins-jenkins-2.328\core\src\main\java\hudson\model\Items.java","593","9","593","53","0","0","0","0","0","0","0","0","0","0","0","0","0","0","0","0","0","0","0","0","0","0","0","0"
"L33139","root","hudson.model.Items$AllItemsIterable.root;Lhudson/model/ItemGroup;","L33104","L103","C:\GIT\pris2\SourceMeter\Guille\jenkins-jenkins-2.328\core\src\main\java\hudson\model\Items.java","597","9","597","38","0","0","0","0","0","0","0","0","0","0","0","0","0","0","0","0","0","0","0","0","0","0","0","0"
"L33141","type","hudson.model.Items$AllItemsIterable.type;Ljava/lang/Class;","L33104","L103","C:\GIT\pris2\SourceMeter\Guille\jenkins-jenkins-2.328\core\src\main\java\hudson\model\Items.java","601","9","601","37","0","0","0","0","0","0","0","0","0","0","0","0","0","0","0","0","0","0","0","0","0","0","0","0"
"L33146","pred","hudson.model.Items$AllItemsIterable.pred;Ljava/util/function/Predicate;","L33104","L103","C:\GIT\pris2\SourceMeter\Guille\jenkins-jenkins-2.328\core\src\main\java\hudson\model\Items.java","605","9","605","41","0","0","0","0","0","0","0","0","0","0","0","0","0","0","0","0","0","0","0","0","0","0","0","0"
"L33822","run","hudson.model.Job$ChartLabel.run;Lhudson/model/Run;","L33816","L103","C:\GIT\pris2\SourceMeter\Guille\jenkins-jenkins-2.328\core\src\main\java\hudson\model\Job.java","1414","9","1414","23","0","0","0","0","0","0","0","0","0","0","0","0","0","0","0","0","0","0","0","0","0","0","0","0"
"L33839","categoryDataset","hudson.model.Job$ChartLabelStackedAreaRenderer2.categoryDataset;LCategoryDataset;","L33836","L103","C:\GIT\pris2\SourceMeter\Guille\jenkins-jenkins-2.328\core\src\main\java\hudson\model\Job.java","1469","9","1469","55","0","0","0","0","0","0","0","0","0","0","0","0","0","0","0","0","0","0","0","0","0","0","0","0"
"L34083","serialVersionUID","hudson.model.Label$NodeSorter.serialVersionUID;J","L34078","L103","C:\GIT\pris2\SourceMeter\Guille\jenkins-jenkins-2.328\core\src\main\java\hudson\model\Label.java","211","9","211","76","0","0","0","0","0","0","0","0","0","0","0","0","0","0","0","0","0","0","0","0","0","0","0","0"
"L34329","PROHIBITED_DOUBLE_DOT","hudson.model.labels.LabelAtom.PROHIBITED_DOUBLE_DOT;Ljava/util/regex/Pattern;","L4383","L103","C:\GIT\pris2\SourceMeter\Guille\jenkins-jenkins-2.328\core\src\main\java\hudson\model\labels\LabelAtom.java","77","5","77","95","0","0","0","0","0","0","0","0","0","0","0","0","0","0","0","0","0","0","0","0","0","0","0","0"
"L34330","ALLOW_FOLDER_TRAVERSAL","hudson.model.labels.LabelAtom.ALLOW_FOLDER_TRAVERSAL;Z","L4383","L103","C:\GIT\pris2\SourceMeter\Guille\jenkins-jenkins-2.328\core\src\main\java\hudson\model\labels\LabelAtom.java","79","5","80","94","0","0","0","0","0","0","0","0","0","0","0","0","0","0","0","0","0","0","0","0","0","0","0","0"
"L34331","properties","hudson.model.labels.LabelAtom.properties;Lhudson/util/DescribableList;","L4383","L103","C:\GIT\pris2\SourceMeter\Guille\jenkins-jenkins-2.328\core\src\main\java\hudson\model\labels\LabelAtom.java","82","5","83","41","0","0","0","0","0","0","0","0","0","0","0","0","0","0","0","0","0","0","0","0","0","0","0","0"
"L34341","transientActions","hudson.model.labels.LabelAtom.transientActions;Ljava/util/List;","L4383","L103","C:\GIT\pris2\SourceMeter\Guille\jenkins-jenkins-2.328\core\src\main\java\hudson\model\labels\LabelAtom.java","85","5","86","81","0","0","0","0","0","0","0","0","0","0","0","0","0","0","0","0","0","0","0","0","0","0","0","0"
"L34342","description","hudson.model.labels.LabelAtom.description;Ljava/lang/String;","L4383","L103","C:\GIT\pris2\SourceMeter\Guille\jenkins-jenkins-2.328\core\src\main\java\hudson\model\labels\LabelAtom.java","88","5","88","32","0","0","0","0","0","0","0","0","0","0","0","0","0","0","0","0","0","0","0","0","0","0","0","0"
"L34395","LOGGER","hudson.model.labels.LabelAtom.LOGGER;Ljava/util/logging/Logger;","L4383","L103","C:\GIT\pris2\SourceMeter\Guille\jenkins-jenkins-2.328\core\src\main\java\hudson\model\labels\LabelAtom.java","294","5","294","86","0","0","0","0","0","0","0","0","0","0","0","0","0","0","0","0","0","0","0","0","0","0","0","0"
"L34388","XSTREAM","hudson.model.labels.LabelAtom.XSTREAM;Lhudson/util/XStream2;","L4383","L103","C:\GIT\pris2\SourceMeter\Guille\jenkins-jenkins-2.328\core\src\main\java\hudson\model\labels\LabelAtom.java","296","5","296","60","0","0","0","0","0","0","0","0","0","0","0","0","0","0","0","0","0","0","0","0","0","0","0","0"
"L34384","ATOM","hudson.model.labels.LabelOperatorPrecedence.ATOM;Lhudson/model/labels/LabelOperatorPrecedence;","L34216","L103","C:\GIT\pris2\SourceMeter\Guille\jenkins-jenkins-2.328\core\src\main\java\hudson\model\labels\LabelOperatorPrecedence.java","34","5","34","15","0","0","0","0","0","0","0","0","0","0","0","0","0","0","0","0","0","0","0","0","0","0","0","0"
"L34482","NOT","hudson.model.labels.LabelOperatorPrecedence.NOT;Lhudson/model/labels/LabelOperatorPrecedence;","L34216","L103","C:\GIT\pris2\SourceMeter\Guille\jenkins-jenkins-2.328\core\src\main\java\hudson\model\labels\LabelOperatorPrecedence.java","34","17","34","25","0","0","0","0","0","0","0","0","0","0","0","0","0","0","0","0","0","0","0","0","0","0","0","0"
"L34539","AND","hudson.model.labels.LabelOperatorPrecedence.AND;Lhudson/model/labels/LabelOperatorPrecedence;","L34216","L103","C:\GIT\pris2\SourceMeter\Guille\jenkins-jenkins-2.328\core\src\main\java\hudson\model\labels\LabelOperatorPrecedence.java","34","27","34","36","0","0","0","0","0","0","0","0","0","0","0","0","0","0","0","0","0","0","0","0","0","0","0","0"
"L34558","OR","hudson.model.labels.LabelOperatorPrecedence.OR;Lhudson/model/labels/LabelOperatorPrecedence;","L34216","L103","C:\GIT\pris2\SourceMeter\Guille\jenkins-jenkins-2.328\core\src\main\java\hudson\model\labels\LabelOperatorPrecedence.java","34","38","34","46","0","0","0","0","0","0","0","0","0","0","0","0","0","0","0","0","0","0","0","0","0","0","0","0"
"L34596","IMPLIES","hudson.model.labels.LabelOperatorPrecedence.IMPLIES;Lhudson/model/labels/LabelOperatorPrecedence;","L34216","L103","C:\GIT\pris2\SourceMeter\Guille\jenkins-jenkins-2.328\core\src\main\java\hudson\model\labels\LabelOperatorPrecedence.java","34","48","34","61","0","0","0","0","0","0","0","0","0","0","0","0","0","0","0","0","0","0","0","0","0","0","0","0"
"L34577","IFF","hudson.model.labels.LabelOperatorPrecedence.IFF;Lhudson/model/labels/LabelOperatorPrecedence;","L34216","L103","C:\GIT\pris2\SourceMeter\Guille\jenkins-jenkins-2.328\core\src\main\java\hudson\model\labels\LabelOperatorPrecedence.java","34","63","34","73","0","0","0","0","0","0","0","0","0","0","0","0","0","0","0","0","0","0","0","0","0","0","0","0"
"L34527","str","hudson.model.labels.LabelOperatorPrecedence.str;Ljava/lang/String;","L34216","L103","C:\GIT\pris2\SourceMeter\Guille\jenkins-jenkins-2.328\core\src\main\java\hudson\model\labels\LabelOperatorPrecedence.java","39","5","39","29","0","0","0","0","0","0","0","0","0","0","0","0","0","0","0","0","0","0","0","0","0","0","0","0"
"L34685","j","hudson.model.labels.LabelAtomPropertyTest.j;LJenkinsRule;","L34682","L103","C:\GIT\pris2\SourceMeter\Guille\jenkins-jenkins-2.328\test\src\test\java\hudson\model\labels\LabelAtomPropertyTest.java","41","5","42","46","0","0","0","0","0","0","0","0","0","0","0","0","0","0","0","0","0","0","0","0","0","0","0","0"
"L34705","j","hudson.model.labels.LabelAtomSecurity1986Test.j;LJenkinsRule;","L34703","L103","C:\GIT\pris2\SourceMeter\Guille\jenkins-jenkins-2.328\test\src\test\java\hudson\model\labels\LabelAtomSecurity1986Test.java","45","5","46","46","0","0","0","0","0","0","0","0","0","0","0","0","0","0","0","0","0","0","0","0","0","0","0","0"
"L34731","j","hudson.model.labels.LabelAtomTest.j;LJenkinsRule;","L34729","L103","C:\GIT\pris2\SourceMeter\Guille\jenkins-jenkins-2.328\test\src\test\java\hudson\model\labels\LabelAtomTest.java","19","5","20","46","0","0","0","0","0","0","0","0","0","0","0","0","0","0","0","0","0","0","0","0","0","0","0","0"
"L34764","j","hudson.model.labels.LabelExpressionTest.j;LJenkinsRule;","L34761","L103","C:\GIT\pris2\SourceMeter\Guille\jenkins-jenkins-2.328\test\src\test\java\hudson\model\labels\LabelExpressionTest.java","64","5","65","46","0","0","0","0","0","0","0","0","0","0","0","0","0","0","0","0","0","0","0","0","0","0","0","0"
"L34846","LOGGER","hudson.model.listeners.ItemListener.LOGGER;Ljava/util/logging/Logger;","L16785","L103","C:\GIT\pris2\SourceMeter\Guille\jenkins-jenkins-2.328\core\src\main\java\hudson\model\listeners\ItemListener.java","47","5","47","89","0","0","0","0","0","0","0","0","0","0","0","0","0","0","0","0","0","0","0","0","0","0","0","0"
"L34922","targetType","hudson.model.listeners.RunListener.targetType;Ljava/lang/Class;","L19119","L103","C:\GIT\pris2\SourceMeter\Guille\jenkins-jenkins-2.328\core\src\main\java\hudson\model\listeners\RunListener.java","66","5","66","38","0","0","0","0","0","0","0","0","0","0","0","0","0","0","0","0","0","0","0","0","0","0","0","0"
"L34960","LISTENERS","hudson.model.listeners.RunListener.LISTENERS;Lhudson/util/CopyOnWriteList;","L19119","L103","C:\GIT\pris2\SourceMeter\Guille\jenkins-jenkins-2.328\core\src\main\java\hudson\model\listeners\RunListener.java","198","5","199","125","0","0","0","0","0","0","0","0","0","0","0","0","0","0","0","0","0","0","0","0","0","0","0","0"
"L35141","j","hudson.model.listeners.ItemListenerTest.j;LJenkinsRule;","L35138","L103","C:\GIT\pris2\SourceMeter\Guille\jenkins-jenkins-2.328\test\src\test\java\hudson\model\listeners\ItemListenerTest.java","45","5","46","46","0","0","0","0","0","0","0","0","0","0","0","0","0","0","0","0","0","0","0","0","0","0","0","0"
"L35142","events","hudson.model.listeners.ItemListenerTest.events;Ljava/lang/StringBuffer;","L35138","L103","C:\GIT\pris2\SourceMeter\Guille\jenkins-jenkins-2.328\test\src\test\java\hudson\model\listeners\ItemListenerTest.java","48","5","48","54","0","0","0","0","0","0","0","0","0","0","0","0","0","0","0","0","0","0","0","0","0","0","0","0"
"L35612","serialVersionUID","hudson.model.LoadStatistics$LoadStatisticsSnapshot.serialVersionUID;J","L35534","L103","C:\GIT\pris2\SourceMeter\Guille\jenkins-jenkins-2.328\core\src\main\java\hudson\model\LoadStatistics.java","430","9","430","57","0","0","0","0","0","0","0","0","0","0","0","0","0","0","0","0","0","0","0","0","0","0","0","0"
"L35613","definedExecutors","hudson.model.LoadStatistics$LoadStatisticsSnapshot.definedExecutors;I","L35534","L103","C:\GIT\pris2\SourceMeter\Guille\jenkins-jenkins-2.328\core\src\main\java\hudson\model\LoadStatistics.java","435","9","435","44","0","0","0","0","0","0","0","0","0","0","0","0","0","0","0","0","0","0","0","0","0","0","0","0"
"L35615","onlineExecutors","hudson.model.LoadStatistics$LoadStatisticsSnapshot.onlineExecutors;I","L35534","L103","C:\GIT\pris2\SourceMeter\Guille\jenkins-jenkins-2.328\core\src\main\java\hudson\model\LoadStatistics.java","439","9","439","43","0","0","0","0","0","0","0","0","0","0","0","0","0","0","0","0","0","0","0","0","0","0","0","0"
"L35617","connectingExecutors","hudson.model.LoadStatistics$LoadStatisticsSnapshot.connectingExecutors;I","L35534","L103","C:\GIT\pris2\SourceMeter\Guille\jenkins-jenkins-2.328\core\src\main\java\hudson\model\LoadStatistics.java","443","9","443","47","0","0","0","0","0","0","0","0","0","0","0","0","0","0","0","0","0","0","0","0","0","0","0","0"
"L35619","busyExecutors","hudson.model.LoadStatistics$LoadStatisticsSnapshot.busyExecutors;I","L35534","L103","C:\GIT\pris2\SourceMeter\Guille\jenkins-jenkins-2.328\core\src\main\java\hudson\model\LoadStatistics.java","447","9","447","41","0","0","0","0","0","0","0","0","0","0","0","0","0","0","0","0","0","0","0","0","0","0","0","0"
"L35621","idleExecutors","hudson.model.LoadStatistics$LoadStatisticsSnapshot.idleExecutors;I","L35534","L103","C:\GIT\pris2\SourceMeter\Guille\jenkins-jenkins-2.328\core\src\main\java\hudson\model\LoadStatistics.java","452","9","452","41","0","0","0","0","0","0","0","0","0","0","0","0","0","0","0","0","0","0","0","0","0","0","0","0"
"L35623","availableExecutors","hudson.model.LoadStatistics$LoadStatisticsSnapshot.availableExecutors;I","L35534","L103","C:\GIT\pris2\SourceMeter\Guille\jenkins-jenkins-2.328\core\src\main\java\hudson\model\LoadStatistics.java","456","9","456","46","0","0","0","0","0","0","0","0","0","0","0","0","0","0","0","0","0","0","0","0","0","0","0","0"
"L35625","queueLength","hudson.model.LoadStatistics$LoadStatisticsSnapshot.queueLength;I","L35534","L103","C:\GIT\pris2\SourceMeter\Guille\jenkins-jenkins-2.328\core\src\main\java\hudson\model\LoadStatistics.java","460","9","460","39","0","0","0","0","0","0","0","0","0","0","0","0","0","0","0","0","0","0","0","0","0","0","0","0"
"L24464","CONFIGURATION","hudson.model.ManagementLink$Category.CONFIGURATION;Lhudson/model/ManagementLink$Category;","L17254","L103","C:\GIT\pris2\SourceMeter\Guille\jenkins-jenkins-2.328\core\src\main\java\hudson\model\ManagementLink.java","176","9","176","73","0","0","0","0","0","0","0","0","0","0","0","0","0","0","0","0","0","0","0","0","0","0","0","0"
"L35721","SECURITY","hudson.model.ManagementLink$Category.SECURITY;Lhudson/model/ManagementLink$Category;","L17254","L103","C:\GIT\pris2\SourceMeter\Guille\jenkins-jenkins-2.328\core\src\main\java\hudson\model\ManagementLink.java","181","9","181","63","0","0","0","0","0","0","0","0","0","0","0","0","0","0","0","0","0","0","0","0","0","0","0","0"
"L17257","STATUS","hudson.model.ManagementLink$Category.STATUS;Lhudson/model/ManagementLink$Category;","L17254","L103","C:\GIT\pris2\SourceMeter\Guille\jenkins-jenkins-2.328\core\src\main\java\hudson\model\ManagementLink.java","185","9","185","59","0","0","0","0","0","0","0","0","0","0","0","0","0","0","0","0","0","0","0","0","0","0","0","0"
"L19257","TROUBLESHOOTING","hudson.model.ManagementLink$Category.TROUBLESHOOTING;Lhudson/model/ManagementLink$Category;","L17254","L103","C:\GIT\pris2\SourceMeter\Guille\jenkins-jenkins-2.328\core\src\main\java\hudson\model\ManagementLink.java","190","9","190","77","0","0","0","0","0","0","0","0","0","0","0","0","0","0","0","0","0","0","0","0","0","0","0","0"
"L35725","TOOLS","hudson.model.ManagementLink$Category.TOOLS;Lhudson/model/ManagementLink$Category;","L17254","L103","C:\GIT\pris2\SourceMeter\Guille\jenkins-jenkins-2.328\core\src\main\java\hudson\model\ManagementLink.java","197","9","197","57","0","0","0","0","0","0","0","0","0","0","0","0","0","0","0","0","0","0","0","0","0","0","0","0"
"L35727","MISC","hudson.model.ManagementLink$Category.MISC;Lhudson/model/ManagementLink$Category;","L17254","L103","C:\GIT\pris2\SourceMeter\Guille\jenkins-jenkins-2.328\core\src\main\java\hudson\model\ManagementLink.java","201","9","201","55","0","0","0","0","0","0","0","0","0","0","0","0","0","0","0","0","0","0","0","0","0","0","0","0"
"L35714","UNCATEGORIZED","hudson.model.ManagementLink$Category.UNCATEGORIZED;Lhudson/model/ManagementLink$Category;","L17254","L103","C:\GIT\pris2\SourceMeter\Guille\jenkins-jenkins-2.328\core\src\main\java\hudson\model\ManagementLink.java","205","9","205","73","0","0","0","0","0","0","0","0","0","0","0","0","0","0","0","0","0","0","0","0","0","0","0","0"
"L35730","label","hudson.model.ManagementLink$Category.label;LLocalizable;","L17254","L103","C:\GIT\pris2\SourceMeter\Guille\jenkins-jenkins-2.328\core\src\main\java\hudson\model\ManagementLink.java","207","9","207","41","0","0","0","0","0","0","0","0","0","0","0","0","0","0","0","0","0","0","0","0","0","0","0","0"
"L35802","SEC10","hudson.model.MultiStageTimeSeries$TimeScale.SEC10;Lhudson/model/MultiStageTimeSeries$TimeScale;","L35494","L103","C:\GIT\pris2\SourceMeter\Guille\jenkins-jenkins-2.328\core\src\main\java\hudson\model\MultiStageTimeSeries.java","151","9","151","45","0","0","0","0","0","0","0","0","0","0","0","0","0","0","0","0","0","0","0","0","0","0","0","0"
"L35800","MIN","hudson.model.MultiStageTimeSeries$TimeScale.MIN;Lhudson/model/MultiStageTimeSeries$TimeScale;","L35494","L103","C:\GIT\pris2\SourceMeter\Guille\jenkins-jenkins-2.328\core\src\main\java\hudson\model\MultiStageTimeSeries.java","152","9","152","42","0","0","0","0","0","0","0","0","0","0","0","0","0","0","0","0","0","0","0","0","0","0","0","0"
"L35798","HOUR","hudson.model.MultiStageTimeSeries$TimeScale.HOUR;Lhudson/model/MultiStageTimeSeries$TimeScale;","L35494","L103","C:\GIT\pris2\SourceMeter\Guille\jenkins-jenkins-2.328\core\src\main\java\hudson\model\MultiStageTimeSeries.java","153","9","153","41","0","0","0","0","0","0","0","0","0","0","0","0","0","0","0","0","0","0","0","0","0","0","0","0"
"L35812","tick","hudson.model.MultiStageTimeSeries$TimeScale.tick;J","L35494","L103","C:\GIT\pris2\SourceMeter\Guille\jenkins-jenkins-2.328\core\src\main\java\hudson\model\MultiStageTimeSeries.java","159","9","159","32","0","0","0","0","0","0","0","0","0","0","0","0","0","0","0","0","0","0","0","0","0","0","0","0"
"L35831","timeScale","hudson.model.MultiStageTimeSeries$TrendChart.timeScale;Lhudson/model/MultiStageTimeSeries$TimeScale;","L19006","L103","C:\GIT\pris2\SourceMeter\Guille\jenkins-jenkins-2.328\core\src\main\java\hudson\model\MultiStageTimeSeries.java","194","9","194","42","0","0","0","0","0","0","0","0","0","0","0","0","0","0","0","0","0","0","0","0","0","0","0","0"
"L35832","series","hudson.model.MultiStageTimeSeries$TrendChart.series;Ljava/util/List;","L19006","L103","C:\GIT\pris2\SourceMeter\Guille\jenkins-jenkins-2.328\core\src\main\java\hudson\model\MultiStageTimeSeries.java","195","9","195","56","0","0","0","0","0","0","0","0","0","0","0","0","0","0","0","0","0","0","0","0","0","0","0","0"
"L35836","dataset","hudson.model.MultiStageTimeSeries$TrendChart.dataset;LDefaultCategoryDataset;","L19006","L103","C:\GIT\pris2\SourceMeter\Guille\jenkins-jenkins-2.328\core\src\main\java\hudson\model\MultiStageTimeSeries.java","196","9","196","53","0","0","0","0","0","0","0","0","0","0","0","0","0","0","0","0","0","0","0","0","0","0","0","0"
"L27618","NORMAL","hudson.model.Node$Mode.NORMAL;Lhudson/model/Node$Mode;","L22277","L103","C:\GIT\pris2\SourceMeter\Guille\jenkins-jenkins-2.328\core\src\main\java\hudson\model\Node.java","587","9","587","45","0","0","0","0","0","0","0","0","0","0","0","0","0","0","0","0","0","0","0","0","0","0","0","0"
"L27622","EXCLUSIVE","hudson.model.Node$Mode.EXCLUSIVE;Lhudson/model/Node$Mode;","L22277","L103","C:\GIT\pris2\SourceMeter\Guille\jenkins-jenkins-2.328\core\src\main\java\hudson\model\Node.java","588","9","588","51","0","0","0","0","0","0","0","0","0","0","0","0","0","0","0","0","0","0","0","0","0","0","0","0"
"L36180","description","hudson.model.Node$Mode.description;LLocalizable;","L22277","L103","C:\GIT\pris2\SourceMeter\Guille\jenkins-jenkins-2.328\core\src\main\java\hudson\model\Node.java","590","9","590","47","0","0","0","0","0","0","0","0","0","0","0","0","0","0","0","0","0","0","0","0","0","0","0","0"
"L36278","attribute","hudson.model.PaneStatusProperties$PaneStatusPropertiesSessionFallback.attribute;Ljava/lang/String;","L36261","L103","C:\GIT\pris2\SourceMeter\Guille\jenkins-jenkins-2.328\core\src\main\java\hudson\model\PaneStatusProperties.java","63","9","63","77","0","0","0","0","0","0","0","0","0","0","0","0","0","0","0","0","0","0","0","0","0","0","0","0"
"L36587","parameterDefinitions","hudson.model.ParametersDefinitionProperty$DefinitionsAbstractList.parameterDefinitions;Ljava/util/List;","L36499","L103","C:\GIT\pris2\SourceMeter\Guille\jenkins-jenkins-2.328\core\src\main\java\hudson\model\ParametersDefinitionProperty.java","259","9","259","70","0","0","0","0","0","0","0","0","0","0","0","0","0","0","0","0","0","0","0","0","0","0","0","0"
"L36727","registered","hudson.model.PeriodicWork$PeriodicWorkExtensionListListener.registered;Ljava/util/Set;","L36712","L103","C:\GIT\pris2\SourceMeter\Guille\jenkins-jenkins-2.328\core\src\main\java\hudson\model\PeriodicWork.java","131","9","131","70","0","0","0","0","0","0","0","0","0","0","0","0","0","0","0","0","0","0","0","0","0","0","0","0"
"L33684","BUILTIN","hudson.model.PermalinkProjectAction$Permalink.BUILTIN;Ljava/util/List;","L2690","L103","C:\GIT\pris2\SourceMeter\Guille\jenkins-jenkins-2.328\core\src\main\java\hudson\model\PermalinkProjectAction.java","96","9","96","84","0","0","0","0","0","0","0","0","0","0","0","0","0","0","0","0","0","0","0","0","0","0","0","0"
"L36752","LAST_BUILD","hudson.model.PermalinkProjectAction$Permalink.LAST_BUILD;Lhudson/model/PermalinkProjectAction$Permalink;","L2690","L103","C:\GIT\pris2\SourceMeter\Guille\jenkins-jenkins-2.328\core\src\main\java\hudson\model\PermalinkProjectAction.java","98","9","113","11","0","0","0","0","0","0","0","0","0","0","0","0","0","0","0","0","0","0","0","0","0","0","0","0"
"L33652","LAST_STABLE_BUILD","hudson.model.PermalinkProjectAction$Permalink.LAST_STABLE_BUILD;Lhudson/model/PermalinkProjectAction$Permalink;","L2690","L103","C:\GIT\pris2\SourceMeter\Guille\jenkins-jenkins-2.328\core\src\main\java\hudson\model\PermalinkProjectAction.java","114","9","129","11","0","0","0","0","0","0","0","0","0","0","0","0","0","0","0","0","0","0","0","0","0","0","0","0"
"L33640","LAST_SUCCESSFUL_BUILD","hudson.model.PermalinkProjectAction$Permalink.LAST_SUCCESSFUL_BUILD;Lhudson/model/PermalinkProjectAction$Permalink;","L2690","L103","C:\GIT\pris2\SourceMeter\Guille\jenkins-jenkins-2.328\core\src\main\java\hudson\model\PermalinkProjectAction.java","130","9","146","11","0","0","0","0","0","0","0","0","0","0","0","0","0","0","0","0","0","0","0","0","0","0","0","0"
"L33656","LAST_FAILED_BUILD","hudson.model.PermalinkProjectAction$Permalink.LAST_FAILED_BUILD;Lhudson/model/PermalinkProjectAction$Permalink;","L2690","L103","C:\GIT\pris2\SourceMeter\Guille\jenkins-jenkins-2.328\core\src\main\java\hudson\model\PermalinkProjectAction.java","147","9","162","11","0","0","0","0","0","0","0","0","0","0","0","0","0","0","0","0","0","0","0","0","0","0","0","0"
"L33648","LAST_UNSTABLE_BUILD","hudson.model.PermalinkProjectAction$Permalink.LAST_UNSTABLE_BUILD;Lhudson/model/PermalinkProjectAction$Permalink;","L2690","L103","C:\GIT\pris2\SourceMeter\Guille\jenkins-jenkins-2.328\core\src\main\java\hudson\model\PermalinkProjectAction.java","164","9","179","11","0","0","0","0","0","0","0","0","0","0","0","0","0","0","0","0","0","0","0","0","0","0","0","0"
"L33644","LAST_UNSUCCESSFUL_BUILD","hudson.model.PermalinkProjectAction$Permalink.LAST_UNSUCCESSFUL_BUILD;Lhudson/model/PermalinkProjectAction$Permalink;","L2690","L103","C:\GIT\pris2\SourceMeter\Guille\jenkins-jenkins-2.328\core\src\main\java\hudson\model\PermalinkProjectAction.java","181","9","196","11","0","0","0","0","0","0","0","0","0","0","0","0","0","0","0","0","0","0","0","0","0","0","0","0"
"L33660","LAST_COMPLETED_BUILD","hudson.model.PermalinkProjectAction$Permalink.LAST_COMPLETED_BUILD;Lhudson/model/PermalinkProjectAction$Permalink;","L2690","L103","C:\GIT\pris2\SourceMeter\Guille\jenkins-jenkins-2.328\core\src\main\java\hudson\model\PermalinkProjectAction.java","197","9","212","11","0","0","0","0","0","0","0","0","0","0","0","0","0","0","0","0","0","0","0","0","0","0","0","0"
"L37003","executor","hudson.model.Queue$JobOffer.executor;Lhudson/model/Executor;","L36998","L103","C:\GIT\pris2\SourceMeter\Guille\jenkins-jenkins-2.328\core\src\main\java\hudson\model\Queue.java","227","9","227","40","0","0","0","0","0","0","0","0","0","0","0","0","0","0","0","0","0","0","0","0","0","0","0","0"
"L37004","workUnit","hudson.model.Queue$JobOffer.workUnit;Lhudson/model/queue/WorkUnit;","L36998","L103","C:\GIT\pris2\SourceMeter\Guille\jenkins-jenkins-2.328\core\src\main\java\hudson\model\Queue.java","232","9","232","35","0","0","0","0","0","0","0","0","0","0","0","0","0","0","0","0","0","0","0","0","0","0","0","0"
"L37097","counter","hudson.model.Queue$State.counter;J","L37094","L103","C:\GIT\pris2\SourceMeter\Guille\jenkins-jenkins-2.328\core\src\main\java\hudson\model\Queue.java","371","9","371","29","0","0","0","0","0","0","0","0","0","0","0","0","0","0","0","0","0","0","0","0","0","0","0","0"
"L37098","items","hudson.model.Queue$State.items;Ljava/util/List;","L37094","L103","C:\GIT\pris2\SourceMeter\Guille\jenkins-jenkins-2.328\core\src\main\java\hudson\model\Queue.java","372","9","372","53","0","0","0","0","0","0","0","0","0","0","0","0","0","0","0","0","0","0","0","0","0","0","0","0"
"L37123","id","hudson.model.Queue$Item.id;J","L1827","L103","C:\GIT\pris2\SourceMeter\Guille\jenkins-jenkins-2.328\core\src\main\java\hudson\model\Queue.java","2119","9","2119","31","0","0","0","0","0","0","0","0","0","0","0","0","0","0","0","0","0","0","0","0","0","0","0","0"
"L26784","task","hudson.model.Queue$Item.task;Lhudson/model/Queue$Task;","L1827","L103","C:\GIT\pris2\SourceMeter\Guille\jenkins-jenkins-2.328\core\src\main\java\hudson\model\Queue.java","2146","9","2147","32","0","0","0","0","0","0","0","0","0","0","0","0","0","0","0","0","0","0","0","0","0","0","0","0"
"L37642","future","hudson.model.Queue$Item.future;Lhudson/model/queue/FutureImpl;","L1827","L103","C:\GIT\pris2\SourceMeter\Guille\jenkins-jenkins-2.328\core\src\main\java\hudson\model\Queue.java","2149","9","2149","62","0","0","0","0","0","0","0","0","0","0","0","0","0","0","0","0","0","0","0","0","0","0","0","0"
"L37646","inQueueSince","hudson.model.Queue$Item.inQueueSince;J","L1827","L103","C:\GIT\pris2\SourceMeter\Guille\jenkins-jenkins-2.328\core\src\main\java\hudson\model\Queue.java","2151","9","2151","41","0","0","0","0","0","0","0","0","0","0","0","0","0","0","0","0","0","0","0","0","0","0","0","0"
"L37733","name","hudson.model.Queue$StubTask.name;Ljava/lang/String;","L37290","L103","C:\GIT\pris2\SourceMeter\Guille\jenkins-jenkins-2.328\core\src\main\java\hudson\model\Queue.java","2442","9","2442","35","0","0","0","0","0","0","0","0","0","0","0","0","0","0","0","0","0","0","0","0","0","0","0","0"
"L37738","task","hudson.model.Queue$StubItem.task;Lhudson/model/Queue$StubTask;","L37274","L103","C:\GIT\pris2\SourceMeter\Guille\jenkins-jenkins-2.328\core\src\main\java\hudson\model\Queue.java","2463","9","2463","40","0","0","0","0","0","0","0","0","0","0","0","0","0","0","0","0","0","0","0","0","0","0","0","0"
"L37120","COUNTER","hudson.model.Queue$WaitingItem.COUNTER;Ljava/util/concurrent/atomic/AtomicLong;","L36533","L103","C:\GIT\pris2\SourceMeter\Guille\jenkins-jenkins-2.328\core\src\main\java\hudson\model\Queue.java","2521","9","2521","69","0","0","0","0","0","0","0","0","0","0","0","0","0","0","0","0","0","0","0","0","0","0","0","0"
"L37207","timestamp","hudson.model.Queue$WaitingItem.timestamp;Ljava/util/Calendar;","L36533","L103","C:\GIT\pris2\SourceMeter\Guille\jenkins-jenkins-2.328\core\src\main\java\hudson\model\Queue.java","2526","9","2527","35","0","0","0","0","0","0","0","0","0","0","0","0","0","0","0","0","0","0","0","0","0","0","0","0"
"L29431","buildableStartMilliseconds","hudson.model.Queue$NotWaitingItem.buildableStartMilliseconds;J","L37785","L103","C:\GIT\pris2\SourceMeter\Guille\jenkins-jenkins-2.328\core\src\main\java\hudson\model\Queue.java","2581","9","2582","54","0","0","0","0","0","0","0","0","0","0","0","0","0","0","0","0","0","0","0","0","0","0","0","0"
"L37796","causeOfBlockage","hudson.model.Queue$BlockedItem.causeOfBlockage;Lhudson/model/queue/CauseOfBlockage;","L36971","L103","C:\GIT\pris2\SourceMeter\Guille\jenkins-jenkins-2.328\core\src\main\java\hudson\model\Queue.java","2599","9","2599","66","0","0","0","0","0","0","0","0","0","0","0","0","0","0","0","0","0","0","0","0","0","0","0","0"
"L37482","isPending","hudson.model.Queue$BuildableItem.isPending;Z","L29433","L103","C:\GIT\pris2\SourceMeter\Guille\jenkins-jenkins-2.328\core\src\main\java\hudson\model\Queue.java","2658","9","2658","35","0","0","0","0","0","0","0","0","0","0","0","0","0","0","0","0","0","0","0","0","0","0","0","0"
"L37533","transientCausesOfBlockage","hudson.model.Queue$BuildableItem.transientCausesOfBlockage;Ljava/util/List;","L29433","L103","C:\GIT\pris2\SourceMeter\Guille\jenkins-jenkins-2.328\core\src\main\java\hudson\model\Queue.java","2664","9","2664","98","0","0","0","0","0","0","0","0","0","0","0","0","0","0","0","0","0","0","0","0","0","0","0","0"
"L37862","outcome","hudson.model.Queue$LeftItem.outcome;Lhudson/model/queue/WorkUnitContext;","L36995","L103","C:\GIT\pris2\SourceMeter\Guille\jenkins-jenkins-2.328\core\src\main\java\hudson\model\Queue.java","2753","9","2753","46","0","0","0","0","0","0","0","0","0","0","0","0","0","0","0","0","0","0","0","0","0","0","0","0"
"L37908","queue","hudson.model.Queue$MaintainTask.queue;Ljava/lang/ref/WeakReference;","L37082","L103","C:\GIT\pris2\SourceMeter\Guille\jenkins-jenkins-2.328\core\src\main\java\hudson\model\Queue.java","2885","9","2885","50","0","0","0","0","0","0","0","0","0","0","0","0","0","0","0","0","0","0","0","0","0","0","0","0"
"L37251","waitingList","hudson.model.Queue$Snapshot.waitingList;Ljava/util/Set;","L36986","L103","C:\GIT\pris2\SourceMeter\Guille\jenkins-jenkins-2.328\core\src\main\java\hudson\model\Queue.java","2974","9","2974","52","0","0","0","0","0","0","0","0","0","0","0","0","0","0","0","0","0","0","0","0","0","0","0","0"
"L37253","blockedProjects","hudson.model.Queue$Snapshot.blockedProjects;Ljava/util/List;","L36986","L103","C:\GIT\pris2\SourceMeter\Guille\jenkins-jenkins-2.328\core\src\main\java\hudson\model\Queue.java","2975","9","2975","57","0","0","0","0","0","0","0","0","0","0","0","0","0","0","0","0","0","0","0","0","0","0","0","0"
"L37255","buildables","hudson.model.Queue$Snapshot.buildables;Ljava/util/List;","L36986","L103","C:\GIT\pris2\SourceMeter\Guille\jenkins-jenkins-2.328\core\src\main\java\hudson\model\Queue.java","2976","9","2976","54","0","0","0","0","0","0","0","0","0","0","0","0","0","0","0","0","0","0","0","0","0","0","0","0"
"L37257","pendings","hudson.model.Queue$Snapshot.pendings;Ljava/util/List;","L36986","L103","C:\GIT\pris2\SourceMeter\Guille\jenkins-jenkins-2.328\core\src\main\java\hudson\model\Queue.java","2977","9","2977","52","0","0","0","0","0","0","0","0","0","0","0","0","0","0","0","0","0","0","0","0","0","0","0","0"
"L37956","delegate","hudson.model.Queue$LockedRunnable.delegate;Ljava/lang/Runnable;","L37412","L103","C:\GIT\pris2\SourceMeter\Guille\jenkins-jenkins-2.328\core\src\main\java\hudson\model\Queue.java","2994","9","2994","41","0","0","0","0","0","0","0","0","0","0","0","0","0","0","0","0","0","0","0","0","0","0","0","0"
"L37960","buildableItem","hudson.model.Queue$BuildableRunnable.buildableItem;Lhudson/model/Queue$BuildableItem;","L37548","L103","C:\GIT\pris2\SourceMeter\Guille\jenkins-jenkins-2.328\core\src\main\java\hudson\model\Queue.java","3007","9","3007","51","0","0","0","0","0","0","0","0","0","0","0","0","0","0","0","0","0","0","0","0","0","0","0","0"
"L37965","delegate","hudson.model.Queue$LockedJUCCallable.delegate;Ljava/util/concurrent/Callable;","L37438","L103","C:\GIT\pris2\SourceMeter\Guille\jenkins-jenkins-2.328\core\src\main\java\hudson\model\Queue.java","3021","9","3021","65","0","0","0","0","0","0","0","0","0","0","0","0","0","0","0","0","0","0","0","0","0","0","0","0"
"L37972","serialVersionUID","hudson.model.Queue$LockedHRCallable.serialVersionUID;J","L37428","L103","C:\GIT\pris2\SourceMeter\Guille\jenkins-jenkins-2.328\core\src\main\java\hudson\model\Queue.java","3034","9","3034","57","0","0","0","0","0","0","0","0","0","0","0","0","0","0","0","0","0","0","0","0","0","0","0","0"
"L37973","delegate","hudson.model.Queue$LockedHRCallable.delegate;Lhudson/remoting/Callable;","L37428","L103","C:\GIT\pris2\SourceMeter\Guille\jenkins-jenkins-2.328\core\src\main\java\hudson\model\Queue.java","3035","9","3035","63","0","0","0","0","0","0","0","0","0","0","0","0","0","0","0","0","0","0","0","0","0","0","0","0"
"L37995","DELAY_SECONDS","hudson.model.Queue$Saver.DELAY_SECONDS;I","L37990","L103","C:\GIT\pris2\SourceMeter\Guille\jenkins-jenkins-2.328\core\src\main\java\hudson\model\Queue.java","3089","9","3090","132","0","0","0","0","0","0","0","0","0","0","0","0","0","0","0","0","0","0","0","0","0","0","0","0"
"L37997","lock","hudson.model.Queue$Saver.lock;Ljava/lang/Object;","L37990","L103","C:\GIT\pris2\SourceMeter\Guille\jenkins-jenkins-2.328\core\src\main\java\hudson\model\Queue.java","3092","9","3092","50","0","0","0","0","0","0","0","0","0","0","0","0","0","0","0","0","0","0","0","0","0","0","0","0"
"L37998","nextSave","hudson.model.Queue$Saver.nextSave;Ljava/util/concurrent/Future;","L37990","L103","C:\GIT\pris2\SourceMeter\Guille\jenkins-jenkins-2.328\core\src\main\java\hudson\model\Queue.java","3093","9","3094","36","0","0","0","0","0","0","0","0","0","0","0","0","0","0","0","0","0","0","0","0","0","0","0","0"
"L38154","task","hudson.model.queue.FutureImpl.task;Lhudson/model/Queue$Task;","L37643","L103","C:\GIT\pris2\SourceMeter\Guille\jenkins-jenkins-2.328\core\src\main\java\hudson\model\queue\FutureImpl.java","45","5","45","29","0","0","0","0","0","0","0","0","0","0","0","0","0","0","0","0","0","0","0","0","0","0","0","0"
"L38155","executors","hudson.model.queue.FutureImpl.executors;Ljava/util/Set;","L37643","L103","C:\GIT\pris2\SourceMeter\Guille\jenkins-jenkins-2.328\core\src\main\java\hudson\model\queue\FutureImpl.java","50","5","50","61","0","0","0","0","0","0","0","0","0","0","0","0","0","0","0","0","0","0","0","0","0","0","0","0"
"L38163","start","hudson.model.queue.FutureImpl.start;LAsyncFutureImpl;","L37643","L103","C:\GIT\pris2\SourceMeter\Guille\jenkins-jenkins-2.328\core\src\main\java\hudson\model\queue\FutureImpl.java","57","17","57","83","0","0","0","0","0","0","0","0","0","0","0","0","0","0","0","0","0","0","0","0","0","0","0","0"
"L38182","startTime","hudson.model.queue.FutureLoad.startTime;J","L38180","L103","C:\GIT\pris2\SourceMeter\Guille\jenkins-jenkins-2.328\core\src\main\java\hudson\model\queue\FutureLoad.java","37","5","37","33","0","0","0","0","0","0","0","0","0","0","0","0","0","0","0","0","0","0","0","0","0","0","0","0"
"L38184","numExecutors","hudson.model.queue.FutureLoad.numExecutors;I","L38180","L103","C:\GIT\pris2\SourceMeter\Guille\jenkins-jenkins-2.328\core\src\main\java\hudson\model\queue\FutureLoad.java","41","5","41","35","0","0","0","0","0","0","0","0","0","0","0","0","0","0","0","0","0","0","0","0","0","0","0","0"
"L38186","duration","hudson.model.queue.FutureLoad.duration;J","L38180","L103","C:\GIT\pris2\SourceMeter\Guille\jenkins-jenkins-2.328\core\src\main\java\hudson\model\queue\FutureLoad.java","45","5","45","32","0","0","0","0","0","0","0","0","0","0","0","0","0","0","0","0","0","0","0","0","0","0","0","0"
"L38198","n","hudson.model.queue.Latch.n;I","L38196","L103","C:\GIT\pris2\SourceMeter\Guille\jenkins-jenkins-2.328\core\src\main\java\hudson\model\queue\Latch.java","39","5","39","25","0","0","0","0","0","0","0","0","0","0","0","0","0","0","0","0","0","0","0","0","0","0","0","0"
"L38199","i","hudson.model.queue.Latch.i;I","L38196","L103","C:\GIT\pris2\SourceMeter\Guille\jenkins-jenkins-2.328\core\src\main\java\hudson\model\queue\Latch.java","40","5","40","23","0","0","0","0","0","0","0","0","0","0","0","0","0","0","0","0","0","0","0","0","0","0","0","0"
"L38200","interrupted","hudson.model.queue.Latch.interrupted;Ljava/lang/Exception;","L38196","L103","C:\GIT\pris2\SourceMeter\Guille\jenkins-jenkins-2.328\core\src\main\java\hudson\model\queue\Latch.java","46","5","46","35","0","0","0","0","0","0","0","0","0","0","0","0","0","0","0","0","0","0","0","0","0","0","0","0"
"L38265","executors","hudson.model.queue.MappingWorksheet.executors;Ljava/util/List;","L35375","L103","C:\GIT\pris2\SourceMeter\Guille\jenkins-jenkins-2.328\core\src\main\java\hudson\model\queue\MappingWorksheet.java","88","5","88","48","0","0","0","0","0","0","0","0","0","0","0","0","0","0","0","0","0","0","0","0","0","0","0","0"
"L35400","works","hudson.model.queue.MappingWorksheet.works;Ljava/util/List;","L35375","L103","C:\GIT\pris2\SourceMeter\Guille\jenkins-jenkins-2.328\core\src\main\java\hudson\model\queue\MappingWorksheet.java","89","5","89","40","0","0","0","0","0","0","0","0","0","0","0","0","0","0","0","0","0","0","0","0","0","0","0","0"
"L38272","item","hudson.model.queue.MappingWorksheet.item;Lhudson/model/Queue$BuildableItem;","L35375","L103","C:\GIT\pris2\SourceMeter\Guille\jenkins-jenkins-2.328\core\src\main\java\hudson\model\queue\MappingWorksheet.java","93","5","93","37","0","0","0","0","0","0","0","0","0","0","0","0","0","0","0","0","0","0","0","0","0","0","0","0"
"L37490","DEFAULT_BLOCKED_ITEM_COMPARATOR","hudson.model.queue.QueueSorter.DEFAULT_BLOCKED_ITEM_COMPARATOR;Ljava/util/Comparator;","L37047","L103","C:\GIT\pris2\SourceMeter\Guille\jenkins-jenkins-2.328\core\src\main\java\hudson\model\queue\QueueSorter.java","29","5","29","143","0","0","0","0","0","0","0","0","0","0","0","0","0","0","0","0","0","0","0","0","0","0","0","0"
"L38478","LOGGER","hudson.model.queue.QueueSorter.LOGGER;Ljava/util/logging/Logger;","L37047","L103","C:\GIT\pris2\SourceMeter\Guille\jenkins-jenkins-2.328\core\src\main\java\hudson\model\queue\QueueSorter.java","78","5","78","88","0","0","0","0","0","0","0","0","0","0","0","0","0","0","0","0","0","0","0","0","0","0","0","0"
"L38498","base","hudson.model.queue.QueueTaskFilter.base;Lhudson/model/Queue$Task;","L38496","L103","C:\GIT\pris2\SourceMeter\Guille\jenkins-jenkins-2.328\core\src\main\java\hudson\model\queue\QueueTaskFilter.java","44","5","44","35","0","0","0","0","0","0","0","0","0","0","0","0","0","0","0","0","0","0","0","0","0","0","0","0"
"L38615","data","hudson.model.queue.Timeline.data;Ljava/util/TreeMap;","L38405","L103","C:\GIT\pris2\SourceMeter\Guille\jenkins-jenkins-2.328\core\src\main\java\hudson\model\queue\Timeline.java","42","5","42","63","0","0","0","0","0","0","0","0","0","0","0","0","0","0","0","0","0","0","0","0","0","0","0","0"
"L31378","work","hudson.model.queue.WorkUnit.work;Lhudson/model/queue/SubTask;","L26796","L103","C:\GIT\pris2\SourceMeter\Guille\jenkins-jenkins-2.328\core\src\main\java\hudson\model\queue\WorkUnit.java","46","5","46","31","0","0","0","0","0","0","0","0","0","0","0","0","0","0","0","0","0","0","0","0","0","0","0","0"
"L31388","context","hudson.model.queue.WorkUnit.context;Lhudson/model/queue/WorkUnitContext;","L26796","L103","C:\GIT\pris2\SourceMeter\Guille\jenkins-jenkins-2.328\core\src\main\java\hudson\model\queue\WorkUnit.java","51","5","51","42","0","0","0","0","0","0","0","0","0","0","0","0","0","0","0","0","0","0","0","0","0","0","0","0"
"L38659","executor","hudson.model.queue.WorkUnit.executor;Lhudson/model/Executor;","L26796","L103","C:\GIT\pris2\SourceMeter\Guille\jenkins-jenkins-2.328\core\src\main\java\hudson\model\queue\WorkUnit.java","53","5","53","40","0","0","0","0","0","0","0","0","0","0","0","0","0","0","0","0","0","0","0","0","0","0","0","0"
"L38660","executable","hudson.model.queue.WorkUnit.executable;Lhudson/model/Queue$Executable;","L26796","L103","C:\GIT\pris2\SourceMeter\Guille\jenkins-jenkins-2.328\core\src\main\java\hudson\model\queue\WorkUnit.java","54","5","54","35","0","0","0","0","0","0","0","0","0","0","0","0","0","0","0","0","0","0","0","0","0","0","0","0"
"L38683","LOGGER","hudson.model.queue.WorkUnitContext.LOGGER;Ljava/util/logging/Logger;","L37535","L103","C:\GIT\pris2\SourceMeter\Guille\jenkins-jenkins-2.328\core\src\main\java\hudson\model\queue\WorkUnitContext.java","50","5","50","92","0","0","0","0","0","0","0","0","0","0","0","0","0","0","0","0","0","0","0","0","0","0","0","0"
"L31393","item","hudson.model.queue.WorkUnitContext.item;Lhudson/model/Queue$BuildableItem;","L37535","L103","C:\GIT\pris2\SourceMeter\Guille\jenkins-jenkins-2.328\core\src\main\java\hudson\model\queue\WorkUnitContext.java","52","5","52","37","0","0","0","0","0","0","0","0","0","0","0","0","0","0","0","0","0","0","0","0","0","0","0","0"
"L38679","task","hudson.model.queue.WorkUnitContext.task;Lhudson/model/Queue$Task;","L37535","L103","C:\GIT\pris2\SourceMeter\Guille\jenkins-jenkins-2.328\core\src\main\java\hudson\model\queue\WorkUnitContext.java","54","5","54","28","0","0","0","0","0","0","0","0","0","0","0","0","0","0","0","0","0","0","0","0","0","0","0","0"
"L38669","future","hudson.model.queue.WorkUnitContext.future;Lhudson/model/queue/FutureImpl;","L37535","L103","C:\GIT\pris2\SourceMeter\Guille\jenkins-jenkins-2.328\core\src\main\java\hudson\model\queue\WorkUnitContext.java","59","5","59","36","0","0","0","0","0","0","0","0","0","0","0","0","0","0","0","0","0","0","0","0","0","0","0","0"
"L31395","actions","hudson.model.queue.WorkUnitContext.actions;Ljava/util/List;","L37535","L103","C:\GIT\pris2\SourceMeter\Guille\jenkins-jenkins-2.328\core\src\main\java\hudson\model\queue\WorkUnitContext.java","64","5","64","39","0","0","0","0","0","0","0","0","0","0","0","0","0","0","0","0","0","0","0","0","0","0","0","0"
"L38686","startLatch","hudson.model.queue.WorkUnitContext.startLatch;Lhudson/model/queue/Latch;","L37535","L103","C:\GIT\pris2\SourceMeter\Guille\jenkins-jenkins-2.328\core\src\main\java\hudson\model\queue\WorkUnitContext.java","66","5","66","36","0","0","0","0","0","0","0","0","0","0","0","0","0","0","0","0","0","0","0","0","0","0","0","0"
"L38689","endLatch","hudson.model.queue.WorkUnitContext.endLatch;Lhudson/model/queue/Latch;","L37535","L103","C:\GIT\pris2\SourceMeter\Guille\jenkins-jenkins-2.328\core\src\main\java\hudson\model\queue\WorkUnitContext.java","66","5","66","46","0","0","0","0","0","0","0","0","0","0","0","0","0","0","0","0","0","0","0","0","0","0","0","0"
"L38690","workUnits","hudson.model.queue.WorkUnitContext.workUnits;Ljava/util/List;","L37535","L103","C:\GIT\pris2\SourceMeter\Guille\jenkins-jenkins-2.328\core\src\main\java\hudson\model\queue\WorkUnitContext.java","68","5","68","58","0","0","0","0","0","0","0","0","0","0","0","0","0","0","0","0","0","0","0","0","0","0","0","0"
"L38697","aborted","hudson.model.queue.WorkUnitContext.aborted;Ljava/lang/Throwable;","L37535","L103","C:\GIT\pris2\SourceMeter\Guille\jenkins-jenkins-2.328\core\src\main\java\hudson\model\queue\WorkUnitContext.java","73","5","73","40","0","0","0","0","0","0","0","0","0","0","0","0","0","0","0","0","0","0","0","0","0","0","0","0"
"L38755","j","hudson.model.queue.BuildKeepsRunningWhenFaultySubTasksTest.j;LJenkinsRule;","L38753","L103","C:\GIT\pris2\SourceMeter\Guille\jenkins-jenkins-2.328\test\src\test\java\hudson\model\queue\BuildKeepsRunningWhenFaultySubTasksTest.java","23","5","24","46","0","0","0","0","0","0","0","0","0","0","0","0","0","0","0","0","0","0","0","0","0","0","0","0"
"L38756","ERROR_MESSAGE","hudson.model.queue.BuildKeepsRunningWhenFaultySubTasksTest.ERROR_MESSAGE;Ljava/lang/String;","L38753","L103","C:\GIT\pris2\SourceMeter\Guille\jenkins-jenkins-2.328\test\src\test\java\hudson\model\queue\BuildKeepsRunningWhenFaultySubTasksTest.java","26","5","26","74","0","0","0","0","0","0","0","0","0","0","0","0","0","0","0","0","0","0","0","0","0","0","0","0"
"L38796","j","hudson.model.queue.LoadPredictorTest.j;LJenkinsRule;","L38793","L103","C:\GIT\pris2\SourceMeter\Guille\jenkins-jenkins-2.328\test\src\test\java\hudson\model\queue\LoadPredictorTest.java","57","5","58","46","0","0","0","0","0","0","0","0","0","0","0","0","0","0","0","0","0","0","0","0","0","0","0","0"
"L38818","r","hudson.model.queue.MaintainCanTakeStrengtheningTest.r;LJenkinsRule;","L38816","L103","C:\GIT\pris2\SourceMeter\Guille\jenkins-jenkins-2.328\test\src\test\java\hudson\model\queue\MaintainCanTakeStrengtheningTest.java","23","5","24","46","0","0","0","0","0","0","0","0","0","0","0","0","0","0","0","0","0","0","0","0","0","0","0","0"
"L38819","logging","hudson.model.queue.MaintainCanTakeStrengtheningTest.logging;LLoggerRule;","L38816","L103","C:\GIT\pris2\SourceMeter\Guille\jenkins-jenkins-2.328\test\src\test\java\hudson\model\queue\MaintainCanTakeStrengtheningTest.java","26","5","27","103","0","0","0","0","0","0","0","0","0","0","0","0","0","0","0","0","0","0","0","0","0","0","0","0"
"L38848","r","hudson.model.queue.QueueTaskDispatcherTest.r;LJenkinsRule;","L38846","L103","C:\GIT\pris2\SourceMeter\Guille\jenkins-jenkins-2.328\test\src\test\java\hudson\model\queue\QueueTaskDispatcherTest.java","26","5","27","46","0","0","0","0","0","0","0","0","0","0","0","0","0","0","0","0","0","0","0","0","0","0","0","0"
"L38849","logging","hudson.model.queue.QueueTaskDispatcherTest.logging;LLoggerRule;","L38846","L103","C:\GIT\pris2\SourceMeter\Guille\jenkins-jenkins-2.328\test\src\test\java\hudson\model\queue\QueueTaskDispatcherTest.java","29","5","30","81","0","0","0","0","0","0","0","0","0","0","0","0","0","0","0","0","0","0","0","0","0","0","0","0"
"L38877","j","hudson.model.queue.WideExecutionTest.j;LJenkinsRule;","L38874","L103","C:\GIT\pris2\SourceMeter\Guille\jenkins-jenkins-2.328\test\src\test\java\hudson\model\queue\WideExecutionTest.java","50","5","51","46","0","0","0","0","0","0","0","0","0","0","0","0","0","0","0","0","0","0","0","0","0","0","0","0"
"L39350","NOT_STARTED","hudson.model.Run$State.NOT_STARTED;Lhudson/model/Run$State;","L39343","L103","C:\GIT\pris2\SourceMeter\Guille\jenkins-jenkins-2.328\core\src\main\java\hudson\model\Run.java","261","9","261","20","0","0","0","0","0","0","0","0","0","0","0","0","0","0","0","0","0","0","0","0","0","0","0","0"
"L39352","BUILDING","hudson.model.Run$State.BUILDING;Lhudson/model/Run$State;","L39343","L103","C:\GIT\pris2\SourceMeter\Guille\jenkins-jenkins-2.328\core\src\main\java\hudson\model\Run.java","265","9","265","17","0","0","0","0","0","0","0","0","0","0","0","0","0","0","0","0","0","0","0","0","0","0","0","0"
"L39354","POST_PRODUCTION","hudson.model.Run$State.POST_PRODUCTION;Lhudson/model/Run$State;","L39343","L103","C:\GIT\pris2\SourceMeter\Guille\jenkins-jenkins-2.328\core\src\main\java\hudson\model\Run.java","275","9","275","24","0","0","0","0","0","0","0","0","0","0","0","0","0","0","0","0","0","0","0","0","0","0","0","0"
"L39356","COMPLETED","hudson.model.Run$State.COMPLETED;Lhudson/model/Run$State;","L39343","L103","C:\GIT\pris2\SourceMeter\Guille\jenkins-jenkins-2.328\core\src\main\java\hudson\model\Run.java","279","9","279","18","0","0","0","0","0","0","0","0","0","0","0","0","0","0","0","0","0","0","0","0","0","0","0","0"
"L39607","serialVersionUID","hudson.model.Run$AddArtifacts.serialVersionUID;J","L39586","L103","C:\GIT\pris2\SourceMeter\Guille\jenkins-jenkins-2.328\core\src\main\java\hudson\model\Run.java","1183","9","1183","57","0","0","0","0","0","0","0","0","0","0","0","0","0","0","0","0","0","0","0","0","0","0","0","0"
"L39608","root","hudson.model.Run$AddArtifacts.root;Ljenkins/util/VirtualFile;","L39586","L103","C:\GIT\pris2\SourceMeter\Guille\jenkins-jenkins-2.328\core\src\main\java\hudson\model\Run.java","1184","9","1184","40","0","0","0","0","0","0","0","0","0","0","0","0","0","0","0","0","0","0","0","0","0","0","0","0"
"L39609","artifactsNumber","hudson.model.Run$AddArtifacts.artifactsNumber;I","L39586","L103","C:\GIT\pris2\SourceMeter\Guille\jenkins-jenkins-2.328\core\src\main\java\hudson\model\Run.java","1185","9","1185","43","0","0","0","0","0","0","0","0","0","0","0","0","0","0","0","0","0","0","0","0","0","0","0","0"
"L39650","serialVersionUID","hudson.model.Run$SerializableArtifact.serialVersionUID;J","L39622","L103","C:\GIT\pris2\SourceMeter\Guille\jenkins-jenkins-2.328\core\src\main\java\hudson\model\Run.java","1253","9","1253","57","0","0","0","0","0","0","0","0","0","0","0","0","0","0","0","0","0","0","0","0","0","0","0","0"
"L39630","name","hudson.model.Run$SerializableArtifact.name;Ljava/lang/String;","L39622","L103","C:\GIT\pris2\SourceMeter\Guille\jenkins-jenkins-2.328\core\src\main\java\hudson\model\Run.java","1254","9","1254","27","0","0","0","0","0","0","0","0","0","0","0","0","0","0","0","0","0","0","0","0","0","0","0","0"
"L39640","relativePath","hudson.model.Run$SerializableArtifact.relativePath;Ljava/lang/String;","L39622","L103","C:\GIT\pris2\SourceMeter\Guille\jenkins-jenkins-2.328\core\src\main\java\hudson\model\Run.java","1255","9","1255","35","0","0","0","0","0","0","0","0","0","0","0","0","0","0","0","0","0","0","0","0","0","0","0","0"
"L39642","href","hudson.model.Run$SerializableArtifact.href;Ljava/lang/String;","L39622","L103","C:\GIT\pris2\SourceMeter\Guille\jenkins-jenkins-2.328\core\src\main\java\hudson\model\Run.java","1256","9","1256","27","0","0","0","0","0","0","0","0","0","0","0","0","0","0","0","0","0","0","0","0","0","0","0","0"
"L39651","length","hudson.model.Run$SerializableArtifact.length;Ljava/lang/String;","L39622","L103","C:\GIT\pris2\SourceMeter\Guille\jenkins-jenkins-2.328\core\src\main\java\hudson\model\Run.java","1257","9","1257","29","0","0","0","0","0","0","0","0","0","0","0","0","0","0","0","0","0","0","0","0","0","0","0","0"
"L39632","treeNodeId","hudson.model.Run$SerializableArtifact.treeNodeId;Ljava/lang/String;","L39622","L103","C:\GIT\pris2\SourceMeter\Guille\jenkins-jenkins-2.328\core\src\main\java\hudson\model\Run.java","1258","9","1258","33","0","0","0","0","0","0","0","0","0","0","0","0","0","0","0","0","0","0","0","0","0","0","0","0"
"L39662","serialVersionUID","hudson.model.Run$SerializableArtifactList.serialVersionUID;J","L39580","L103","C:\GIT\pris2\SourceMeter\Guille\jenkins-jenkins-2.328\core\src\main\java\hudson\model\Run.java","1271","9","1271","57","0","0","0","0","0","0","0","0","0","0","0","0","0","0","0","0","0","0","0","0","0","0","0","0"
"L39634","tree","hudson.model.Run$SerializableArtifactList.tree;Ljava/util/LinkedHashMap;","L39580","L103","C:\GIT\pris2\SourceMeter\Guille\jenkins-jenkins-2.328\core\src\main\java\hudson\model\Run.java","1272","9","1272","90","0","0","0","0","0","0","0","0","0","0","0","0","0","0","0","0","0","0","0","0","0","0","0","0"
"L39638","idSeq","hudson.model.Run$SerializableArtifactList.idSeq;I","L39580","L103","C:\GIT\pris2\SourceMeter\Guille\jenkins-jenkins-2.328\core\src\main\java\hudson\model\Run.java","1273","9","1273","31","0","0","0","0","0","0","0","0","0","0","0","0","0","0","0","0","0","0","0","0","0","0","0","0"
"L39669","serialVersionUID","hudson.model.Run$ArtifactList.serialVersionUID;J","L39593","L103","C:\GIT\pris2\SourceMeter\Guille\jenkins-jenkins-2.328\core\src\main\java\hudson\model\Run.java","1277","9","1277","57","0","0","0","0","0","0","0","0","0","0","0","0","0","0","0","0","0","0","0","0","0","0","0","0"
"L39670","tree","hudson.model.Run$ArtifactList.tree;Ljava/util/LinkedHashMap;","L39593","L103","C:\GIT\pris2\SourceMeter\Guille\jenkins-jenkins-2.328\core\src\main\java\hudson\model\Run.java","1282","9","1282","78","0","0","0","0","0","0","0","0","0","0","0","0","0","0","0","0","0","0","0","0","0","0","0","0"
"L39684","relativePath","hudson.model.Run$Artifact.relativePath;Ljava/lang/String;","L39571","L103","C:\GIT\pris2\SourceMeter\Guille\jenkins-jenkins-2.328\core\src\main\java\hudson\model\Run.java","1362","9","1363","42","0","0","0","0","0","0","0","0","0","0","0","0","0","0","0","0","0","0","0","0","0","0","0","0"
"L39702","displayPath","hudson.model.Run$Artifact.displayPath;Ljava/lang/String;","L39571","L103","C:\GIT\pris2\SourceMeter\Guille\jenkins-jenkins-2.328\core\src\main\java\hudson\model\Run.java","1369","21","1369","40","0","0","0","0","0","0","0","0","0","0","0","0","0","0","0","0","0","0","0","0","0","0","0","0"
"L39711","name","hudson.model.Run$Artifact.name;Ljava/lang/String;","L39571","L103","C:\GIT\pris2\SourceMeter\Guille\jenkins-jenkins-2.328\core\src\main\java\hudson\model\Run.java","1376","9","1376","29","0","0","0","0","0","0","0","0","0","0","0","0","0","0","0","0","0","0","0","0","0","0","0","0"
"L39713","href","hudson.model.Run$Artifact.href;Ljava/lang/String;","L39571","L103","C:\GIT\pris2\SourceMeter\Guille\jenkins-jenkins-2.328\core\src\main\java\hudson\model\Run.java","1381","9","1381","29","0","0","0","0","0","0","0","0","0","0","0","0","0","0","0","0","0","0","0","0","0","0","0","0"
"L39715","treeNodeId","hudson.model.Run$Artifact.treeNodeId;Ljava/lang/String;","L39571","L103","C:\GIT\pris2\SourceMeter\Guille\jenkins-jenkins-2.328\core\src\main\java\hudson\model\Run.java","1386","9","1386","35","0","0","0","0","0","0","0","0","0","0","0","0","0","0","0","0","0","0","0","0","0","0","0","0"
"L39717","length","hudson.model.Run$Artifact.length;Ljava/lang/String;","L39571","L103","C:\GIT\pris2\SourceMeter\Guille\jenkins-jenkins-2.328\core\src\main\java\hudson\model\Run.java","1391","9","1391","31","0","0","0","0","0","0","0","0","0","0","0","0","0","0","0","0","0","0","0","0","0","0","0","0"
"L39790","checkpoints","hudson.model.Run$RunExecution.checkpoints;Lhudson/model/Run$RunExecution$CheckpointSet;","L39370","L103","C:\GIT\pris2\SourceMeter\Guille\jenkins-jenkins-2.328\core\src\main\java\hudson\model\Run.java","1780","9","1780","71","0","0","0","0","0","0","0","0","0","0","0","0","0","0","0","0","0","0","0","0","0","0","0","0"
"L39827","attributes","hudson.model.Run$RunExecution.attributes;Ljava/util/Map;","L39370","L103","C:\GIT\pris2\SourceMeter\Guille\jenkins-jenkins-2.328\core\src\main\java\hudson\model\Run.java","1782","9","1782","72","0","0","0","0","0","0","0","0","0","0","0","0","0","0","0","0","0","0","0","0","0","0","0","0"
"L39844","serialVersionUID","hudson.model.Run$RunnerAbortedException.serialVersionUID;J","L26066","L103","C:\GIT\pris2\SourceMeter\Guille\jenkins-jenkins-2.328\core\src\main\java\hudson\model\Run.java","1841","9","1841","57","0","0","0","0","0","0","0","0","0","0","0","0","0","0","0","0","0","0","0","0","0","0","0","0"
"L39904","id","hudson.model.Run$Replacer.id;Ljava/lang/String;","L39899","L103","C:\GIT\pris2\SourceMeter\Guille\jenkins-jenkins-2.328\core\src\main\java\hudson\model\Run.java","2080","9","2080","33","0","0","0","0","0","0","0","0","0","0","0","0","0","0","0","0","0","0","0","0","0","0","0","0"
"L14005","isWorse","hudson.model.Run$Summary.isWorse;Z","L39934","L103","C:\GIT\pris2\SourceMeter\Guille\jenkins-jenkins-2.328\core\src\main\java\hudson\model\Run.java","2179","9","2179","32","0","0","0","0","0","0","0","0","0","0","0","0","0","0","0","0","0","0","0","0","0","0","0","0"
"L39936","message","hudson.model.Run$Summary.message;Ljava/lang/String;","L39934","L103","C:\GIT\pris2\SourceMeter\Guille\jenkins-jenkins-2.328\core\src\main\java\hudson\model\Run.java","2180","9","2180","31","0","0","0","0","0","0","0","0","0","0","0","0","0","0","0","0","0","0","0","0","0","0","0","0"
"L40247","ALL","hudson.model.RunParameterDefinition$RunParameterFilter.ALL;Lhudson/model/RunParameterDefinition$RunParameterFilter;","L40239","L103","C:\GIT\pris2\SourceMeter\Guille\jenkins-jenkins-2.328\core\src\main\java\hudson\model\RunParameterDefinition.java","51","9","51","12","0","0","0","0","0","0","0","0","0","0","0","0","0","0","0","0","0","0","0","0","0","0","0","0"
"L40248","STABLE","hudson.model.RunParameterDefinition$RunParameterFilter.STABLE;Lhudson/model/RunParameterDefinition$RunParameterFilter;","L40239","L103","C:\GIT\pris2\SourceMeter\Guille\jenkins-jenkins-2.328\core\src\main\java\hudson\model\RunParameterDefinition.java","52","9","52","15","0","0","0","0","0","0","0","0","0","0","0","0","0","0","0","0","0","0","0","0","0","0","0","0"
"L40249","SUCCESSFUL","hudson.model.RunParameterDefinition$RunParameterFilter.SUCCESSFUL;Lhudson/model/RunParameterDefinition$RunParameterFilter;","L40239","L103","C:\GIT\pris2\SourceMeter\Guille\jenkins-jenkins-2.328\core\src\main\java\hudson\model\RunParameterDefinition.java","53","9","53","19","0","0","0","0","0","0","0","0","0","0","0","0","0","0","0","0","0","0","0","0","0","0","0","0"
"L40250","COMPLETED","hudson.model.RunParameterDefinition$RunParameterFilter.COMPLETED;Lhudson/model/RunParameterDefinition$RunParameterFilter;","L40239","L103","C:\GIT\pris2\SourceMeter\Guille\jenkins-jenkins-2.328\core\src\main\java\hudson\model\RunParameterDefinition.java","54","9","54","18","0","0","0","0","0","0","0","0","0","0","0","0","0","0","0","0","0","0","0","0","0","0","0","0"
"L40532","fileName","hudson.model.Slave$JnlpJar.fileName;Ljava/lang/String;","L40530","L103","C:\GIT\pris2\SourceMeter\Guille\jenkins-jenkins-2.328\core\src\main\java\hudson\model\Slave.java","390","9","390","39","0","0","0","0","0","0","0","0","0","0","0","0","0","0","0","0","0","0","0","0","0","0","0","0"
"L40629","serialVersionUID","hudson.model.Slave$GetClockDifference1.serialVersionUID;J","L40502","L103","C:\GIT\pris2\SourceMeter\Guille\jenkins-jenkins-2.328\core\src\main\java\hudson\model\Slave.java","706","9","706","57","0","0","0","0","0","0","0","0","0","0","0","0","0","0","0","0","0","0","0","0","0","0","0","0"
"L40636","startTime","hudson.model.Slave$GetClockDifference2.startTime;J","L40624","L103","C:\GIT\pris2\SourceMeter\Guille\jenkins-jenkins-2.328\core\src\main\java\hudson\model\Slave.java","714","9","714","67","0","0","0","0","0","0","0","0","0","0","0","0","0","0","0","0","0","0","0","0","0","0","0","0"
"L40642","serialVersionUID","hudson.model.Slave$GetClockDifference2.serialVersionUID;J","L40624","L103","C:\GIT\pris2\SourceMeter\Guille\jenkins-jenkins-2.328\core\src\main\java\hudson\model\Slave.java","721","9","721","57","0","0","0","0","0","0","0","0","0","0","0","0","0","0","0","0","0","0","0","0","0","0","0","0"
"L40643","remoteTime","hudson.model.Slave$GetClockDifference3.remoteTime;J","L40631","L103","C:\GIT\pris2\SourceMeter\Guille\jenkins-jenkins-2.328\core\src\main\java\hudson\model\Slave.java","725","9","725","68","0","0","0","0","0","0","0","0","0","0","0","0","0","0","0","0","0","0","0","0","0","0","0","0"
"L40644","startTime","hudson.model.Slave$GetClockDifference3.startTime;J","L40631","L103","C:\GIT\pris2\SourceMeter\Guille\jenkins-jenkins-2.328\core\src\main\java\hudson\model\Slave.java","726","9","726","38","0","0","0","0","0","0","0","0","0","0","0","0","0","0","0","0","0","0","0","0","0","0","0","0"
"L40863","listener","hudson.model.TaskThread$ListenerAndText.listener;Lhudson/model/TaskListener;","L40853","L103","C:\GIT\pris2\SourceMeter\Guille\jenkins-jenkins-2.328\core\src\main\java\hudson\model\TaskThread.java","156","9","156","37","0","0","0","0","0","0","0","0","0","0","0","0","0","0","0","0","0","0","0","0","0","0","0","0"
"L40860","text","hudson.model.TaskThread$ListenerAndText.text;Lhudson/console/AnnotatedLargeText;","L40853","L103","C:\GIT\pris2\SourceMeter\Guille\jenkins-jenkins-2.328\core\src\main\java\hudson\model\TaskThread.java","157","9","157","51","0","0","0","0","0","0","0","0","0","0","0","0","0","0","0","0","0","0","0","0","0","0","0","0"
"L41199","PRECHECK","hudson.model.UpdateCenter$ConnectionStatus.PRECHECK;Lhudson/model/UpdateCenter$ConnectionStatus;","L41191","L103","C:\GIT\pris2\SourceMeter\Guille\jenkins-jenkins-2.328\core\src\main\java\hudson\model\UpdateCenter.java","237","9","237","17","0","0","0","0","0","0","0","0","0","0","0","0","0","0","0","0","0","0","0","0","0","0","0","0"
"L41201","SKIPPED","hudson.model.UpdateCenter$ConnectionStatus.SKIPPED;Lhudson/model/UpdateCenter$ConnectionStatus;","L41191","L103","C:\GIT\pris2\SourceMeter\Guille\jenkins-jenkins-2.328\core\src\main\java\hudson\model\UpdateCenter.java","243","9","243","16","0","0","0","0","0","0","0","0","0","0","0","0","0","0","0","0","0","0","0","0","0","0","0","0"
"L41203","CHECKING","hudson.model.UpdateCenter$ConnectionStatus.CHECKING;Lhudson/model/UpdateCenter$ConnectionStatus;","L41191","L103","C:\GIT\pris2\SourceMeter\Guille\jenkins-jenkins-2.328\core\src\main\java\hudson\model\UpdateCenter.java","247","9","247","17","0","0","0","0","0","0","0","0","0","0","0","0","0","0","0","0","0","0","0","0","0","0","0","0"
"L41205","UNCHECKED","hudson.model.UpdateCenter$ConnectionStatus.UNCHECKED;Lhudson/model/UpdateCenter$ConnectionStatus;","L41191","L103","C:\GIT\pris2\SourceMeter\Guille\jenkins-jenkins-2.328\core\src\main\java\hudson\model\UpdateCenter.java","251","9","251","18","0","0","0","0","0","0","0","0","0","0","0","0","0","0","0","0","0","0","0","0","0","0","0","0"
"L41207","OK","hudson.model.UpdateCenter$ConnectionStatus.OK;Lhudson/model/UpdateCenter$ConnectionStatus;","L41191","L103","C:\GIT\pris2\SourceMeter\Guille\jenkins-jenkins-2.328\core\src\main\java\hudson\model\UpdateCenter.java","255","9","255","11","0","0","0","0","0","0","0","0","0","0","0","0","0","0","0","0","0","0","0","0","0","0","0","0"
"L41209","FAILED","hudson.model.UpdateCenter$ConnectionStatus.FAILED;Lhudson/model/UpdateCenter$ConnectionStatus;","L41191","L103","C:\GIT\pris2\SourceMeter\Guille\jenkins-jenkins-2.328\core\src\main\java\hudson\model\UpdateCenter.java","259","9","259","15","0","0","0","0","0","0","0","0","0","0","0","0","0","0","0","0","0","0","0","0","0","0","0","0"
"L41211","INTERNET","hudson.model.UpdateCenter$ConnectionStatus.INTERNET;Ljava/lang/String;","L41191","L103","C:\GIT\pris2\SourceMeter\Guille\jenkins-jenkins-2.328\core\src\main\java\hudson\model\UpdateCenter.java","261","9","261","51","0","0","0","0","0","0","0","0","0","0","0","0","0","0","0","0","0","0","0","0","0","0","0","0"
"L41212","UPDATE_SITE","hudson.model.UpdateCenter$ConnectionStatus.UPDATE_SITE;Ljava/lang/String;","L41191","L103","C:\GIT\pris2\SourceMeter\Guille\jenkins-jenkins-2.328\core\src\main\java\hudson\model\UpdateCenter.java","262","9","262","56","0","0","0","0","0","0","0","0","0","0","0","0","0","0","0","0","0","0","0","0","0","0","0","0"
"L41257","id","hudson.model.UpdateCenter$UpdateCenterJob.id;I","L41162","L103","C:\GIT\pris2\SourceMeter\Guille\jenkins-jenkins-2.328\core\src\main\java\hudson\model\UpdateCenter.java","1449","9","1450","54","0","0","0","0","0","0","0","0","0","0","0","0","0","0","0","0","0","0","0","0","0","0","0","0"
"L41450","site","hudson.model.UpdateCenter$UpdateCenterJob.site;Lhudson/model/UpdateSite;","L41162","L103","C:\GIT\pris2\SourceMeter\Guille\jenkins-jenkins-2.328\core\src\main\java\hudson\model\UpdateCenter.java","1455","9","1455","52","0","0","0","0","0","0","0","0","0","0","0","0","0","0","0","0","0","0","0","0","0","0","0","0"
"L41657","correlationId","hudson.model.UpdateCenter$UpdateCenterJob.correlationId;Ljava/util/UUID;","L41162","L103","C:\GIT\pris2\SourceMeter\Guille\jenkins-jenkins-2.328\core\src\main\java\hudson\model\UpdateCenter.java","1461","9","1461","43","0","0","0","0","0","0","0","0","0","0","0","0","0","0","0","0","0","0","0","0","0","0","0","0"
"L41659","error","hudson.model.UpdateCenter$UpdateCenterJob.error;Ljava/lang/Throwable;","L41162","L103","C:\GIT\pris2\SourceMeter\Guille\jenkins-jenkins-2.328\core\src\main\java\hudson\model\UpdateCenter.java","1466","9","1466","35","0","0","0","0","0","0","0","0","0","0","0","0","0","0","0","0","0","0","0","0","0","0","0","0"
"L41422","status","hudson.model.UpdateCenter$RestartJenkinsJob.status;Lhudson/model/UpdateCenter$RestartJenkinsJob$RestartJenkinsJobStatus;","L41405","L103","C:\GIT\pris2\SourceMeter\Guille\jenkins-jenkins-2.328\core\src\main\java\hudson\model\UpdateCenter.java","1531","10","1532","90","0","0","0","0","0","0","0","0","0","0","0","0","0","0","0","0","0","0","0","0","0","0","0","0"
"L41678","authentication","hudson.model.UpdateCenter$RestartJenkinsJob.authentication;Ljava/lang/String;","L41405","L103","C:\GIT\pris2\SourceMeter\Guille\jenkins-jenkins-2.328\core\src\main\java\hudson\model\UpdateCenter.java","1537","9","1537","39","0","0","0","0","0","0","0","0","0","0","0","0","0","0","0","0","0","0","0","0","0","0","0","0"
"L41705","statuses","hudson.model.UpdateCenter$ConnectionCheckJob.statuses;Ljava/util/Vector;","L41276","L103","C:\GIT\pris2\SourceMeter\Guille\jenkins-jenkins-2.328\core\src\main\java\hudson\model\UpdateCenter.java","1604","9","1604","64","0","0","0","0","0","0","0","0","0","0","0","0","0","0","0","0","0","0","0","0","0","0","0","0"
"L41286","connectionStates","hudson.model.UpdateCenter$ConnectionCheckJob.connectionStates;Ljava/util/Map;","L41276","L103","C:\GIT\pris2\SourceMeter\Guille\jenkins-jenkins-2.328\core\src\main\java\hudson\model\UpdateCenter.java","1606","9","1606","90","0","0","0","0","0","0","0","0","0","0","0","0","0","0","0","0","0","0","0","0","0","0","0","0"
"L41302","status","hudson.model.UpdateCenter$DownloadJob.status;Lhudson/model/UpdateCenter$DownloadJob$InstallationStatus;","L41589","L103","C:\GIT\pris2\SourceMeter\Guille\jenkins-jenkins-2.328\core\src\main\java\hudson\model\UpdateCenter.java","1776","9","1777","79","0","0","0","0","0","0","0","0","0","0","0","0","0","0","0","0","0","0","0","0","0","0","0","0"
"L41620","computedSHA1","hudson.model.UpdateCenter$DownloadJob.computedSHA1;Ljava/lang/String;","L41589","L103","C:\GIT\pris2\SourceMeter\Guille\jenkins-jenkins-2.328\core\src\main\java\hudson\model\UpdateCenter.java","1820","9","1820","37","0","0","0","0","0","0","0","0","0","0","0","0","0","0","0","0","0","0","0","0","0","0","0","0"
"L41622","computedSHA256","hudson.model.UpdateCenter$DownloadJob.computedSHA256;Ljava/lang/String;","L41589","L103","C:\GIT\pris2\SourceMeter\Guille\jenkins-jenkins-2.328\core\src\main\java\hudson\model\UpdateCenter.java","1833","9","1833","39","0","0","0","0","0","0","0","0","0","0","0","0","0","0","0","0","0","0","0","0","0","0","0","0"
"L41624","computedSHA512","hudson.model.UpdateCenter$DownloadJob.computedSHA512;Ljava/lang/String;","L41589","L103","C:\GIT\pris2\SourceMeter\Guille\jenkins-jenkins-2.328\core\src\main\java\hudson\model\UpdateCenter.java","1846","9","1846","39","0","0","0","0","0","0","0","0","0","0","0","0","0","0","0","0","0","0","0","0","0","0","0","0"
"L41813","authentication","hudson.model.UpdateCenter$DownloadJob.authentication;LAuthentication;","L41589","L103","C:\GIT\pris2\SourceMeter\Guille\jenkins-jenkins-2.328\core\src\main\java\hudson\model\UpdateCenter.java","1848","9","1848","47","0","0","0","0","0","0","0","0","0","0","0","0","0","0","0","0","0","0","0","0","0","0","0","0"
"L41886","PASS","hudson.model.UpdateCenter$VerificationResult.PASS;Lhudson/model/UpdateCenter$VerificationResult;","L41874","L103","C:\GIT\pris2\SourceMeter\Guille\jenkins-jenkins-2.328\core\src\main\java\hudson\model\UpdateCenter.java","2049","9","2049","13","0","0","0","0","0","0","0","0","0","0","0","0","0","0","0","0","0","0","0","0","0","0","0","0"
"L41880","NOT_PROVIDED","hudson.model.UpdateCenter$VerificationResult.NOT_PROVIDED;Lhudson/model/UpdateCenter$VerificationResult;","L41874","L103","C:\GIT\pris2\SourceMeter\Guille\jenkins-jenkins-2.328\core\src\main\java\hudson\model\UpdateCenter.java","2050","9","2050","21","0","0","0","0","0","0","0","0","0","0","0","0","0","0","0","0","0","0","0","0","0","0","0","0"
"L41882","NOT_COMPUTED","hudson.model.UpdateCenter$VerificationResult.NOT_COMPUTED;Lhudson/model/UpdateCenter$VerificationResult;","L41874","L103","C:\GIT\pris2\SourceMeter\Guille\jenkins-jenkins-2.328\core\src\main\java\hudson\model\UpdateCenter.java","2051","9","2051","21","0","0","0","0","0","0","0","0","0","0","0","0","0","0","0","0","0","0","0","0","0","0","0","0"
"L41890","FAIL","hudson.model.UpdateCenter$VerificationResult.FAIL;Lhudson/model/UpdateCenter$VerificationResult;","L41874","L103","C:\GIT\pris2\SourceMeter\Guille\jenkins-jenkins-2.328\core\src\main\java\hudson\model\UpdateCenter.java","2052","9","2052","13","0","0","0","0","0","0","0","0","0","0","0","0","0","0","0","0","0","0","0","0","0","0","0","0"
"L41266","plugin","hudson.model.UpdateCenter$InstallationJob.plugin;Lhudson/model/UpdateSite$Plugin;","L41261","L103","C:\GIT\pris2\SourceMeter\Guille\jenkins-jenkins-2.328\core\src\main\java\hudson\model\UpdateCenter.java","2130","9","2131","36","0","0","0","0","0","0","0","0","0","0","0","0","0","0","0","0","0","0","0","0","0","0","0","0"
"L41765","pm","hudson.model.UpdateCenter$InstallationJob.pm;Lhudson/PluginManager;","L41261","L103","C:\GIT\pris2\SourceMeter\Guille\jenkins-jenkins-2.328\core\src\main\java\hudson\model\UpdateCenter.java","2133","9","2133","77","0","0","0","0","0","0","0","0","0","0","0","0","0","0","0","0","0","0","0","0","0","0","0","0"
"L41761","dynamicLoad","hudson.model.UpdateCenter$InstallationJob.dynamicLoad;Z","L41261","L103","C:\GIT\pris2\SourceMeter\Guille\jenkins-jenkins-2.328\core\src\main\java\hudson\model\UpdateCenter.java","2138","9","2138","45","0","0","0","0","0","0","0","0","0","0","0","0","0","0","0","0","0","0","0","0","0","0","0","0"
"L41928","batch","hudson.model.UpdateCenter$InstallationJob.batch;Ljava/util/List;","L41261","L103","C:\GIT\pris2\SourceMeter\Guille\jenkins-jenkins-2.328\core\src\main\java\hudson\model\UpdateCenter.java","2140","9","2140","49","0","0","0","0","0","0","0","0","0","0","0","0","0","0","0","0","0","0","0","0","0","0","0","0"
"L41987","batch","hudson.model.UpdateCenter$CompleteBatchJob.batch;Ljava/util/List;","L41986","L103","C:\GIT\pris2\SourceMeter\Guille\jenkins-jenkins-2.328\core\src\main\java\hudson\model\UpdateCenter.java","2319","9","2319","49","0","0","0","0","0","0","0","0","0","0","0","0","0","0","0","0","0","0","0","0","0","0","0","0"
"L41988","start","hudson.model.UpdateCenter$CompleteBatchJob.start;J","L41986","L103","C:\GIT\pris2\SourceMeter\Guille\jenkins-jenkins-2.328\core\src\main\java\hudson\model\UpdateCenter.java","2320","9","2320","34","0","0","0","0","0","0","0","0","0","0","0","0","0","0","0","0","0","0","0","0","0","0","0","0"
"L41989","status","hudson.model.UpdateCenter$CompleteBatchJob.status;Lhudson/model/UpdateCenter$CompleteBatchJob$CompleteBatchJobStatus;","L41986","L103","C:\GIT\pris2\SourceMeter\Guille\jenkins-jenkins-2.328\core\src\main\java\hudson\model\UpdateCenter.java","2321","9","2323","88","0","0","0","0","0","0","0","0","0","0","0","0","0","0","0","0","0","0","0","0","0","0","0","0"
"L42033","plugin","hudson.model.UpdateCenter$PluginDowngradeJob.plugin;Lhudson/model/UpdateSite$Plugin;","L42031","L103","C:\GIT\pris2\SourceMeter\Guille\jenkins-jenkins-2.328\core\src\main\java\hudson\model\UpdateCenter.java","2375","9","2375","36","0","0","0","0","0","0","0","0","0","0","0","0","0","0","0","0","0","0","0","0","0","0","0","0"
"L42035","pm","hudson.model.UpdateCenter$PluginDowngradeJob.pm;Lhudson/PluginManager;","L42031","L103","C:\GIT\pris2\SourceMeter\Guille\jenkins-jenkins-2.328\core\src\main\java\hudson\model\UpdateCenter.java","2377","9","2377","75","0","0","0","0","0","0","0","0","0","0","0","0","0","0","0","0","0","0","0","0","0","0","0","0"
"L42103","plugin","hudson.model.UpdateCenter$PluginEntry.plugin;Lhudson/model/UpdateSite$Plugin;","L41493","L103","C:\GIT\pris2\SourceMeter\Guille\jenkins-jenkins-2.328\core\src\main\java\hudson\model\UpdateCenter.java","2589","9","2589","30","0","0","0","0","0","0","0","0","0","0","0","0","0","0","0","0","0","0","0","0","0","0","0","0"
"L42104","category","hudson.model.UpdateCenter$PluginEntry.category;Ljava/lang/String;","L41493","L103","C:\GIT\pris2\SourceMeter\Guille\jenkins-jenkins-2.328\core\src\main\java\hudson\model\UpdateCenter.java","2590","9","2590","32","0","0","0","0","0","0","0","0","0","0","0","0","0","0","0","0","0","0","0","0","0","0","0","0"
"L42252","sourceId","hudson.model.UpdateSite$Data.sourceId;Ljava/lang/String;","L3743","L103","C:\GIT\pris2\SourceMeter\Guille\jenkins-jenkins-2.328\core\src\main\java\hudson\model\UpdateSite.java","553","9","553","38","0","0","0","0","0","0","0","0","0","0","0","0","0","0","0","0","0","0","0","0","0","0","0","0"
"L41359","core","hudson.model.UpdateSite$Data.core;Lhudson/model/UpdateSite$Entry;","L3743","L103","C:\GIT\pris2\SourceMeter\Guille\jenkins-jenkins-2.328\core\src\main\java\hudson\model\UpdateSite.java","558","9","558","33","0","0","0","0","0","0","0","0","0","0","0","0","0","0","0","0","0","0","0","0","0","0","0","0"
"L3754","plugins","hudson.model.UpdateSite$Data.plugins;Ljava/util/Map;","L3743","L103","C:\GIT\pris2\SourceMeter\Guille\jenkins-jenkins-2.328\core\src\main\java\hudson\model\UpdateSite.java","562","9","562","97","0","0","0","0","0","0","0","0","0","0","0","0","0","0","0","0","0","0","0","0","0","0","0","0"
"L42259","warnings","hudson.model.UpdateSite$Data.warnings;Ljava/util/Set;","L3743","L103","C:\GIT\pris2\SourceMeter\Guille\jenkins-jenkins-2.328\core\src\main\java\hudson\model\UpdateSite.java","568","9","568","63","0","0","0","0","0","0","0","0","0","0","0","0","0","0","0","0","0","0","0","0","0","0","0","0"
"L42270","deprecations","hudson.model.UpdateSite$Data.deprecations;Ljava/util/Map;","L3743","L103","C:\GIT\pris2\SourceMeter\Guille\jenkins-jenkins-2.328\core\src\main\java\hudson\model\UpdateSite.java","575","9","575","79","0","0","0","0","0","0","0","0","0","0","0","0","0","0","0","0","0","0","0","0","0","0","0","0"
"L42235","connectionCheckUrl","hudson.model.UpdateSite$Data.connectionCheckUrl;Ljava/lang/String;","L3743","L103","C:\GIT\pris2\SourceMeter\Guille\jenkins-jenkins-2.328\core\src\main\java\hudson\model\UpdateSite.java","581","9","581","48","0","0","0","0","0","0","0","0","0","0","0","0","0","0","0","0","0","0","0","0","0","0","0","0"
"L41270","sourceId","hudson.model.UpdateSite$Entry.sourceId;Ljava/lang/String;","L41910","L103","C:\GIT\pris2\SourceMeter\Guille\jenkins-jenkins-2.328\core\src\main\java\hudson\model\UpdateSite.java","686","9","687","38","0","0","0","0","0","0","0","0","0","0","0","0","0","0","0","0","0","0","0","0","0","0","0","0"
"L41268","name","hudson.model.UpdateSite$Entry.name;Ljava/lang/String;","L41910","L103","C:\GIT\pris2\SourceMeter\Guille\jenkins-jenkins-2.328\core\src\main\java\hudson\model\UpdateSite.java","692","9","693","34","0","0","0","0","0","0","0","0","0","0","0","0","0","0","0","0","0","0","0","0","0","0","0","0"
"L3884","version","hudson.model.UpdateSite$Entry.version;Ljava/lang/String;","L41910","L103","C:\GIT\pris2\SourceMeter\Guille\jenkins-jenkins-2.328\core\src\main\java\hudson\model\UpdateSite.java","697","9","698","37","0","0","0","0","0","0","0","0","0","0","0","0","0","0","0","0","0","0","0","0","0","0","0","0"
"L41946","url","hudson.model.UpdateSite$Entry.url;Ljava/lang/String;","L41910","L103","C:\GIT\pris2\SourceMeter\Guille\jenkins-jenkins-2.328\core\src\main\java\hudson\model\UpdateSite.java","702","9","703","33","0","0","0","0","0","0","0","0","0","0","0","0","0","0","0","0","0","0","0","0","0","0","0","0"
"L42322","size","hudson.model.UpdateSite$Entry.size;Ljava/lang/Long;","L41910","L103","C:\GIT\pris2\SourceMeter\Guille\jenkins-jenkins-2.328\core\src\main\java\hudson\model\UpdateSite.java","708","9","708","33","0","0","0","0","0","0","0","0","0","0","0","0","0","0","0","0","0","0","0","0","0","0","0","0"
"L42324","sha1","hudson.model.UpdateSite$Entry.sha1;Ljava/lang/String;","L41910","L103","C:\GIT\pris2\SourceMeter\Guille\jenkins-jenkins-2.328\core\src\main\java\hudson\model\UpdateSite.java","711","9","712","33","0","0","0","0","0","0","0","0","0","0","0","0","0","0","0","0","0","0","0","0","0","0","0","0"
"L42326","sha256","hudson.model.UpdateSite$Entry.sha256;Ljava/lang/String;","L41910","L103","C:\GIT\pris2\SourceMeter\Guille\jenkins-jenkins-2.328\core\src\main\java\hudson\model\UpdateSite.java","714","9","715","35","0","0","0","0","0","0","0","0","0","0","0","0","0","0","0","0","0","0","0","0","0","0","0","0"
"L42327","sha512","hudson.model.UpdateSite$Entry.sha512;Ljava/lang/String;","L41910","L103","C:\GIT\pris2\SourceMeter\Guille\jenkins-jenkins-2.328\core\src\main\java\hudson\model\UpdateSite.java","717","9","718","35","0","0","0","0","0","0","0","0","0","0","0","0","0","0","0","0","0","0","0","0","0","0","0","0"
"L42351","name","hudson.model.UpdateSite$WarningVersionRange.name;Ljava/lang/String;","L42349","L103","C:\GIT\pris2\SourceMeter\Guille\jenkins-jenkins-2.328\core\src\main\java\hudson\model\UpdateSite.java","829","9","830","34","0","0","0","0","0","0","0","0","0","0","0","0","0","0","0","0","0","0","0","0","0","0","0","0"
"L42353","firstVersion","hudson.model.UpdateSite$WarningVersionRange.firstVersion;Ljava/lang/String;","L42349","L103","C:\GIT\pris2\SourceMeter\Guille\jenkins-jenkins-2.328\core\src\main\java\hudson\model\UpdateSite.java","835","9","836","42","0","0","0","0","0","0","0","0","0","0","0","0","0","0","0","0","0","0","0","0","0","0","0","0"
"L42355","lastVersion","hudson.model.UpdateSite$WarningVersionRange.lastVersion;Ljava/lang/String;","L42349","L103","C:\GIT\pris2\SourceMeter\Guille\jenkins-jenkins-2.328\core\src\main\java\hudson\model\UpdateSite.java","841","9","842","41","0","0","0","0","0","0","0","0","0","0","0","0","0","0","0","0","0","0","0","0","0","0","0","0"
"L42357","pattern","hudson.model.UpdateSite$WarningVersionRange.pattern;Ljava/util/regex/Pattern;","L42349","L103","C:\GIT\pris2\SourceMeter\Guille\jenkins-jenkins-2.328\core\src\main\java\hudson\model\UpdateSite.java","847","9","848","39","0","0","0","0","0","0","0","0","0","0","0","0","0","0","0","0","0","0","0","0","0","0","0","0"
"L42368","url","hudson.model.UpdateSite$Deprecation.url;Ljava/lang/String;","L42273","L103","C:\GIT\pris2\SourceMeter\Guille\jenkins-jenkins-2.328\core\src\main\java\hudson\model\UpdateSite.java","881","9","881","33","0","0","0","0","0","0","0","0","0","0","0","0","0","0","0","0","0","0","0","0","0","0","0","0"
"L42390","type","hudson.model.UpdateSite$Warning.type;Lhudson/model/UpdateSite$Warning$Type;","L42262","L103","C:\GIT\pris2\SourceMeter\Guille\jenkins-jenkins-2.328\core\src\main\java\hudson\model\UpdateSite.java","921","9","922","38","0","0","0","0","0","0","0","0","0","0","0","0","0","0","0","0","0","0","0","0","0","0","0","0"
"L42392","id","hudson.model.UpdateSite$Warning.id;Ljava/lang/String;","L42262","L103","C:\GIT\pris2\SourceMeter\Guille\jenkins-jenkins-2.328\core\src\main\java\hudson\model\UpdateSite.java","930","9","932","32","0","0","0","0","0","0","0","0","0","0","0","0","0","0","0","0","0","0","0","0","0","0","0","0"
"L42394","component","hudson.model.UpdateSite$Warning.component;Ljava/lang/String;","L42262","L103","C:\GIT\pris2\SourceMeter\Guille\jenkins-jenkins-2.328\core\src\main\java\hudson\model\UpdateSite.java","941","9","943","39","0","0","0","0","0","0","0","0","0","0","0","0","0","0","0","0","0","0","0","0","0","0","0","0"
"L42396","message","hudson.model.UpdateSite$Warning.message;Ljava/lang/String;","L42262","L103","C:\GIT\pris2\SourceMeter\Guille\jenkins-jenkins-2.328\core\src\main\java\hudson\model\UpdateSite.java","948","9","950","37","0","0","0","0","0","0","0","0","0","0","0","0","0","0","0","0","0","0","0","0","0","0","0","0"
"L42398","url","hudson.model.UpdateSite$Warning.url;Ljava/lang/String;","L42262","L103","C:\GIT\pris2\SourceMeter\Guille\jenkins-jenkins-2.328\core\src\main\java\hudson\model\UpdateSite.java","956","9","958","33","0","0","0","0","0","0","0","0","0","0","0","0","0","0","0","0","0","0","0","0","0","0","0","0"
"L42400","versionRanges","hudson.model.UpdateSite$Warning.versionRanges;Ljava/util/List;","L42262","L103","C:\GIT\pris2\SourceMeter\Guille\jenkins-jenkins-2.328\core\src\main\java\hudson\model\UpdateSite.java","965","9","967","62","0","0","0","0","0","0","0","0","0","0","0","0","0","0","0","0","0","0","0","0","0","0","0","0"
"L42451","type","hudson.model.UpdateSite$IssueTracker.type;Ljava/lang/String;","L42449","L103","C:\GIT\pris2\SourceMeter\Guille\jenkins-jenkins-2.328\core\src\main\java\hudson\model\UpdateSite.java","1090","9","1090","34","0","0","0","0","0","0","0","0","0","0","0","0","0","0","0","0","0","0","0","0","0","0","0","0"
"L42453","viewUrl","hudson.model.UpdateSite$IssueTracker.viewUrl;Ljava/lang/String;","L42449","L103","C:\GIT\pris2\SourceMeter\Guille\jenkins-jenkins-2.328\core\src\main\java\hudson\model\UpdateSite.java","1094","9","1094","37","0","0","0","0","0","0","0","0","0","0","0","0","0","0","0","0","0","0","0","0","0","0","0","0"
"L42455","reportUrl","hudson.model.UpdateSite$IssueTracker.reportUrl;Ljava/lang/String;","L42449","L103","C:\GIT\pris2\SourceMeter\Guille\jenkins-jenkins-2.328\core\src\main\java\hudson\model\UpdateSite.java","1098","9","1099","39","0","0","0","0","0","0","0","0","0","0","0","0","0","0","0","0","0","0","0","0","0","0","0","0"
"L42304","wiki","hudson.model.UpdateSite$Plugin.wiki;Ljava/lang/String;","L3720","L103","C:\GIT\pris2\SourceMeter\Guille\jenkins-jenkins-2.328\core\src\main\java\hudson\model\UpdateSite.java","1122","9","1123","34","0","0","0","0","0","0","0","0","0","0","0","0","0","0","0","0","0","0","0","0","0","0","0","0"
"L41323","title","hudson.model.UpdateSite$Plugin.title;Ljava/lang/String;","L3720","L103","C:\GIT\pris2\SourceMeter\Guille\jenkins-jenkins-2.328\core\src\main\java\hudson\model\UpdateSite.java","1131","9","1132","35","0","0","0","0","0","0","0","0","0","0","0","0","0","0","0","0","0","0","0","0","0","0","0","0"
"L42471","excerpt","hudson.model.UpdateSite$Plugin.excerpt;Ljava/lang/String;","L3720","L103","C:\GIT\pris2\SourceMeter\Guille\jenkins-jenkins-2.328\core\src\main\java\hudson\model\UpdateSite.java","1136","9","1137","37","0","0","0","0","0","0","0","0","0","0","0","0","0","0","0","0","0","0","0","0","0","0","0","0"
"L42473","compatibleSinceVersion","hudson.model.UpdateSite$Plugin.compatibleSinceVersion;Ljava/lang/String;","L3720","L103","C:\GIT\pris2\SourceMeter\Guille\jenkins-jenkins-2.328\core\src\main\java\hudson\model\UpdateSite.java","1141","9","1142","52","0","0","0","0","0","0","0","0","0","0","0","0","0","0","0","0","0","0","0","0","0","0","0","0"
"L42296","requiredCore","hudson.model.UpdateSite$Plugin.requiredCore;Ljava/lang/String;","L3720","L103","C:\GIT\pris2\SourceMeter\Guille\jenkins-jenkins-2.328\core\src\main\java\hudson\model\UpdateSite.java","1146","9","1147","42","0","0","0","0","0","0","0","0","0","0","0","0","0","0","0","0","0","0","0","0","0","0","0","0"
"L42476","minimumJavaVersion","hudson.model.UpdateSite$Plugin.minimumJavaVersion;Ljava/lang/String;","L3720","L103","C:\GIT\pris2\SourceMeter\Guille\jenkins-jenkins-2.328\core\src\main\java\hudson\model\UpdateSite.java","1153","9","1154","48","0","0","0","0","0","0","0","0","0","0","0","0","0","0","0","0","0","0","0","0","0","0","0","0"
"L41500","categories","hudson.model.UpdateSite$Plugin.categories;[Ljava/lang/String;","L3720","L103","C:\GIT\pris2\SourceMeter\Guille\jenkins-jenkins-2.328\core\src\main\java\hudson\model\UpdateSite.java","1159","9","1161","42","0","0","0","0","0","0","0","0","0","0","0","0","0","0","0","0","0","0","0","0","0","0","0","0"
"L42298","dependencies","hudson.model.UpdateSite$Plugin.dependencies;Ljava/util/Map;","L3720","L103","C:\GIT\pris2\SourceMeter\Guille\jenkins-jenkins-2.328\core\src\main\java\hudson\model\UpdateSite.java","1166","9","1167","55","0","0","0","0","0","0","0","0","0","0","0","0","0","0","0","0","0","0","0","0","0","0","0","0"
"L42480","optionalDependencies","hudson.model.UpdateSite$Plugin.optionalDependencies;Ljava/util/Map;","L3720","L103","C:\GIT\pris2\SourceMeter\Guille\jenkins-jenkins-2.328\core\src\main\java\hudson\model\UpdateSite.java","1172","9","1173","63","0","0","0","0","0","0","0","0","0","0","0","0","0","0","0","0","0","0","0","0","0","0","0","0"
"L42482","incompatibleParentPlugins","hudson.model.UpdateSite$Plugin.incompatibleParentPlugins;Ljava/util/Set;","L3720","L103","C:\GIT\pris2\SourceMeter\Guille\jenkins-jenkins-2.328\core\src\main\java\hudson\model\UpdateSite.java","1178","9","1178","55","0","0","0","0","0","0","0","0","0","0","0","0","0","0","0","0","0","0","0","0","0","0","0","0"
"L42484","releaseTimestamp","hudson.model.UpdateSite$Plugin.releaseTimestamp;Ljava/util/Date;","L3720","L103","C:\GIT\pris2\SourceMeter\Guille\jenkins-jenkins-2.328\core\src\main\java\hudson\model\UpdateSite.java","1184","9","1185","44","0","0","0","0","0","0","0","0","0","0","0","0","0","0","0","0","0","0","0","0","0","0","0","0"
"L42229","popularity","hudson.model.UpdateSite$Plugin.popularity;Ljava/lang/Double;","L3720","L103","C:\GIT\pris2\SourceMeter\Guille\jenkins-jenkins-2.328\core\src\main\java\hudson\model\UpdateSite.java","1192","9","1193","40","0","0","0","0","0","0","0","0","0","0","0","0","0","0","0","0","0","0","0","0","0","0","0","0"
"L41545","latest","hudson.model.UpdateSite$Plugin.latest;Ljava/lang/String;","L3720","L103","C:\GIT\pris2\SourceMeter\Guille\jenkins-jenkins-2.328\core\src\main\java\hudson\model\UpdateSite.java","1199","9","1200","30","0","0","0","0","0","0","0","0","0","0","0","0","0","0","0","0","0","0","0","0","0","0","0","0"
"L42491","issueTrackers","hudson.model.UpdateSite$Plugin.issueTrackers;[Lhudson/model/UpdateSite$IssueTracker;","L3720","L103","C:\GIT\pris2\SourceMeter\Guille\jenkins-jenkins-2.328\core\src\main\java\hudson\model\UpdateSite.java","1208","9","1209","45","0","0","0","0","0","0","0","0","0","0","0","0","0","0","0","0","0","0","0","0","0","0","0","0"
"L43105","id","hudson.model.User$Replacer.id;Ljava/lang/String;","L43100","L103","C:\GIT\pris2\SourceMeter\Guille\jenkins-jenkins-2.328\core\src\main\java\hudson\model\User.java","1061","9","1061","33","0","0","0","0","0","0","0","0","0","0","0","0","0","0","0","0","0","0","0","0","0","0","0","0"
"L43111","byName","hudson.model.User$AllUsers.byName;Ljava/util/concurrent/ConcurrentMap;","L42992","L103","C:\GIT\pris2\SourceMeter\Guille\jenkins-jenkins-2.328\core\src\main\java\hudson\model\User.java","1079","9","1079","86","0","0","0","0","0","0","0","0","0","0","0","0","0","0","0","0","0","0","0","0","0","0","0","0"
"L43143","REALM","hudson.model.User$CanonicalIdResolver.REALM;Ljava/lang/String;","L43132","L103","C:\GIT\pris2\SourceMeter\Guille\jenkins-jenkins-2.328\core\src\main\java\hudson\model\User.java","1143","9","1143","52","0","0","0","0","0","0","0","0","0","0","0","0","0","0","0","0","0","0","0","0","0","0","0","0"
"L43180","SECURITY_243_FULL_DEFENSE","hudson.model.User$UserIDCanonicalIdResolver.SECURITY_243_FULL_DEFENSE;Z","L43177","L103","C:\GIT\pris2\SourceMeter\Guille\jenkins-jenkins-2.328\core\src\main\java\hudson\model\User.java","1239","9","1240","104","0","0","0","0","0","0","0","0","0","0","0","0","0","0","0","0","0","0","0","0","0","0","0","0"
"L43181","resolving","hudson.model.User$UserIDCanonicalIdResolver.resolving;Ljava/lang/ThreadLocal;","L43177","L103","C:\GIT\pris2\SourceMeter\Guille\jenkins-jenkins-2.328\core\src\main\java\hudson\model\User.java","1242","9","1242","100","0","0","0","0","0","0","0","0","0","0","0","0","0","0","0","0","0","0","0","0","0","0","0","0"
"L43508","user","hudson.model.View$UserInfo.user;Lhudson/model/User;","L43502","L103","C:\GIT\pris2\SourceMeter\Guille\jenkins-jenkins-2.328\core\src\main\java\hudson\model\View.java","636","9","636","33","0","0","0","0","0","0","0","0","0","0","0","0","0","0","0","0","0","0","0","0","0","0","0","0"
"L43509","lastChange","hudson.model.View$UserInfo.lastChange;Ljava/util/Calendar;","L43502","L103","C:\GIT\pris2\SourceMeter\Guille\jenkins-jenkins-2.328\core\src\main\java\hudson\model\View.java","640","9","640","37","0","0","0","0","0","0","0","0","0","0","0","0","0","0","0","0","0","0","0","0","0","0","0","0"
"L43511","project","hudson.model.View$UserInfo.project;Lhudson/model/Job;","L43502","L103","C:\GIT\pris2\SourceMeter\Guille\jenkins-jenkins-2.328\core\src\main\java\hudson\model\View.java","644","9","644","35","0","0","0","0","0","0","0","0","0","0","0","0","0","0","0","0","0","0","0","0","0","0","0","0"
"L43513","avatar","hudson.model.View$UserInfo.avatar;Ljava/lang/String;","L43502","L103","C:\GIT\pris2\SourceMeter\Guille\jenkins-jenkins-2.328\core\src\main\java\hudson\model\View.java","647","9","647","23","0","0","0","0","0","0","0","0","0","0","0","0","0","0","0","0","0","0","0","0","0","0","0","0"
"L43551","users","hudson.model.View$People.users;Ljava/util/List;","L43539","L103","C:\GIT\pris2\SourceMeter\Guille\jenkins-jenkins-2.328\core\src\main\java\hudson\model\View.java","728","9","729","43","0","0","0","0","0","0","0","0","0","0","0","0","0","0","0","0","0","0","0","0","0","0","0","0"
"L43555","parent","hudson.model.View$People.parent;Lhudson/model/ModelObject;","L43539","L103","C:\GIT\pris2\SourceMeter\Guille\jenkins-jenkins-2.328\core\src\main\java\hudson\model\View.java","731","9","731","41","0","0","0","0","0","0","0","0","0","0","0","0","0","0","0","0","0","0","0","0","0","0","0","0"
"L43588","items","hudson.model.View$AsynchPeople.items;Ljava/util/Collection;","L43546","L103","C:\GIT\pris2\SourceMeter\Guille\jenkins-jenkins-2.328\core\src\main\java\hudson\model\View.java","823","9","823","54","0","0","0","0","0","0","0","0","0","0","0","0","0","0","0","0","0","0","0","0","0","0","0","0"
"L43589","unknown","hudson.model.View$AsynchPeople.unknown;Lhudson/model/User;","L43546","L103","C:\GIT\pris2\SourceMeter\Guille\jenkins-jenkins-2.328\core\src\main\java\hudson\model\View.java","824","9","824","36","0","0","0","0","0","0","0","0","0","0","0","0","0","0","0","0","0","0","0","0","0","0","0","0"
"L43590","users","hudson.model.View$AsynchPeople.users;Ljava/util/Map;","L43546","L103","C:\GIT\pris2\SourceMeter\Guille\jenkins-jenkins-2.328\core\src\main\java\hudson\model\View.java","825","9","825","67","0","0","0","0","0","0","0","0","0","0","0","0","0","0","0","0","0","0","0","0","0","0","0","0"
"L43591","modified","hudson.model.View$AsynchPeople.modified;Ljava/util/Set;","L43546","L103","C:\GIT\pris2\SourceMeter\Guille\jenkins-jenkins-2.328\core\src\main\java\hudson\model\View.java","826","9","826","60","0","0","0","0","0","0","0","0","0","0","0","0","0","0","0","0","0","0","0","0","0","0","0","0"
"L43595","iconSize","hudson.model.View$AsynchPeople.iconSize;Ljava/lang/String;","L43546","L103","C:\GIT\pris2\SourceMeter\Guille\jenkins-jenkins-2.328\core\src\main\java\hudson\model\View.java","827","9","827","39","0","0","0","0","0","0","0","0","0","0","0","0","0","0","0","0","0","0","0","0","0","0","0","0"
"L43596","parent","hudson.model.View$AsynchPeople.parent;Lhudson/model/ModelObject;","L43546","L103","C:\GIT\pris2\SourceMeter\Guille\jenkins-jenkins-2.328\core\src\main\java\hudson\model\View.java","828","9","828","41","0","0","0","0","0","0","0","0","0","0","0","0","0","0","0","0","0","0","0","0","0","0","0","0"
"L43974","reloadQueue","hudson.model.ViewJob$ReloadThread.reloadQueue;Ljava/util/Set;","L43946","L103","C:\GIT\pris2\SourceMeter\Guille\jenkins-jenkins-2.328\core\src\main\java\hudson\model\ViewJob.java","185","9","185","64","0","0","0","0","0","0","0","0","0","0","0","0","0","0","0","0","0","0","0","0","0","0","0","0"
"L44139","specialActions","hudson.model.ActionableTest$ActionableOverride.specialActions;Ljava/util/ArrayList;","L44137","L103","C:\GIT\pris2\SourceMeter\Guille\jenkins-jenkins-2.328\core\src\test\java\hudson\model\ActionableTest.java","60","9","60","62","0","0","0","0","0","0","0","0","0","0","0","0","0","0","0","0","0","0","0","0","0","0","0","0"
"L44279","wasCalled","hudson.model.EnvironmentContributingActionTest$OverrideRun.wasCalled;Z","L44277","L103","C:\GIT\pris2\SourceMeter\Guille\jenkins-jenkins-2.328\core\src\test\java\hudson\model\EnvironmentContributingActionTest.java","14","9","14","43","0","0","0","0","0","0","0","0","0","0","0","0","0","0","0","0","0","0","0","0","0","0","0","0"
"L44287","wasCalled","hudson.model.EnvironmentContributingActionTest$OverrideAbstractBuild.wasCalled;Z","L44285","L103","C:\GIT\pris2\SourceMeter\Guille\jenkins-jenkins-2.328\core\src\test\java\hudson\model\EnvironmentContributingActionTest.java","27","9","27","43","0","0","0","0","0","0","0","0","0","0","0","0","0","0","0","0","0","0","0","0","0","0","0","0"
"L44295","wasCalledAbstractBuild","hudson.model.EnvironmentContributingActionTest$OverrideBoth.wasCalledAbstractBuild;Z","L44293","L103","C:\GIT\pris2\SourceMeter\Guille\jenkins-jenkins-2.328\core\src\test\java\hudson\model\EnvironmentContributingActionTest.java","41","9","41","56","0","0","0","0","0","0","0","0","0","0","0","0","0","0","0","0","0","0","0","0","0","0","0","0"
"L44296","wasCalledRun","hudson.model.EnvironmentContributingActionTest$OverrideBoth.wasCalledRun;Z","L44293","L103","C:\GIT\pris2\SourceMeter\Guille\jenkins-jenkins-2.328\core\src\test\java\hudson\model\EnvironmentContributingActionTest.java","42","9","42","46","0","0","0","0","0","0","0","0","0","0","0","0","0","0","0","0","0","0","0","0","0","0","0","0"
"L44859","computedSHA1","hudson.model.UpdateCenterTest$MockDownloadJob.computedSHA1;Ljava/lang/String;","L44825","L103","C:\GIT\pris2\SourceMeter\Guille\jenkins-jenkins-2.328\core\src\test\java\hudson\model\UpdateCenterTest.java","145","9","145","43","0","0","0","0","0","0","0","0","0","0","0","0","0","0","0","0","0","0","0","0","0","0","0","0"
"L44860","computedSHA256","hudson.model.UpdateCenterTest$MockDownloadJob.computedSHA256;Ljava/lang/String;","L44825","L103","C:\GIT\pris2\SourceMeter\Guille\jenkins-jenkins-2.328\core\src\test\java\hudson\model\UpdateCenterTest.java","146","9","146","45","0","0","0","0","0","0","0","0","0","0","0","0","0","0","0","0","0","0","0","0","0","0","0","0"
"L44861","computedSHA512","hudson.model.UpdateCenterTest$MockDownloadJob.computedSHA512;Ljava/lang/String;","L44825","L103","C:\GIT\pris2\SourceMeter\Guille\jenkins-jenkins-2.328\core\src\test\java\hudson\model\UpdateCenterTest.java","147","9","147","45","0","0","0","0","0","0","0","0","0","0","0","0","0","0","0","0","0","0","0","0","0","0","0","0"
"L44984","views","hudson.model.ViewTest$CompositeView.views;[Lhudson/model/View;","L4106","L103","C:\GIT\pris2\SourceMeter\Guille\jenkins-jenkins-2.328\core\src\test\java\hudson\model\ViewTest.java","128","9","128","30","0","0","0","0","0","0","0","0","0","0","0","0","0","0","0","0","0","0","0","0","0","0","0","0"
"L44986","jobs","hudson.model.ViewTest$CompositeView.jobs;[Lhudson/model/TopLevelItem;","L4106","L103","C:\GIT\pris2\SourceMeter\Guille\jenkins-jenkins-2.328\core\src\test\java\hudson\model\ViewTest.java","129","9","129","37","0","0","0","0","0","0","0","0","0","0","0","0","0","0","0","0","0","0","0","0","0","0","0","0"
"L45044","ERROR_MESSAGE","hudson.model.AbstractBuildTest$ErroneousJobProperty.ERROR_MESSAGE;Ljava/lang/String;","L45039","L103","C:\GIT\pris2\SourceMeter\Guille\jenkins-jenkins-2.328\test\src\test\java\hudson\model\AbstractBuildTest.java","102","9","102","85","0","0","0","0","0","0","0","0","0","0","0","0","0","0","0","0","0","0","0","0","0","0","0","0"
"L45146","other","hudson.model.AbstractItem2Test$BadProperty.other;Lhudson/model/FreeStyleProject;","L45135","L103","C:\GIT\pris2\SourceMeter\Guille\jenkins-jenkins-2.328\test\src\test\java\hudson\model\AbstractItem2Test.java","70","9","70","38","0","0","0","0","0","0","0","0","0","0","0","0","0","0","0","0","0","0","0","0","0","0","0","0"
"L45337","doneSignal","hudson.model.AperiodicWorkTest$TestAperiodicWork.doneSignal;Ljava/util/concurrent/CountDownLatch;","L45330","L103","C:\GIT\pris2\SourceMeter\Guille\jenkins-jenkins-2.328\test\src\test\java\hudson\model\AperiodicWorkTest.java","33","9","33","59","0","0","0","0","0","0","0","0","0","0","0","0","0","0","0","0","0","0","0","0","0","0","0","0"
"L45512","description","hudson.model.CauseTest$SimpleCause.description;Ljava/lang/String;","L45507","L103","C:\GIT\pris2\SourceMeter\Guille\jenkins-jenkins-2.328\test\src\test\java\hudson\model\CauseTest.java","250","9","250","42","0","0","0","0","0","0","0","0","0","0","0","0","0","0","0","0","0","0","0","0","0","0","0","0"
"L45524","virtualName","hudson.model.CauseTest$FullNameChangingProject.virtualName;Ljava/lang/String;","L45474","L103","C:\GIT\pris2\SourceMeter\Guille\jenkins-jenkins-2.328\test\src\test\java\hudson\model\CauseTest.java","269","9","269","45","0","0","0","0","0","0","0","0","0","0","0","0","0","0","0","0","0","0","0","0","0","0","0","0"
"L45669","down","hudson.model.DependencyGraphTest$TestDeclarer.down;Lhudson/model/AbstractProject;","L45663","L103","C:\GIT\pris2\SourceMeter\Guille\jenkins-jenkins-2.328\test\src\test\java\hudson\model\DependencyGraphTest.java","100","9","100","38","0","0","0","0","0","0","0","0","0","0","0","0","0","0","0","0","0","0","0","0","0","0","0","0"
"L45711","id","hudson.model.DescriptorTest$BuilderImpl.id;Ljava/lang/String;","L45706","L103","C:\GIT\pris2\SourceMeter\Guille\jenkins-jenkins-2.328\test\src\test\java\hudson\model\DescriptorTest.java","90","9","90","33","0","0","0","0","0","0","0","0","0","0","0","0","0","0","0","0","0","0","0","0","0","0","0","0"
"L45725","id","hudson.model.DescriptorTest$DescriptorImpl.id;Ljava/lang/String;","L45721","L103","C:\GIT\pris2\SourceMeter\Guille\jenkins-jenkins-2.328\test\src\test\java\hudson\model\DescriptorTest.java","107","9","107","33","0","0","0","0","0","0","0","0","0","0","0","0","0","0","0","0","0","0","0","0","0","0","0","0"
"L45778","ds","hudson.model.DescriptorTest$B1.ds;Ljava/util/List;","L45745","L103","C:\GIT\pris2\SourceMeter\Guille\jenkins-jenkins-2.328\test\src\test\java\hudson\model\DescriptorTest.java","165","9","165","33","0","0","0","0","0","0","0","0","0","0","0","0","0","0","0","0","0","0","0","0","0","0","0","0"
"L45804","id","hudson.model.DescriptorTest$D3.id;Ljava/lang/String;","L45796","L103","C:\GIT\pris2\SourceMeter\Guille\jenkins-jenkins-2.328\test\src\test\java\hudson\model\DescriptorTest.java","189","9","189","33","0","0","0","0","0","0","0","0","0","0","0","0","0","0","0","0","0","0","0","0","0","0","0","0"
"L45813","id","hudson.model.DescriptorTest$D3D.id;Ljava/lang/String;","L45812","L103","C:\GIT\pris2\SourceMeter\Guille\jenkins-jenkins-2.328\test\src\test\java\hudson\model\DescriptorTest.java","205","9","205","33","0","0","0","0","0","0","0","0","0","0","0","0","0","0","0","0","0","0","0","0","0","0","0","0"
"L45825","ds","hudson.model.DescriptorTest$B2.ds;Ljava/util/List;","L45791","L103","C:\GIT\pris2\SourceMeter\Guille\jenkins-jenkins-2.328\test\src\test\java\hudson\model\DescriptorTest.java","225","9","225","34","0","0","0","0","0","0","0","0","0","0","0","0","0","0","0","0","0","0","0","0","0","0","0","0"
"L45990","files","hudson.model.DirectoryBrowserSupportTest$ContentAddressableStore.files;Ljava/util/List;","L45987","L103","C:\GIT\pris2\SourceMeter\Guille\jenkins-jenkins-2.328\test\src\test\java\hudson\model\DirectoryBrowserSupportTest.java","357","9","357","54","0","0","0","0","0","0","0","0","0","0","0","0","0","0","0","0","0","0","0","0","0","0","0","0"
"L46022","hash","hudson.model.DirectoryBrowserSupportTest$ExternalArtifactManager.hash;Ljava/lang/String;","L46008","L103","C:\GIT\pris2\SourceMeter\Guille\jenkins-jenkins-2.328\test\src\test\java\hudson\model\DirectoryBrowserSupportTest.java","398","9","398","21","0","0","0","0","0","0","0","0","0","0","0","0","0","0","0","0","0","0","0","0","0","0","0","0"
"L46113","hash","hudson.model.DirectoryBrowserSupportTest$SimulatedExternalArtifactManager.hash;Ljava/lang/String;","L46106","L103","C:\GIT\pris2\SourceMeter\Guille\jenkins-jenkins-2.328\test\src\test\java\hudson\model\DirectoryBrowserSupportTest.java","1165","9","1165","21","0","0","0","0","0","0","0","0","0","0","0","0","0","0","0","0","0","0","0","0","0","0","0","0"
"L46288","e","hudson.model.ExecutorTest$BlockingBuilder.e;Lhudson/util/OneShotEvent;","L46283","L103","C:\GIT\pris2\SourceMeter\Guille\jenkins-jenkins-2.328\test\src\test\java\hudson\model\ExecutorTest.java","175","9","175","38","0","0","0","0","0","0","0","0","0","0","0","0","0","0","0","0","0","0","0","0","0","0","0","0"
"L46343","outputStream","hudson.model.FingerprintCleanupThreadTest$TestTaskListener.outputStream;Ljava/io/ByteArrayOutputStream;","L46329","L103","C:\GIT\pris2\SourceMeter\Guille\jenkins-jenkins-2.328\test\src\test\java\hudson\model\FingerprintCleanupThreadTest.java","222","9","222","82","0","0","0","0","0","0","0","0","0","0","0","0","0","0","0","0","0","0","0","0","0","0","0","0"
"L46386","logStream","hudson.model.FingerprintCleanupThreadTest$TestTaskListener.logStream;Ljava/io/PrintStream;","L46329","L103","C:\GIT\pris2\SourceMeter\Guille\jenkins-jenkins-2.328\test\src\test\java\hudson\model\FingerprintCleanupThreadTest.java","223","9","223","71","0","0","0","0","0","0","0","0","0","0","0","0","0","0","0","0","0","0","0","0","0","0","0","0"
"L46389","fingerprintToLoad","hudson.model.FingerprintCleanupThreadTest$TestFileFingerprintStorage.fingerprintToLoad;Lhudson/model/Fingerprint;","L46373","L103","C:\GIT\pris2\SourceMeter\Guille\jenkins-jenkins-2.328\test\src\test\java\hudson\model\FingerprintCleanupThreadTest.java","235","9","235","47","0","0","0","0","0","0","0","0","0","0","0","0","0","0","0","0","0","0","0","0","0","0","0","0"
"L46409","deletionBlocked","hudson.model.FingerprintCleanupThreadTest$TestFingperprintFacet.deletionBlocked;Z","L46355","L103","C:\GIT\pris2\SourceMeter\Guille\jenkins-jenkins-2.328\test\src\test\java\hudson\model\FingerprintCleanupThreadTest.java","275","9","275","41","0","0","0","0","0","0","0","0","0","0","0","0","0","0","0","0","0","0","0","0","0","0","0","0"
"L46417","isAlive","hudson.model.FingerprintCleanupThreadTest$TestFingerprint.isAlive;Z","L46336","L103","C:\GIT\pris2\SourceMeter\Guille\jenkins-jenkins-2.328\test\src\test\java\hudson\model\FingerprintCleanupThreadTest.java","290","9","290","40","0","0","0","0","0","0","0","0","0","0","0","0","0","0","0","0","0","0","0","0","0","0","0","0"
"L46423","storage","hudson.model.FingerprintCleanupThreadTest$TestExternalFingerprintStorage.storage;Ljava/util/Map;","L46378","L103","C:\GIT\pris2\SourceMeter\Guille\jenkins-jenkins-2.328\test\src\test\java\hudson\model\FingerprintCleanupThreadTest.java","309","9","309","60","0","0","0","0","0","0","0","0","0","0","0","0","0","0","0","0","0","0","0","0","0","0","0","0"
"L46466","property","hudson.model.FingerprintTest$TestFacet.property;Ljava/lang/String;","L46459","L103","C:\GIT\pris2\SourceMeter\Guille\jenkins-jenkins-2.328\test\src\test\java\hudson\model\FingerprintTest.java","132","9","132","31","0","0","0","0","0","0","0","0","0","0","0","0","0","0","0","0","0","0","0","0","0","0","0","0"
"L46710","DESCRIPTOR","hudson.model.ItemGroupMixInTest$MockBuilderThrowsError.DESCRIPTOR;Lhudson/model/Descriptor;","L46706","L103","C:\GIT\pris2\SourceMeter\Guille\jenkins-jenkins-2.328\test\src\test\java\hudson\model\ItemGroupMixInTest.java","154","5","154","81","0","0","0","0","0","0","0","0","0","0","0","0","0","0","0","0","0","0","0","0","0","0","0","0"
"L46720","DESCRIPTOR","hudson.model.ItemGroupMixInTest$MockBuildTriggerThrowsError.DESCRIPTOR;Lhudson/model/Descriptor;","L46717","L103","C:\GIT\pris2\SourceMeter\Guille\jenkins-jenkins-2.328\test\src\test\java\hudson\model\ItemGroupMixInTest.java","171","5","171","94","0","0","0","0","0","0","0","0","0","0","0","0","0","0","0","0","0","0","0","0","0","0","0","0"
"L46729","DESCRIPTOR","hudson.model.ItemGroupMixInTest$MockPublisherThrowsError.DESCRIPTOR;Lhudson/model/Descriptor;","L46724","L103","C:\GIT\pris2\SourceMeter\Guille\jenkins-jenkins-2.328\test\src\test\java\hudson\model\ItemGroupMixInTest.java","186","5","186","81","0","0","0","0","0","0","0","0","0","0","0","0","0","0","0","0","0","0","0","0","0","0","0","0"
"L46793","REST_EMPTY","hudson.model.ItemsTest$OverwriteTactic.REST_EMPTY;Lhudson/model/ItemsTest$OverwriteTactic;","L46774","L103","C:\GIT\pris2\SourceMeter\Guille\jenkins-jenkins-2.328\test\src\test\java\hudson\model\ItemsTest.java","237","9","248","10","0","0","0","0","0","0","0","0","0","0","0","0","0","0","0","0","0","0","0","0","0","0","0","0"
"L46803","REST_COPY","hudson.model.ItemsTest$OverwriteTactic.REST_COPY;Lhudson/model/ItemsTest$OverwriteTactic;","L46774","L103","C:\GIT\pris2\SourceMeter\Guille\jenkins-jenkins-2.328\test\src\test\java\hudson\model\ItemsTest.java","250","9","262","10","0","0","0","0","0","0","0","0","0","0","0","0","0","0","0","0","0","0","0","0","0","0","0","0"
"L46810","REST_CREATE","hudson.model.ItemsTest$OverwriteTactic.REST_CREATE;Lhudson/model/ItemsTest$OverwriteTactic;","L46774","L103","C:\GIT\pris2\SourceMeter\Guille\jenkins-jenkins-2.328\test\src\test\java\hudson\model\ItemsTest.java","264","9","272","10","0","0","0","0","0","0","0","0","0","0","0","0","0","0","0","0","0","0","0","0","0","0","0","0"
"L46817","REST_RENAME","hudson.model.ItemsTest$OverwriteTactic.REST_RENAME;Lhudson/model/ItemsTest$OverwriteTactic;","L46774","L103","C:\GIT\pris2\SourceMeter\Guille\jenkins-jenkins-2.328\test\src\test\java\hudson\model\ItemsTest.java","274","9","287","10","0","0","0","0","0","0","0","0","0","0","0","0","0","0","0","0","0","0","0","0","0","0","0","0"
"L46824","CLI_CREATE","hudson.model.ItemsTest$OverwriteTactic.CLI_CREATE;Lhudson/model/ItemsTest$OverwriteTactic;","L46774","L103","C:\GIT\pris2\SourceMeter\Guille\jenkins-jenkins-2.328\test\src\test\java\hudson\model\ItemsTest.java","289","9","299","10","0","0","0","0","0","0","0","0","0","0","0","0","0","0","0","0","0","0","0","0","0","0","0","0"
"L46831","CLI_COPY","hudson.model.ItemsTest$OverwriteTactic.CLI_COPY;Lhudson/model/ItemsTest$OverwriteTactic;","L46774","L103","C:\GIT\pris2\SourceMeter\Guille\jenkins-jenkins-2.328\test\src\test\java\hudson\model\ItemsTest.java","301","9","313","10","0","0","0","0","0","0","0","0","0","0","0","0","0","0","0","0","0","0","0","0","0","0","0","0"
"L46838","MOVE","hudson.model.ItemsTest$OverwriteTactic.MOVE;Lhudson/model/ItemsTest$OverwriteTactic;","L46774","L103","C:\GIT\pris2\SourceMeter\Guille\jenkins-jenkins-2.328\test\src\test\java\hudson\model\ItemsTest.java","315","9","330","10","0","0","0","0","0","0","0","0","0","0","0","0","0","0","0","0","0","0","0","0","0","0","0","0"
"L46865","propertyString","hudson.model.JobPropertyTest$JobPropertyImpl.propertyString;Ljava/lang/String;","L46859","L103","C:\GIT\pris2\SourceMeter\Guille\jenkins-jenkins-2.328\test\src\test\java\hudson\model\JobPropertyTest.java","76","9","76","45","0","0","0","0","0","0","0","0","0","0","0","0","0","0","0","0","0","0","0","0","0","0","0","0"
"L46881","name","hudson.model.JobPropertyTest$JobPropertyWithConfigImpl.name;Ljava/lang/String;","L46876","L103","C:\GIT\pris2\SourceMeter\Guille\jenkins-jenkins-2.328\test\src\test\java\hudson\model\JobPropertyTest.java","117","9","117","28","0","0","0","0","0","0","0","0","0","0","0","0","0","0","0","0","0","0","0","0","0","0","0","0"
"L46895","name","hudson.model.JobPropertyTest$InvisibleImpl.name;Ljava/lang/String;","L46890","L103","C:\GIT\pris2\SourceMeter\Guille\jenkins-jenkins-2.328\test\src\test\java\hudson\model\JobPropertyTest.java","145","9","145","28","0","0","0","0","0","0","0","0","0","0","0","0","0","0","0","0","0","0","0","0","0","0","0","0"
"L46942","p","hudson.model.JobTest$BuildNumberSyncTester.p;Lhudson/model/AbstractProject;","L46933","L103","C:\GIT\pris2\SourceMeter\Guille\jenkins-jenkins-2.328\test\src\test\java\hudson\model\JobTest.java","113","9","113","41","0","0","0","0","0","0","0","0","0","0","0","0","0","0","0","0","0","0","0","0","0","0","0","0"
"L46943","start","hudson.model.JobTest$BuildNumberSyncTester.start;Ljava/util/concurrent/CountDownLatch;","L46933","L103","C:\GIT\pris2\SourceMeter\Guille\jenkins-jenkins-2.328\test\src\test\java\hudson\model\JobTest.java","114","9","114","44","0","0","0","0","0","0","0","0","0","0","0","0","0","0","0","0","0","0","0","0","0","0","0","0"
"L46944","stop","hudson.model.JobTest$BuildNumberSyncTester.stop;Ljava/util/concurrent/CountDownLatch;","L46933","L103","C:\GIT\pris2\SourceMeter\Guille\jenkins-jenkins-2.328\test\src\test\java\hudson\model\JobTest.java","115","9","115","43","0","0","0","0","0","0","0","0","0","0","0","0","0","0","0","0","0","0","0","0","0","0","0","0"
"L46945","assign","hudson.model.JobTest$BuildNumberSyncTester.assign;Z","L46933","L103","C:\GIT\pris2\SourceMeter\Guille\jenkins-jenkins-2.328\test\src\test\java\hudson\model\JobTest.java","116","9","116","38","0","0","0","0","0","0","0","0","0","0","0","0","0","0","0","0","0","0","0","0","0","0","0","0"
"L46938","message","hudson.model.JobTest$BuildNumberSyncTester.message;Ljava/lang/String;","L46933","L103","C:\GIT\pris2\SourceMeter\Guille\jenkins-jenkins-2.328\test\src\test\java\hudson\model\JobTest.java","118","9","118","24","0","0","0","0","0","0","0","0","0","0","0","0","0","0","0","0","0","0","0","0","0","0","0","0"
"L46940","passed","hudson.model.JobTest$BuildNumberSyncTester.passed;Z","L46933","L103","C:\GIT\pris2\SourceMeter\Guille\jenkins-jenkins-2.328\test\src\test\java\hudson\model\JobTest.java","119","9","119","24","0","0","0","0","0","0","0","0","0","0","0","0","0","0","0","0","0","0","0","0","0","0","0","0"
"L46957","DESCRIPTOR","hudson.model.JobTest$JobPropertyImpl.DESCRIPTOR;Lhudson/model/JobTest$JobPropertyImpl$DescriptorImpl;","L46927","L103","C:\GIT\pris2\SourceMeter\Guille\jenkins-jenkins-2.328\test\src\test\java\hudson\model\JobTest.java","186","9","186","72","0","0","0","0","0","0","0","0","0","0","0","0","0","0","0","0","0","0","0","0","0","0","0","0"
"L46961","testString","hudson.model.JobTest$JobPropertyImpl.testString;Ljava/lang/String;","L46927","L103","C:\GIT\pris2\SourceMeter\Guille\jenkins-jenkins-2.328\test\src\test\java\hudson\model\JobTest.java","187","9","187","41","0","0","0","0","0","0","0","0","0","0","0","0","0","0","0","0","0","0","0","0","0","0","0","0"
"L47040","virtualName","hudson.model.JobTest$NameChangingNode.virtualName;Ljava/lang/String;","L47024","L103","C:\GIT\pris2\SourceMeter\Guille\jenkins-jenkins-2.328\test\src\test\java\hudson\model\JobTest.java","553","9","553","36","0","0","0","0","0","0","0","0","0","0","0","0","0","0","0","0","0","0","0","0","0","0","0","0"
"L47175","inner","hudson.model.ListViewTest$Stream.inner;Ljava/io/InputStream;","L47135","L103","C:\GIT\pris2\SourceMeter\Guille\jenkins-jenkins-2.328\test\src\test\java\hudson\model\ListViewTest.java","384","9","384","41","0","0","0","0","0","0","0","0","0","0","0","0","0","0","0","0","0","0","0","0","0","0","0","0"
"L47350","expectLegacyBehavior","hudson.model.ParametersAction2Test$ParametersCheckBuilder.expectLegacyBehavior;Z","L47330","L103","C:\GIT\pris2\SourceMeter\Guille\jenkins-jenkins-2.328\test\src\test\java\hudson\model\ParametersAction2Test.java","337","9","337","52","0","0","0","0","0","0","0","0","0","0","0","0","0","0","0","0","0","0","0","0","0","0","0","0"
"L47370","field","hudson.model.ParametersDefinitionPropertyTest$KrazyParameterDefinition.field;Ljava/lang/String;","L47364","L103","C:\GIT\pris2\SourceMeter\Guille\jenkins-jenkins-2.328\test\src\test\java\hudson\model\ParametersDefinitionPropertyTest.java","65","9","65","35","0","0","0","0","0","0","0","0","0","0","0","0","0","0","0","0","0","0","0","0","0","0","0","0"
"L47435","doneSignal","hudson.model.PeriodicWorkTest$TestPeriodicWork.doneSignal;Ljava/util/concurrent/CountDownLatch;","L47430","L103","C:\GIT\pris2\SourceMeter\Guille\jenkins-jenkins-2.328\test\src\test\java\hudson\model\PeriodicWorkTest.java","33","9","33","59","0","0","0","0","0","0","0","0","0","0","0","0","0","0","0","0","0","0","0","0","0","0","0","0"
"L47588","hasChange","hudson.model.ProjectTest$RequiresWorkspaceSCM.hasChange;Z","L47572","L103","C:\GIT\pris2\SourceMeter\Guille\jenkins-jenkins-2.328\test\src\test\java\hudson\model\ProjectTest.java","824","9","824","42","0","0","0","0","0","0","0","0","0","0","0","0","0","0","0","0","0","0","0","0","0","0","0","0"
"L47647","projectName","hudson.model.ProjectTest$SubTaskImpl.projectName;Ljava/lang/String;","L47519","L103","C:\GIT\pris2\SourceMeter\Guille\jenkins-jenkins-2.328\test\src\test\java\hudson\model\ProjectTest.java","927","9","927","35","0","0","0","0","0","0","0","0","0","0","0","0","0","0","0","0","0","0","0","0","0","0","0","0"
"L47654","caller","hudson.model.ProjectTest$DummyCloudImpl2.caller;LJenkinsRule;","L47577","L103","C:\GIT\pris2\SourceMeter\Guille\jenkins-jenkins-2.328\test\src\test\java\hudson\model\ProjectTest.java","953","9","953","52","0","0","0","0","0","0","0","0","0","0","0","0","0","0","0","0","0","0","0","0","0","0","0","0"
"L47655","delay","hudson.model.ProjectTest$DummyCloudImpl2.delay;I","L47577","L103","C:\GIT\pris2\SourceMeter\Guille\jenkins-jenkins-2.328\test\src\test\java\hudson\model\ProjectTest.java","962","9","962","33","0","0","0","0","0","0","0","0","0","0","0","0","0","0","0","0","0","0","0","0","0","0","0","0"
"L47657","numProvisioned","hudson.model.ProjectTest$DummyCloudImpl2.numProvisioned;I","L47577","L103","C:\GIT\pris2\SourceMeter\Guille\jenkins-jenkins-2.328\test\src\test\java\hudson\model\ProjectTest.java","965","9","965","35","0","0","0","0","0","0","0","0","0","0","0","0","0","0","0","0","0","0","0","0","0","0","0","0"
"L47582","label","hudson.model.ProjectTest$DummyCloudImpl2.label;Lhudson/model/Label;","L47577","L103","C:\GIT\pris2\SourceMeter\Guille\jenkins-jenkins-2.328\test\src\test\java\hudson\model\ProjectTest.java","970","9","970","28","0","0","0","0","0","0","0","0","0","0","0","0","0","0","0","0","0","0","0","0","0","0","0","0"
"L47758","serialVersionUID","hudson.model.QueueTest$FileItemPersistenceTestServlet.serialVersionUID;J","L47751","L103","C:\GIT\pris2\SourceMeter\Guille\jenkins-jenkins-2.328\test\src\test\java\hudson\model\QueueTest.java","297","9","297","57","0","0","0","0","0","0","0","0","0","0","0","0","0","0","0","0","0","0","0","0","0","0","0","0"
"L47801","exec","hudson.model.QueueTest$TestFlyweightTask.exec;Lhudson/model/Executor;","L47796","L103","C:\GIT\pris2\SourceMeter\Guille\jenkins-jenkins-2.328\test\src\test\java\hudson\model\QueueTest.java","572","9","572","23","0","0","0","0","0","0","0","0","0","0","0","0","0","0","0","0","0","0","0","0","0","0","0","0"
"L47811","assignedLabel","hudson.model.QueueTest$TestFlyweightTask.assignedLabel;Lhudson/model/Label;","L47796","L103","C:\GIT\pris2\SourceMeter\Guille\jenkins-jenkins-2.328\test\src\test\java\hudson\model\QueueTest.java","573","9","573","43","0","0","0","0","0","0","0","0","0","0","0","0","0","0","0","0","0","0","0","0","0","0","0","0"
"L47825","cnt","hudson.model.QueueTest$TestTask.cnt;Ljava/util/concurrent/atomic/AtomicInteger;","L47808","L103","C:\GIT\pris2\SourceMeter\Guille\jenkins-jenkins-2.328\test\src\test\java\hudson\model\QueueTest.java","607","9","607","41","0","0","0","0","0","0","0","0","0","0","0","0","0","0","0","0","0","0","0","0","0","0","0","0"
"L47823","isBlocked","hudson.model.QueueTest$TestTask.isBlocked;Z","L47808","L103","C:\GIT\pris2\SourceMeter\Guille\jenkins-jenkins-2.328\test\src\test\java\hudson\model\QueueTest.java","608","9","608","27","0","0","0","0","0","0","0","0","0","0","0","0","0","0","0","0","0","0","0","0","0","0","0","0"
"L47879","blocked","hudson.model.QueueTest$AliceCannotBuild.blocked;Ljava/lang/String;","L47874","L103","C:\GIT\pris2\SourceMeter\Guille\jenkins-jenkins-2.328\test\src\test\java\hudson\model\QueueTest.java","756","9","756","38","0","0","0","0","0","0","0","0","0","0","0","0","0","0","0","0","0","0","0","0","0","0","0","0"
"L47974","count","hudson.model.QueueTest$QueueSaveSniffer.count;I","L47976","L103","C:\GIT\pris2\SourceMeter\Guille\jenkins-jenkins-2.328\test\src\test\java\hudson\model\QueueTest.java","1128","9","1128","38","0","0","0","0","0","0","0","0","0","0","0","0","0","0","0","0","0","0","0","0","0","0","0","0"
"L48240","owner","hudson.model.RunActionTest$BadAction.owner;Lhudson/model/Run;","L48233","L103","C:\GIT\pris2\SourceMeter\Guille\jenkins-jenkins-2.328\test\src\test\java\hudson\model\RunActionTest.java","64","9","64","31","0","0","0","0","0","0","0","0","0","0","0","0","0","0","0","0","0","0","0","0","0","0","0","0"
"L48337","result","hudson.model.RunParameterDefinitionTest$ResultPublisher.result;Lhudson/model/Result;","L48326","L103","C:\GIT\pris2\SourceMeter\Guille\jenkins-jenkins-2.328\test\src\test\java\hudson\model\RunParameterDefinitionTest.java","274","9","274","37","0","0","0","0","0","0","0","0","0","0","0","0","0","0","0","0","0","0","0","0","0","0","0","0"
"L48416","virtualName","hudson.model.RunTest$FullNameChangingProject.virtualName;Ljava/lang/String;","L48391","L103","C:\GIT\pris2\SourceMeter\Guille\jenkins-jenkins-2.328\test\src\test\java\hudson\model\RunTest.java","186","9","186","45","0","0","0","0","0","0","0","0","0","0","0","0","0","0","0","0","0","0","0","0","0","0","0","0"
"L48383","deleted","hudson.model.RunTest$Mgr.deleted;Ljava/util/concurrent/atomic/AtomicBoolean;","L48380","L103","C:\GIT\pris2\SourceMeter\Guille\jenkins-jenkins-2.328\test\src\test\java\hudson\model\RunTest.java","226","9","226","66","0","0","0","0","0","0","0","0","0","0","0","0","0","0","0","0","0","0","0","0","0","0","0","0"
"L48490","i","hudson.model.SimpleJobTest$TestJob.i;I","L48477","L103","C:\GIT\pris2\SourceMeter\Guille\jenkins-jenkins-2.328\test\src\test\java\hudson\model\SimpleJobTest.java","155","9","155","15","0","0","0","0","0","0","0","0","0","0","0","0","0","0","0","0","0","0","0","0","0","0","0","0"
"L48491","runs","hudson.model.SimpleJobTest$TestJob.runs;Ljava/util/SortedMap;","L48477","L103","C:\GIT\pris2\SourceMeter\Guille\jenkins-jenkins-2.328\test\src\test\java\hudson\model\SimpleJobTest.java","156","9","156","58","0","0","0","0","0","0","0","0","0","0","0","0","0","0","0","0","0","0","0","0","0","0","0","0"
"L48554","descriptors","hudson.model.SlaveTest$DynamicFilter.descriptors;Ljava/util/Set;","L48552","L103","C:\GIT\pris2\SourceMeter\Guille\jenkins-jenkins-2.328\test\src\test\java\hudson\model\SlaveTest.java","240","9","240","69","0","0","0","0","0","0","0","0","0","0","0","0","0","0","0","0","0","0","0","0","0","0","0","0"
"L48616","checkConnectionException","hudson.model.UpdateCenterConnectionStatusTest$TestConfig.checkConnectionException;Ljava/io/IOException;","L48601","L103","C:\GIT\pris2\SourceMeter\Guille\jenkins-jenkins-2.328\test\src\test\java\hudson\model\UpdateCenterConnectionStatusTest.java","129","9","129","54","0","0","0","0","0","0","0","0","0","0","0","0","0","0","0","0","0","0","0","0","0","0","0","0"
"L48617","checkUpdateCenterException","hudson.model.UpdateCenterConnectionStatusTest$TestConfig.checkUpdateCenterException;Ljava/io/IOException;","L48601","L103","C:\GIT\pris2\SourceMeter\Guille\jenkins-jenkins-2.328\test\src\test\java\hudson\model\UpdateCenterConnectionStatusTest.java","130","9","130","56","0","0","0","0","0","0","0","0","0","0","0","0","0","0","0","0","0","0","0","0","0","0","0","0"
"L48641","updateCenterClassName","hudson.model.UpdateCenterCustomTest$CustomUpdateCenterRule.updateCenterClassName;Ljava/lang/String;","L48632","L103","C:\GIT\pris2\SourceMeter\Guille\jenkins-jenkins-2.328\test\src\test\java\hudson\model\UpdateCenterCustomTest.java","52","9","52","52","0","0","0","0","0","0","0","0","0","0","0","0","0","0","0","0","0","0","0","0","0","0","0","0"
"L48642","_oldValue","hudson.model.UpdateCenterCustomTest$CustomUpdateCenterRule._oldValue;Ljava/lang/String;","L48632","L103","C:\GIT\pris2\SourceMeter\Guille\jenkins-jenkins-2.328\test\src\test\java\hudson\model\UpdateCenterCustomTest.java","53","9","53","41","0","0","0","0","0","0","0","0","0","0","0","0","0","0","0","0","0","0","0","0","0","0","0","0"
"L48643","PROPERTY_NAME","hudson.model.UpdateCenterCustomTest$CustomUpdateCenterRule.PROPERTY_NAME;Ljava/lang/String;","L48632","L103","C:\GIT\pris2\SourceMeter\Guille\jenkins-jenkins-2.328\test\src\test\java\hudson\model\UpdateCenterCustomTest.java","55","9","55","97","0","0","0","0","0","0","0","0","0","0","0","0","0","0","0","0","0","0","0","0","0","0","0","0"
"L48840","innerUserClass","hudson.model.UserPropertyTest$SetUserUserProperty.innerUserClass;Lhudson/model/UserPropertyTest$InnerUserClass;","L48820","L103","C:\GIT\pris2\SourceMeter\Guille\jenkins-jenkins-2.328\test\src\test\java\hudson\model\UserPropertyTest.java","123","9","123","70","0","0","0","0","0","0","0","0","0","0","0","0","0","0","0","0","0","0","0","0","0","0","0","0"
"L48859","user","hudson.model.UserPropertyTest$InnerUserClass.user;Lhudson/model/User;","L48832","L103","C:\GIT\pris2\SourceMeter\Guille\jenkins-jenkins-2.328\test\src\test\java\hudson\model\UserPropertyTest.java","166","9","166","37","0","0","0","0","0","0","0","0","0","0","0","0","0","0","0","0","0","0","0","0","0","0","0","0"
"L48825","userFile","hudson.model.UserPropertyTest$InnerUserClass.userFile;Ljava/io/File;","L48832","L103","C:\GIT\pris2\SourceMeter\Guille\jenkins-jenkins-2.328\test\src\test\java\hudson\model\UserPropertyTest.java","168","9","168","41","0","0","0","0","0","0","0","0","0","0","0","0","0","0","0","0","0","0","0","0","0","0","0","0"
"L48892","user","hudson.model.UserRestartTest$BadProperty.user;Lhudson/model/User;","L48885","L103","C:\GIT\pris2\SourceMeter\Guille\jenkins-jenkins-2.328\test\src\test\java\hudson\model\UserRestartTest.java","89","9","89","25","0","0","0","0","0","0","0","0","0","0","0","0","0","0","0","0","0","0","0","0","0","0","0","0"
"L48908","testString","hudson.model.UserTest$UserPropertyImpl.testString;Ljava/lang/String;","L48907","L103","C:\GIT\pris2\SourceMeter\Guille\jenkins-jenkins-2.328\test\src\test\java\hudson\model\UserTest.java","95","9","95","41","0","0","0","0","0","0","0","0","0","0","0","0","0","0","0","0","0","0","0","0","0","0","0","0"
"L48909","descriptorImpl","hudson.model.UserTest$UserPropertyImpl.descriptorImpl;Lhudson/model/UserPropertyDescriptor;","L48907","L103","C:\GIT\pris2\SourceMeter\Guille\jenkins-jenkins-2.328\test\src\test\java\hudson\model\UserTest.java","96","9","96","90","0","0","0","0","0","0","0","0","0","0","0","0","0","0","0","0","0","0","0","0","0","0","0","0"
"L48956","idStrategy","hudson.model.UserTest$IdStrategySpecifyingSecurityRealm.idStrategy;Ljenkins/model/IdStrategy;","L48939","L103","C:\GIT\pris2\SourceMeter\Guille\jenkins-jenkins-2.328\test\src\test\java\hudson\model\UserTest.java","236","9","236","45","0","0","0","0","0","0","0","0","0","0","0","0","0","0","0","0","0","0","0","0","0","0","0","0"
"L49066","someProperty","hudson.model.ViewDescriptorTest$CustomInvisibleProperty.someProperty;Ljava/lang/String;","L49058","L103","C:\GIT\pris2\SourceMeter\Guille\jenkins-jenkins-2.328\test\src\test\java\hudson\model\ViewDescriptorTest.java","147","9","147","37","0","0","0","0","0","0","0","0","0","0","0","0","0","0","0","0","0","0","0","0","0","0","0","0"
"L49147","name","hudson.model.ViewPropertyTest$ViewPropertyImpl.name;Ljava/lang/String;","L49144","L103","C:\GIT\pris2\SourceMeter\Guille\jenkins-jenkins-2.328\test\src\test\java\hudson\model\ViewPropertyTest.java","71","9","71","28","0","0","0","0","0","0","0","0","0","0","0","0","0","0","0","0","0","0","0","0","0","0","0","0"
"L49227","name","hudson.model.ViewTest$PropertyImpl.name;Ljava/lang/String;","L49223","L103","C:\GIT\pris2\SourceMeter\Guille\jenkins-jenkins-2.328\test\src\test\java\hudson\model\ViewTest.java","515","9","515","28","0","0","0","0","0","0","0","0","0","0","0","0","0","0","0","0","0","0","0","0","0","0","0","0"
"L49265","ERR","hudson.model.ViewTest$BrokenView.ERR;Ljava/lang/String;","L49260","L103","C:\GIT\pris2\SourceMeter\Guille\jenkins-jenkins-2.328\test\src\test\java\hudson\model\ViewTest.java","620","9","620","66","0","0","0","0","0","0","0","0","0","0","0","0","0","0","0","0","0","0","0","0","0","0","0","0"
"L49297","customId","hudson.model.ViewTest$CustomizableTLID.customId;Ljava/lang/String;","L49294","L103","C:\GIT\pris2\SourceMeter\Guille\jenkins-jenkins-2.328\test\src\test\java\hudson\model\ViewTest.java","948","9","948","55","0","0","0","0","0","0","0","0","0","0","0","0","0","0","0","0","0","0","0","0","0","0","0","0"
"L49299","customDisplayName","hudson.model.ViewTest$CustomizableTLID.customDisplayName;Ljava/lang/String;","L49294","L103","C:\GIT\pris2\SourceMeter\Guille\jenkins-jenkins-2.328\test\src\test\java\hudson\model\ViewTest.java","949","9","949","73","0","0","0","0","0","0","0","0","0","0","0","0","0","0","0","0","0","0","0","0","0","0","0","0"
"L49303","customDescription","hudson.model.ViewTest$CustomizableTLID.customDescription;Ljava/lang/String;","L49294","L103","C:\GIT\pris2\SourceMeter\Guille\jenkins-jenkins-2.328\test\src\test\java\hudson\model\ViewTest.java","950","9","950","73","0","0","0","0","0","0","0","0","0","0","0","0","0","0","0","0","0","0","0","0","0","0","0","0"
"L49308","customIconFilePathPattern","hudson.model.ViewTest$CustomizableTLID.customIconFilePathPattern;Ljava/lang/String;","L49294","L103","C:\GIT\pris2\SourceMeter\Guille\jenkins-jenkins-2.328\test\src\test\java\hudson\model\ViewTest.java","951","9","951","89","0","0","0","0","0","0","0","0","0","0","0","0","0","0","0","0","0","0","0","0","0","0","0","0"
"L49306","customIconClassName","hudson.model.ViewTest$CustomizableTLID.customIconClassName;Ljava/lang/String;","L49294","L103","C:\GIT\pris2\SourceMeter\Guille\jenkins-jenkins-2.328\test\src\test\java\hudson\model\ViewTest.java","952","9","952","77","0","0","0","0","0","0","0","0","0","0","0","0","0","0","0","0","0","0","0","0","0","0","0","0"
"L49323","views","hudson.model.ViewTest$DummyCompositeView.views;Ljava/util/List;","L49273","L103","C:\GIT\pris2\SourceMeter\Guille\jenkins-jenkins-2.328\test\src\test\java\hudson\model\ViewTest.java","993","9","993","40","0","0","0","0","0","0","0","0","0","0","0","0","0","0","0","0","0","0","0","0","0","0","0","0"
"L49324","jobs","hudson.model.ViewTest$DummyCompositeView.jobs;Ljava/util/List;","L49273","L103","C:\GIT\pris2\SourceMeter\Guille\jenkins-jenkins-2.328\test\src\test\java\hudson\model\ViewTest.java","994","9","994","41","0","0","0","0","0","0","0","0","0","0","0","0","0","0","0","0","0","0","0","0","0","0","0","0"
"L49325","primaryView","hudson.model.ViewTest$DummyCompositeView.primaryView;Ljava/lang/String;","L49273","L103","C:\GIT\pris2\SourceMeter\Guille\jenkins-jenkins-2.328\test\src\test\java\hudson\model\ViewTest.java","995","9","995","36","0","0","0","0","0","0","0","0","0","0","0","0","0","0","0","0","0","0","0","0","0","0","0","0"
"L49326","viewGroupMixIn","hudson.model.ViewTest$DummyCompositeView.viewGroupMixIn;Lhudson/model/ViewGroupMixIn;","L49273","L103","C:\GIT\pris2\SourceMeter\Guille\jenkins-jenkins-2.328\test\src\test\java\hudson\model\ViewTest.java","997","9","1006","11","0","0","0","0","0","0","0","0","0","0","0","0","0","0","0","0","0","0","0","0","0","0","0","0"
"L49397","answer","hudson.model.WorkspaceCleanupThreadTest$VetoSCM.answer;Z","L49388","L103","C:\GIT\pris2\SourceMeter\Guille\jenkins-jenkins-2.328\test\src\test\java\hudson\model\WorkspaceCleanupThreadTest.java","205","9","205","38","0","0","0","0","0","0","0","0","0","0","0","0","0","0","0","0","0","0","0","0","0","0","0","0"
"L49404","serialVersionUID","hudson.model.WorkspaceCleanupThreadTest$Touch.serialVersionUID;J","L49377","L103","C:\GIT\pris2\SourceMeter\Guille\jenkins-jenkins-2.328\test\src\test\java\hudson\model\WorkspaceCleanupThreadTest.java","220","9","220","57","0","0","0","0","0","0","0","0","0","0","0","0","0","0","0","0","0","0","0","0","0","0","0","0"
"L49405","time","hudson.model.WorkspaceCleanupThreadTest$Touch.time;J","L49377","L103","C:\GIT\pris2\SourceMeter\Guille\jenkins-jenkins-2.328\test\src\test\java\hudson\model\WorkspaceCleanupThreadTest.java","221","9","221","33","0","0","0","0","0","0","0","0","0","0","0","0","0","0","0","0","0","0","0","0","0","0","0","0"
"L49511","serialVersionUID","hudson.node_monitors.AbstractAsyncNodeMonitorDescriptor$Result.serialVersionUID;J","L49476","L103","C:\GIT\pris2\SourceMeter\Guille\jenkins-jenkins-2.328\core\src\main\java\hudson\node_monitors\AbstractAsyncNodeMonitorDescriptor.java","156","9","156","76","0","0","0","0","0","0","0","0","0","0","0","0","0","0","0","0","0","0","0","0","0","0","0","0"
"L49512","data","hudson.node_monitors.AbstractAsyncNodeMonitorDescriptor$Result.data;Ljava/util/Map;","L49476","L103","C:\GIT\pris2\SourceMeter\Guille\jenkins-jenkins-2.328\core\src\main\java\hudson\node_monitors\AbstractAsyncNodeMonitorDescriptor.java","158","9","158","54","0","0","0","0","0","0","0","0","0","0","0","0","0","0","0","0","0","0","0","0","0","0","0","0"
"L49516","skipped","hudson.node_monitors.AbstractAsyncNodeMonitorDescriptor$Result.skipped;Ljava/util/ArrayList;","L49476","L103","C:\GIT\pris2\SourceMeter\Guille\jenkins-jenkins-2.328\core\src\main\java\hudson\node_monitors\AbstractAsyncNodeMonitorDescriptor.java","159","9","159","60","0","0","0","0","0","0","0","0","0","0","0","0","0","0","0","0","0","0","0","0","0","0","0","0"
"L49612","data","hudson.node_monitors.AbstractNodeMonitorDescriptor$Record.data;Ljava/util/Map;","L49591","L103","C:\GIT\pris2\SourceMeter\Guille\jenkins-jenkins-2.328\core\src\main\java\hudson\node_monitors\AbstractNodeMonitorDescriptor.java","292","9","292","74","0","0","0","0","0","0","0","0","0","0","0","0","0","0","0","0","0","0","0","0","0","0","0","0"
"L49619","timestamp","hudson.node_monitors.AbstractNodeMonitorDescriptor$Record.timestamp;J","L49591","L103","C:\GIT\pris2\SourceMeter\Guille\jenkins-jenkins-2.328\core\src\main\java\hudson\node_monitors\AbstractNodeMonitorDescriptor.java","294","9","294","32","0","0","0","0","0","0","0","0","0","0","0","0","0","0","0","0","0","0","0","0","0","0","0","0"
"L49670","serialVersionUID","hudson.node_monitors.ArchitectureMonitor$GetArchTask.serialVersionUID;J","L49658","L103","C:\GIT\pris2\SourceMeter\Guille\jenkins-jenkins-2.328\core\src\main\java\hudson\node_monitors\ArchitectureMonitor.java","71","9","71","57","0","0","0","0","0","0","0","0","0","0","0","0","0","0","0","0","0","0","0","0","0","0","0","0"
"L49733","path","hudson.node_monitors.DiskSpaceMonitorDescriptor$DiskSpace.path;Ljava/lang/String;","L49549","L103","C:\GIT\pris2\SourceMeter\Guille\jenkins-jenkins-2.328\core\src\main\java\hudson\node_monitors\DiskSpaceMonitorDescriptor.java","55","9","55","35","0","0","0","0","0","0","0","0","0","0","0","0","0","0","0","0","0","0","0","0","0","0","0","0"
"L49545","size","hudson.node_monitors.DiskSpaceMonitorDescriptor$DiskSpace.size;J","L49549","L103","C:\GIT\pris2\SourceMeter\Guille\jenkins-jenkins-2.328\core\src\main\java\hudson\node_monitors\DiskSpaceMonitorDescriptor.java","56","9","57","32","0","0","0","0","0","0","0","0","0","0","0","0","0","0","0","0","0","0","0","0","0","0","0","0"
"L49734","triggered","hudson.node_monitors.DiskSpaceMonitorDescriptor$DiskSpace.triggered;Z","L49549","L103","C:\GIT\pris2\SourceMeter\Guille\jenkins-jenkins-2.328\core\src\main\java\hudson\node_monitors\DiskSpaceMonitorDescriptor.java","59","9","59","35","0","0","0","0","0","0","0","0","0","0","0","0","0","0","0","0","0","0","0","0","0","0","0","0"
"L49735","trigger","hudson.node_monitors.DiskSpaceMonitorDescriptor$DiskSpace.trigger;Ljava/lang/Class;","L49549","L103","C:\GIT\pris2\SourceMeter\Guille\jenkins-jenkins-2.328\core\src\main\java\hudson\node_monitors\DiskSpaceMonitorDescriptor.java","60","9","60","67","0","0","0","0","0","0","0","0","0","0","0","0","0","0","0","0","0","0","0","0","0","0","0","0"
"L49778","serialVersionUID","hudson.node_monitors.DiskSpaceMonitorDescriptor$DiskSpace.serialVersionUID;J","L49549","L103","C:\GIT\pris2\SourceMeter\Guille\jenkins-jenkins-2.328\core\src\main\java\hudson\node_monitors\DiskSpaceMonitorDescriptor.java","166","9","166","57","0","0","0","0","0","0","0","0","0","0","0","0","0","0","0","0","0","0","0","0","0","0","0","0"
"L49785","serialVersionUID","hudson.node_monitors.DiskSpaceMonitorDescriptor$GetUsableSpace.serialVersionUID;J","L49719","L103","C:\GIT\pris2\SourceMeter\Guille\jenkins-jenkins-2.328\core\src\main\java\hudson\node_monitors\DiskSpaceMonitorDescriptor.java","179","9","179","57","0","0","0","0","0","0","0","0","0","0","0","0","0","0","0","0","0","0","0","0","0","0","0","0"
"L49880","cur","hudson.node_monitors.ResponseTimeMonitor$Step1.cur;Lhudson/node_monitors/ResponseTimeMonitor$Data;","L49848","L103","C:\GIT\pris2\SourceMeter\Guille\jenkins-jenkins-2.328\core\src\main\java\hudson\node_monitors\ResponseTimeMonitor.java","95","9","95","26","0","0","0","0","0","0","0","0","0","0","0","0","0","0","0","0","0","0","0","0","0","0","0","0"
"L49890","serialVersionUID","hudson.node_monitors.ResponseTimeMonitor$Step1.serialVersionUID;J","L49848","L103","C:\GIT\pris2\SourceMeter\Guille\jenkins-jenkins-2.328\core\src\main\java\hudson\node_monitors\ResponseTimeMonitor.java","111","9","111","57","0","0","0","0","0","0","0","0","0","0","0","0","0","0","0","0","0","0","0","0","0","0","0","0"
"L49897","cur","hudson.node_monitors.ResponseTimeMonitor$Step2.cur;Lhudson/node_monitors/ResponseTimeMonitor$Data;","L49885","L103","C:\GIT\pris2\SourceMeter\Guille\jenkins-jenkins-2.328\core\src\main\java\hudson\node_monitors\ResponseTimeMonitor.java","115","9","115","32","0","0","0","0","0","0","0","0","0","0","0","0","0","0","0","0","0","0","0","0","0","0","0","0"
"L49898","start","hudson.node_monitors.ResponseTimeMonitor$Step2.start;J","L49885","L103","C:\GIT\pris2\SourceMeter\Guille\jenkins-jenkins-2.328\core\src\main\java\hudson\node_monitors\ResponseTimeMonitor.java","116","9","116","63","0","0","0","0","0","0","0","0","0","0","0","0","0","0","0","0","0","0","0","0","0","0","0","0"
"L49905","serialVersionUID","hudson.node_monitors.ResponseTimeMonitor$Step2.serialVersionUID;J","L49885","L103","C:\GIT\pris2\SourceMeter\Guille\jenkins-jenkins-2.328\core\src\main\java\hudson\node_monitors\ResponseTimeMonitor.java","128","9","128","57","0","0","0","0","0","0","0","0","0","0","0","0","0","0","0","0","0","0","0","0","0","0","0","0"
"L49906","cur","hudson.node_monitors.ResponseTimeMonitor$Step3.cur;Lhudson/node_monitors/ResponseTimeMonitor$Data;","L49892","L103","C:\GIT\pris2\SourceMeter\Guille\jenkins-jenkins-2.328\core\src\main\java\hudson\node_monitors\ResponseTimeMonitor.java","132","9","132","32","0","0","0","0","0","0","0","0","0","0","0","0","0","0","0","0","0","0","0","0","0","0","0","0"
"L49907","start","hudson.node_monitors.ResponseTimeMonitor$Step3.start;J","L49892","L103","C:\GIT\pris2\SourceMeter\Guille\jenkins-jenkins-2.328\core\src\main\java\hudson\node_monitors\ResponseTimeMonitor.java","133","9","133","34","0","0","0","0","0","0","0","0","0","0","0","0","0","0","0","0","0","0","0","0","0","0","0","0"
"L49913","serialVersionUID","hudson.node_monitors.ResponseTimeMonitor$Step3.serialVersionUID;J","L49892","L103","C:\GIT\pris2\SourceMeter\Guille\jenkins-jenkins-2.328\core\src\main\java\hudson\node_monitors\ResponseTimeMonitor.java","145","9","145","57","0","0","0","0","0","0","0","0","0","0","0","0","0","0","0","0","0","0","0","0","0","0","0","0"
"L49915","past5","hudson.node_monitors.ResponseTimeMonitor$Data.past5;[J","L49836","L103","C:\GIT\pris2\SourceMeter\Guille\jenkins-jenkins-2.328\core\src\main\java\hudson\node_monitors\ResponseTimeMonitor.java","157","9","157","36","0","0","0","0","0","0","0","0","0","0","0","0","0","0","0","0","0","0","0","0","0","0","0","0"
"L49931","serialVersionUID","hudson.node_monitors.ResponseTimeMonitor$Data.serialVersionUID;J","L49836","L103","C:\GIT\pris2\SourceMeter\Guille\jenkins-jenkins-2.328\core\src\main\java\hudson\node_monitors\ResponseTimeMonitor.java","214","9","214","57","0","0","0","0","0","0","0","0","0","0","0","0","0","0","0","0","0","0","0","0","0","0","0","0"
"L49985","serialVersionUID","hudson.node_monitors.SwapSpaceMonitor$MonitorTask.serialVersionUID;J","L49954","L103","C:\GIT\pris2\SourceMeter\Guille\jenkins-jenkins-2.328\core\src\main\java\hudson\node_monitors\SwapSpaceMonitor.java","141","9","141","57","0","0","0","0","0","0","0","0","0","0","0","0","0","0","0","0","0","0","0","0","0","0","0","0"
"L49983","warned","hudson.node_monitors.SwapSpaceMonitor$MonitorTask.warned;Z","L49954","L103","C:\GIT\pris2\SourceMeter\Guille\jenkins-jenkins-2.328\core\src\main\java\hudson\node_monitors\SwapSpaceMonitor.java","143","9","143","47","0","0","0","0","0","0","0","0","0","0","0","0","0","0","0","0","0","0","0","0","0","0","0","0"
"L49987","serialVersionUID","hudson.node_monitors.SwapSpaceMonitor$MemoryUsage2.serialVersionUID;J","L49974","L103","C:\GIT\pris2\SourceMeter\Guille\jenkins-jenkins-2.328\core\src\main\java\hudson\node_monitors\SwapSpaceMonitor.java","154","9","154","75","0","0","0","0","0","0","0","0","0","0","0","0","0","0","0","0","0","0","0","0","0","0","0","0"
"L50023","serialVersionUID","hudson.node_monitors.TemporarySpaceMonitor$GetTempSpace.serialVersionUID;J","L50013","L103","C:\GIT\pris2\SourceMeter\Guille\jenkins-jenkins-2.328\core\src\main\java\hudson\node_monitors\TemporarySpaceMonitor.java","117","9","117","57","0","0","0","0","0","0","0","0","0","0","0","0","0","0","0","0","0","0","0","0","0","0","0","0"
"L50183","defaults","hudson.os.DCOMSandbox$JIComOxidStub.defaults;Ljava/util/Properties;","L50178","L103","C:\GIT\pris2\SourceMeter\Guille\jenkins-jenkins-2.328\core\src\test\java\hudson\os\DCOMSandbox.java","34","9","34","63","0","0","0","0","0","0","0","0","0","0","0","0","0","0","0","0","0","0","0","0","0","0","0","0"
"L50476","archives","hudson.PluginManager$1.archives;Ljava/util/List;","L50475","L103","C:\GIT\pris2\SourceMeter\Guille\jenkins-jenkins-2.328\core\src\main\java\hudson\PluginManager.java","403","17","403","37","0","0","0","0","0","0","0","0","0","0","0","0","0","0","0","0","0","0","0","0","0","0","0","0"
"L50477","bundledPlugins","hudson.PluginManager$1.bundledPlugins;Ljava/util/Collection;","L50475","L103","C:\GIT\pris2\SourceMeter\Guille\jenkins-jenkins-2.328\core\src\main\java\hudson\PluginManager.java","404","17","404","51","0","0","0","0","0","0","0","0","0","0","0","0","0","0","0","0","0","0","0","0","0","0","0","0"
"L51161","pluginName","hudson.PluginManager$PluginUpdateMonitor$PluginUpdateInfo.pluginName;Ljava/lang/String;","L51128","L103","C:\GIT\pris2\SourceMeter\Guille\jenkins-jenkins-2.328\core\src\main\java\hudson\PluginManager.java","2407","13","2407","44","0","0","0","0","0","0","0","0","0","0","0","0","0","0","0","0","0","0","0","0","0","0","0","0"
"L51162","message","hudson.PluginManager$PluginUpdateMonitor$PluginUpdateInfo.message;Ljava/lang/String;","L51128","L103","C:\GIT\pris2\SourceMeter\Guille\jenkins-jenkins-2.328\core\src\main\java\hudson\PluginManager.java","2408","13","2408","41","0","0","0","0","0","0","0","0","0","0","0","0","0","0","0","0","0","0","0","0","0","0","0","0"
"L51696","in","hudson.Proc$LocalProc$StdinCopyThread.in;Ljava/io/InputStream;","L51671","L103","C:\GIT\pris2\SourceMeter\Guille\jenkins-jenkins-2.328\core\src\main\java\hudson\Proc.java","400","13","400","42","0","0","0","0","0","0","0","0","0","0","0","0","0","0","0","0","0","0","0","0","0","0","0","0"
"L51697","out","hudson.Proc$LocalProc$StdinCopyThread.out;Ljava/io/OutputStream;","L51671","L103","C:\GIT\pris2\SourceMeter\Guille\jenkins-jenkins-2.328\core\src\main\java\hudson\Proc.java","401","13","401","44","0","0","0","0","0","0","0","0","0","0","0","0","0","0","0","0","0","0","0","0","0","0","0","0"
"L52068","field","hudson.scheduler.CronTab$CalendarField.field;I","L52067","L103","C:\GIT\pris2\SourceMeter\Guille\jenkins-jenkins-2.328\core\src\main\java\hudson\scheduler\CronTab.java","160","9","160","25","0","0","0","0","0","0","0","0","0","0","0","0","0","0","0","0","0","0","0","0","0","0","0","0"
"L52070","lowerField","hudson.scheduler.CronTab$CalendarField.lowerField;Lhudson/scheduler/CronTab$CalendarField;","L52067","L103","C:\GIT\pris2\SourceMeter\Guille\jenkins-jenkins-2.328\core\src\main\java\hudson\scheduler\CronTab.java","165","9","165","40","0","0","0","0","0","0","0","0","0","0","0","0","0","0","0","0","0","0","0","0","0","0","0","0"
"L52074","offset","hudson.scheduler.CronTab$CalendarField.offset;I","L52067","L103","C:\GIT\pris2\SourceMeter\Guille\jenkins-jenkins-2.328\core\src\main\java\hudson\scheduler\CronTab.java","171","9","171","26","0","0","0","0","0","0","0","0","0","0","0","0","0","0","0","0","0","0","0","0","0","0","0","0"
"L52076","min","hudson.scheduler.CronTab$CalendarField.min;I","L52067","L103","C:\GIT\pris2\SourceMeter\Guille\jenkins-jenkins-2.328\core\src\main\java\hudson\scheduler\CronTab.java","176","9","176","23","0","0","0","0","0","0","0","0","0","0","0","0","0","0","0","0","0","0","0","0","0","0","0","0"
"L52078","redoAdjustmentIfModified","hudson.scheduler.CronTab$CalendarField.redoAdjustmentIfModified;Z","L52067","L103","C:\GIT\pris2\SourceMeter\Guille\jenkins-jenkins-2.328\core\src\main\java\hudson\scheduler\CronTab.java","181","9","181","48","0","0","0","0","0","0","0","0","0","0","0","0","0","0","0","0","0","0","0","0","0","0","0","0"
"L52080","displayName","hudson.scheduler.CronTab$CalendarField.displayName;Ljava/lang/String;","L52067","L103","C:\GIT\pris2\SourceMeter\Guille\jenkins-jenkins-2.328\core\src\main\java\hudson\scheduler\CronTab.java","186","9","187","42","0","0","0","0","0","0","0","0","0","0","0","0","0","0","0","0","0","0","0","0","0","0","0","0"
"L52135","MINUTE","hudson.scheduler.CronTab$CalendarField.MINUTE;Lhudson/scheduler/CronTab$CalendarField;","L52067","L103","C:\GIT\pris2\SourceMeter\Guille\jenkins-jenkins-2.328\core\src\main\java\hudson\scheduler\CronTab.java","263","9","269","11","0","0","0","0","0","0","0","0","0","0","0","0","0","0","0","0","0","0","0","0","0","0","0","0"
"L52150","HOUR","hudson.scheduler.CronTab$CalendarField.HOUR;Lhudson/scheduler/CronTab$CalendarField;","L52067","L103","C:\GIT\pris2\SourceMeter\Guille\jenkins-jenkins-2.328\core\src\main\java\hudson\scheduler\CronTab.java","270","9","276","11","0","0","0","0","0","0","0","0","0","0","0","0","0","0","0","0","0","0","0","0","0","0","0","0"
"L52165","DAY_OF_MONTH","hudson.scheduler.CronTab$CalendarField.DAY_OF_MONTH;Lhudson/scheduler/CronTab$CalendarField;","L52067","L103","C:\GIT\pris2\SourceMeter\Guille\jenkins-jenkins-2.328\core\src\main\java\hudson\scheduler\CronTab.java","277","9","283","11","0","0","0","0","0","0","0","0","0","0","0","0","0","0","0","0","0","0","0","0","0","0","0","0"
"L52180","MONTH","hudson.scheduler.CronTab$CalendarField.MONTH;Lhudson/scheduler/CronTab$CalendarField;","L52067","L103","C:\GIT\pris2\SourceMeter\Guille\jenkins-jenkins-2.328\core\src\main\java\hudson\scheduler\CronTab.java","284","9","290","11","0","0","0","0","0","0","0","0","0","0","0","0","0","0","0","0","0","0","0","0","0","0","0","0"
"L52195","DAY_OF_WEEK","hudson.scheduler.CronTab$CalendarField.DAY_OF_WEEK;Lhudson/scheduler/CronTab$CalendarField;","L52067","L103","C:\GIT\pris2\SourceMeter\Guille\jenkins-jenkins-2.328\core\src\main\java\hudson\scheduler\CronTab.java","291","9","316","11","0","0","0","0","0","0","0","0","0","0","0","0","0","0","0","0","0","0","0","0","0","0","0","0"
"L52215","ADJUST_ORDER","hudson.scheduler.CronTab$CalendarField.ADJUST_ORDER;[Lhudson/scheduler/CronTab$CalendarField;","L52067","L103","C:\GIT\pris2\SourceMeter\Guille\jenkins-jenkins-2.328\core\src\main\java\hudson\scheduler\CronTab.java","318","9","324","11","0","0","0","0","0","0","0","0","0","0","0","0","0","0","0","0","0","0","0","0","0","0","0","0"
"L52572","buf","hudson.scm.browsers.QueryBuilder.buf;Ljava/lang/StringBuilder;","L52570","L103","C:\GIT\pris2\SourceMeter\Guille\jenkins-jenkins-2.328\core\src\main\java\hudson\scm\browsers\QueryBuilder.java","33","5","33","59","0","0","0","0","0","0","0","0","0","0","0","0","0","0","0","0","0","0","0","0","0","0","0","0"
"L52674","parent","hudson.scm.ChangeLogSet$Entry.parent;Lhudson/scm/ChangeLogSet;","L3837","L103","C:\GIT\pris2\SourceMeter\Guille\jenkins-jenkins-2.328\core\src\main\java\hudson\scm\ChangeLogSet.java","142","9","142","37","0","0","0","0","0","0","0","0","0","0","0","0","0","0","0","0","0","0","0","0","0","0","0","0"
"L52697","LOGGER","hudson.scm.ChangeLogSet$Entry.LOGGER;Ljava/util/logging/Logger;","L3837","L103","C:\GIT\pris2\SourceMeter\Guille\jenkins-jenkins-2.328\core\src\main\java\hudson\scm\ChangeLogSet.java","270","9","270","91","0","0","0","0","0","0","0","0","0","0","0","0","0","0","0","0","0","0","0","0","0","0","0","0"
"L18536","NONE","hudson.scm.PollingResult$Change.NONE;Lhudson/scm/PollingResult$Change;","L52797","L103","C:\GIT\pris2\SourceMeter\Guille\jenkins-jenkins-2.328\core\src\main\java\hudson\scm\PollingResult.java","52","9","52","13","0","0","0","0","0","0","0","0","0","0","0","0","0","0","0","0","0","0","0","0","0","0","0","0"
"L52806","INSIGNIFICANT","hudson.scm.PollingResult$Change.INSIGNIFICANT;Lhudson/scm/PollingResult$Change;","L52797","L103","C:\GIT\pris2\SourceMeter\Guille\jenkins-jenkins-2.328\core\src\main\java\hudson\scm\PollingResult.java","58","9","58","22","0","0","0","0","0","0","0","0","0","0","0","0","0","0","0","0","0","0","0","0","0","0","0","0"
"L47541","SIGNIFICANT","hudson.scm.PollingResult$Change.SIGNIFICANT;Lhudson/scm/PollingResult$Change;","L52797","L103","C:\GIT\pris2\SourceMeter\Guille\jenkins-jenkins-2.328\core\src\main\java\hudson\scm\PollingResult.java","64","9","64","20","0","0","0","0","0","0","0","0","0","0","0","0","0","0","0","0","0","0","0","0","0","0","0","0"
"L47534","INCOMPARABLE","hudson.scm.PollingResult$Change.INCOMPARABLE;Lhudson/scm/PollingResult$Change;","L52797","L103","C:\GIT\pris2\SourceMeter\Guille\jenkins-jenkins-2.328\core\src\main\java\hudson\scm\PollingResult.java","78","9","78","21","0","0","0","0","0","0","0","0","0","0","0","0","0","0","0","0","0","0","0","0","0","0","0","0"
"L53133","desiredTooltip","hudson.scm.AbstractScmTagActionTest$FakeSCM.desiredTooltip;Ljava/lang/String;","L53122","L103","C:\GIT\pris2\SourceMeter\Guille\jenkins-jenkins-2.328\test\src\test\java\hudson\scm\AbstractScmTagActionTest.java","99","9","99","39","0","0","0","0","0","0","0","0","0","0","0","0","0","0","0","0","0","0","0","0","0","0","0","0"
"L53151","desiredTooltip","hudson.scm.AbstractScmTagActionTest$TooltipTagAction.desiredTooltip;Ljava/lang/String;","L53144","L103","C:\GIT\pris2\SourceMeter\Guille\jenkins-jenkins-2.328\test\src\test\java\hudson\scm\AbstractScmTagActionTest.java","118","9","118","39","0","0","0","0","0","0","0","0","0","0","0","0","0","0","0","0","0","0","0","0","0","0","0","0"
"L53320","url","hudson.search.ParsedQuickSilver$Getter.url;Ljava/lang/String;","L53291","L103","C:\GIT\pris2\SourceMeter\Guille\jenkins-jenkins-2.328\core\src\main\java\hudson\search\ParsedQuickSilver.java","103","9","103","26","0","0","0","0","0","0","0","0","0","0","0","0","0","0","0","0","0","0","0","0","0","0","0","0"
"L53321","searchName","hudson.search.ParsedQuickSilver$Getter.searchName;Ljava/lang/String;","L53291","L103","C:\GIT\pris2\SourceMeter\Guille\jenkins-jenkins-2.328\core\src\main\java\hudson\search\ParsedQuickSilver.java","104","9","104","33","0","0","0","0","0","0","0","0","0","0","0","0","0","0","0","0","0","0","0","0","0","0","0","0"
"L53329","method","hudson.search.ParsedQuickSilver$MethodGetter.method;Ljava/lang/reflect/Method;","L53305","L103","C:\GIT\pris2\SourceMeter\Guille\jenkins-jenkins-2.328\core\src\main\java\hudson\search\ParsedQuickSilver.java","115","9","115","37","0","0","0","0","0","0","0","0","0","0","0","0","0","0","0","0","0","0","0","0","0","0","0","0"
"L53339","field","hudson.search.ParsedQuickSilver$FieldGetter.field;Ljava/lang/reflect/Field;","L53312","L103","C:\GIT\pris2\SourceMeter\Guille\jenkins-jenkins-2.328\core\src\main\java\hudson\search\ParsedQuickSilver.java","140","9","140","35","0","0","0","0","0","0","0","0","0","0","0","0","0","0","0","0","0","0","0","0","0","0","0","0"
"L53404","hasMoreResults","hudson.search.Search$SearchResultImpl.hasMoreResults;Z","L53397","L103","C:\GIT\pris2\SourceMeter\Guille\jenkins-jenkins-2.328\core\src\main\java\hudson\search\Search.java","182","9","182","48","0","0","0","0","0","0","0","0","0","0","0","0","0","0","0","0","0","0","0","0","0","0","0","0"
"L28358","suggestions","hudson.search.Search$Result.suggestions;Ljava/util/List;","L28353","L103","C:\GIT\pris2\SourceMeter\Guille\jenkins-jenkins-2.328\core\src\main\java\hudson\search\Search.java","192","9","193","59","0","0","0","0","0","0","0","0","0","0","0","0","0","0","0","0","0","0","0","0","0","0","0","0"
"L53423","name","hudson.search.Search$Item.name;Ljava/lang/String;","L28360","L103","C:\GIT\pris2\SourceMeter\Guille\jenkins-jenkins-2.328\core\src\main\java\hudson\search\Search.java","198","9","200","28","0","0","0","0","0","0","0","0","0","0","0","0","0","0","0","0","0","0","0","0","0","0","0","0"
"L53433","FIND","hudson.search.Search$Mode.FIND;Lhudson/search/Search$Mode;","L53426","L103","C:\GIT\pris2\SourceMeter\Guille\jenkins-jenkins-2.328\core\src\main\java\hudson\search\Search.java","208","9","213","10","0","0","0","0","0","0","0","0","0","0","0","0","0","0","0","0","0","0","0","0","0","0","0","0"
"L53441","SUGGEST","hudson.search.Search$Mode.SUGGEST;Lhudson/search/Search$Mode;","L53426","L103","C:\GIT\pris2\SourceMeter\Guille\jenkins-jenkins-2.328\core\src\main\java\hudson\search\Search.java","214","9","219","10","0","0","0","0","0","0","0","0","0","0","0","0","0","0","0","0","0","0","0","0","0","0","0","0"
"L53513","tokens","hudson.search.Search$TokenList.tokens;[Ljava/lang/String;","L53512","L103","C:\GIT\pris2\SourceMeter\Guille\jenkins-jenkins-2.328\core\src\main\java\hudson\search\Search.java","328","9","328","39","0","0","0","0","0","0","0","0","0","0","0","0","0","0","0","0","0","0","0","0","0","0","0","0"
"L54240","UNSECURED_ACL","hudson.security.AuthorizationStrategy$Unsecured.UNSECURED_ACL;Lhudson/security/ACL;","L25287","L103","C:\GIT\pris2\SourceMeter\Guille\jenkins-jenkins-2.328\core\src\main\java\hudson\security\AuthorizationStrategy.java","233","9","233","78","0","0","0","0","0","0","0","0","0","0","0","0","0","0","0","0","0","0","0","0","0","0","0","0"
"L54453","UNPROCESSED_PATHINFO","hudson.security.csrf.CrumbFilter.UNPROCESSED_PATHINFO;Z","L54419","L103","C:\GIT\pris2\SourceMeter\Guille\jenkins-jenkins-2.328\core\src\main\java\hudson\security\csrf\CrumbFilter.java","191","5","191","153","0","0","0","0","0","0","0","0","0","0","0","0","0","0","0","0","0","0","0","0","0","0","0","0"
"L54466","LOGGER","hudson.security.csrf.CrumbFilter.LOGGER;Ljava/util/logging/Logger;","L54419","L103","C:\GIT\pris2\SourceMeter\Guille\jenkins-jenkins-2.328\core\src\main\java\hudson\security\csrf\CrumbFilter.java","193","5","193","88","0","0","0","0","0","0","0","0","0","0","0","0","0","0","0","0","0","0","0","0","0","0","0","0"
"L54487","CRUMB_ATTRIBUTE","hudson.security.csrf.CrumbIssuer.CRUMB_ATTRIBUTE;Ljava/lang/String;","L23141","L103","C:\GIT\pris2\SourceMeter\Guille\jenkins-jenkins-2.328\core\src\main\java\hudson\security\csrf\CrumbIssuer.java","47","5","47","90","0","0","0","0","0","0","0","0","0","0","0","0","0","0","0","0","0","0","0","0","0","0","0","0"
"L48518","DEFAULT_CRUMB_NAME","hudson.security.csrf.CrumbIssuer.DEFAULT_CRUMB_NAME;Ljava/lang/String;","L23141","L103","C:\GIT\pris2\SourceMeter\Guille\jenkins-jenkins-2.328\core\src\main\java\hudson\security\csrf\CrumbIssuer.java","49","5","50","69","0","0","0","0","0","0","0","0","0","0","0","0","0","0","0","0","0","0","0","0","0","0","0","0"
"L54555","crumbSalt","hudson.security.csrf.CrumbIssuerDescriptor.crumbSalt;Ljava/lang/String;","L54508","L103","C:\GIT\pris2\SourceMeter\Guille\jenkins-jenkins-2.328\core\src\main\java\hudson\security\csrf\CrumbIssuerDescriptor.java","20","5","20","30","0","0","0","0","0","0","0","0","0","0","0","0","0","0","0","0","0","0","0","0","0","0","0","0"
"L54556","crumbRequestField","hudson.security.csrf.CrumbIssuerDescriptor.crumbRequestField;Ljava/lang/String;","L54508","L103","C:\GIT\pris2\SourceMeter\Guille\jenkins-jenkins-2.328\core\src\main\java\hudson\security\csrf\CrumbIssuerDescriptor.java","21","5","21","38","0","0","0","0","0","0","0","0","0","0","0","0","0","0","0","0","0","0","0","0","0","0","0","0"
"L54576","md","hudson.security.csrf.DefaultCrumbIssuer.md;Ljava/security/MessageDigest;","L54574","L103","C:\GIT\pris2\SourceMeter\Guille\jenkins-jenkins-2.328\core\src\main\java\hudson\security\csrf\DefaultCrumbIssuer.java","39","5","39","40","0","0","0","0","0","0","0","0","0","0","0","0","0","0","0","0","0","0","0","0","0","0","0","0"
"L54577","excludeClientIPFromCrumb","hudson.security.csrf.DefaultCrumbIssuer.excludeClientIPFromCrumb;Z","L54574","L103","C:\GIT\pris2\SourceMeter\Guille\jenkins-jenkins-2.328\core\src\main\java\hudson\security\csrf\DefaultCrumbIssuer.java","40","5","40","46","0","0","0","0","0","0","0","0","0","0","0","0","0","0","0","0","0","0","0","0","0","0","0","0"
"L54578","EXCLUDE_SESSION_ID","hudson.security.csrf.DefaultCrumbIssuer.EXCLUDE_SESSION_ID;Z","L54574","L103","C:\GIT\pris2\SourceMeter\Guille\jenkins-jenkins-2.328\core\src\main\java\hudson\security\csrf\DefaultCrumbIssuer.java","42","5","44","168","0","0","0","0","0","0","0","0","0","0","0","0","0","0","0","0","0","0","0","0","0","0","0","0"
"L54609","X_FORWARDED_FOR","hudson.security.csrf.DefaultCrumbIssuer.X_FORWARDED_FOR;Ljava/lang/String;","L54574","L103","C:\GIT\pris2\SourceMeter\Guille\jenkins-jenkins-2.328\core\src\main\java\hudson\security\csrf\DefaultCrumbIssuer.java","107","5","107","69","0","0","0","0","0","0","0","0","0","0","0","0","0","0","0","0","0","0","0","0","0","0","0","0"
"L54590","LOGGER","hudson.security.csrf.DefaultCrumbIssuer.LOGGER;Ljava/util/logging/Logger;","L54574","L103","C:\GIT\pris2\SourceMeter\Guille\jenkins-jenkins-2.328\core\src\main\java\hudson\security\csrf\DefaultCrumbIssuer.java","146","5","146","95","0","0","0","0","0","0","0","0","0","0","0","0","0","0","0","0","0","0","0","0","0","0","0","0"
"L54641","DISABLE_CSRF_PROTECTION","hudson.security.csrf.GlobalCrumbIssuerConfiguration.DISABLE_CSRF_PROTECTION;Z","L54626","L103","C:\GIT\pris2\SourceMeter\Guille\jenkins-jenkins-2.328\core\src\main\java\hudson\security\csrf\GlobalCrumbIssuerConfiguration.java","79","5","81","174","0","0","0","0","0","0","0","0","0","0","0","0","0","0","0","0","0","0","0","0","0","0","0","0"
"L54648","r","hudson.security.csrf.CrumbExclusionTest.r;LJenkinsRule;","L54646","L103","C:\GIT\pris2\SourceMeter\Guille\jenkins-jenkins-2.328\test\src\test\java\hudson\security\csrf\CrumbExclusionTest.java","55","5","56","46","0","0","0","0","0","0","0","0","0","0","0","0","0","0","0","0","0","0","0","0","0","0","0","0"
"L54671","r","hudson.security.csrf.DefaultCrumbIssuerTest.r;LJenkinsRule;","L54668","L103","C:\GIT\pris2\SourceMeter\Guille\jenkins-jenkins-2.328\test\src\test\java\hudson\security\csrf\DefaultCrumbIssuerTest.java","46","5","46","52","0","0","0","0","0","0","0","0","0","0","0","0","0","0","0","0","0","0","0","0","0","0","0","0"
"L54674","testData","hudson.security.csrf.DefaultCrumbIssuerTest.testData;[Ljava/lang/String;","L54668","L103","C:\GIT\pris2\SourceMeter\Guille\jenkins-jenkins-2.328\test\src\test\java\hudson\security\csrf\DefaultCrumbIssuerTest.java","52","5","57","7","0","0","0","0","0","0","0","0","0","0","0","0","0","0","0","0","0","0","0","0","0","0","0","0"
"L54675","HEADER_NAME","hudson.security.csrf.DefaultCrumbIssuerTest.HEADER_NAME;Ljava/lang/String;","L54668","L103","C:\GIT\pris2\SourceMeter\Guille\jenkins-jenkins-2.328\test\src\test\java\hudson\security\csrf\DefaultCrumbIssuerTest.java","58","5","58","65","0","0","0","0","0","0","0","0","0","0","0","0","0","0","0","0","0","0","0","0","0","0","0","0"
"L54767","identity","hudson.security.FederatedLoginService$UnclaimedIdentityException.identity;Lhudson/security/FederatedLoginService$FederatedIdentity;","L54748","L103","C:\GIT\pris2\SourceMeter\Guille\jenkins-jenkins-2.328\core\src\main\java\hudson\security\FederatedLoginService.java","241","9","241","49","0","0","0","0","0","0","0","0","0","0","0","0","0","0","0","0","0","0","0","0","0","0","0","0"
"L55134","username","hudson.security.HudsonPrivateSecurityRealm$SignupInfo.username;Ljava/lang/String;","L55050","L103","C:\GIT\pris2\SourceMeter\Guille\jenkins-jenkins-2.328\core\src\main\java\hudson\security\HudsonPrivateSecurityRealm.java","584","9","584","32","0","0","0","0","0","0","0","0","0","0","0","0","0","0","0","0","0","0","0","0","0","0","0","0"
"L55139","password1","hudson.security.HudsonPrivateSecurityRealm$SignupInfo.password1;Ljava/lang/String;","L55050","L103","C:\GIT\pris2\SourceMeter\Guille\jenkins-jenkins-2.328\core\src\main\java\hudson\security\HudsonPrivateSecurityRealm.java","584","9","584","43","0","0","0","0","0","0","0","0","0","0","0","0","0","0","0","0","0","0","0","0","0","0","0","0"
"L55141","password2","hudson.security.HudsonPrivateSecurityRealm$SignupInfo.password2;Ljava/lang/String;","L55050","L103","C:\GIT\pris2\SourceMeter\Guille\jenkins-jenkins-2.328\core\src\main\java\hudson\security\HudsonPrivateSecurityRealm.java","584","9","584","54","0","0","0","0","0","0","0","0","0","0","0","0","0","0","0","0","0","0","0","0","0","0","0","0"
"L55143","fullname","hudson.security.HudsonPrivateSecurityRealm$SignupInfo.fullname;Ljava/lang/String;","L55050","L103","C:\GIT\pris2\SourceMeter\Guille\jenkins-jenkins-2.328\core\src\main\java\hudson\security\HudsonPrivateSecurityRealm.java","584","9","584","64","0","0","0","0","0","0","0","0","0","0","0","0","0","0","0","0","0","0","0","0","0","0","0","0"
"L55147","email","hudson.security.HudsonPrivateSecurityRealm$SignupInfo.email;Ljava/lang/String;","L55050","L103","C:\GIT\pris2\SourceMeter\Guille\jenkins-jenkins-2.328\core\src\main\java\hudson\security\HudsonPrivateSecurityRealm.java","584","9","584","71","0","0","0","0","0","0","0","0","0","0","0","0","0","0","0","0","0","0","0","0","0","0","0","0"
"L55132","captcha","hudson.security.HudsonPrivateSecurityRealm$SignupInfo.captcha;Ljava/lang/String;","L55050","L103","C:\GIT\pris2\SourceMeter\Guille\jenkins-jenkins-2.328\core\src\main\java\hudson\security\HudsonPrivateSecurityRealm.java","584","9","584","80","0","0","0","0","0","0","0","0","0","0","0","0","0","0","0","0","0","0","0","0","0","0","0","0"
"L55055","errorMessage","hudson.security.HudsonPrivateSecurityRealm$SignupInfo.errorMessage;Ljava/lang/String;","L55050","L103","C:\GIT\pris2\SourceMeter\Guille\jenkins-jenkins-2.328\core\src\main\java\hudson\security\HudsonPrivateSecurityRealm.java","590","9","591","36","0","0","0","0","0","0","0","0","0","0","0","0","0","0","0","0","0","0","0","0","0","0","0","0"
"L55101","errors","hudson.security.HudsonPrivateSecurityRealm$SignupInfo.errors;Ljava/util/HashMap;","L55050","L103","C:\GIT\pris2\SourceMeter\Guille\jenkins-jenkins-2.328\core\src\main\java\hudson\security\HudsonPrivateSecurityRealm.java","598","9","598","65","0","0","0","0","0","0","0","0","0","0","0","0","0","0","0","0","0","0","0","0","0","0","0","0"
"L55201","passwordHash","hudson.security.HudsonPrivateSecurityRealm$Details.passwordHash;Ljava/lang/String;","L55019","L103","C:\GIT\pris2\SourceMeter\Guille\jenkins-jenkins-2.328\core\src\main\java\hudson\security\HudsonPrivateSecurityRealm.java","630","9","630","54","0","0","0","0","0","0","0","0","0","0","0","0","0","0","0","0","0","0","0","0","0","0","0","0"
"L55203","password","hudson.security.HudsonPrivateSecurityRealm$Details.password;Ljava/lang/String;","L55019","L103","C:\GIT\pris2\SourceMeter\Guille\jenkins-jenkins-2.328\core\src\main\java\hudson\security\HudsonPrivateSecurityRealm.java","637","9","638","43","0","0","0","0","0","0","0","0","0","0","0","0","0","0","0","0","0","0","0","0","0","0","0","0"
"L55295","MAXIMUM_BCRYPT_LOG_ROUND","hudson.security.HudsonPrivateSecurityRealm$JBCryptEncoder.MAXIMUM_BCRYPT_LOG_ROUND;I","L55291","L103","C:\GIT\pris2\SourceMeter\Guille\jenkins-jenkins-2.328\core\src\main\java\hudson\security\HudsonPrivateSecurityRealm.java","883","9","885","158","0","0","0","0","0","0","0","0","0","0","0","0","0","0","0","0","0","0","0","0","0","0","0","0"
"L55298","BCRYPT_PATTERN","hudson.security.HudsonPrivateSecurityRealm$JBCryptEncoder.BCRYPT_PATTERN;Ljava/util/regex/Pattern;","L55291","L103","C:\GIT\pris2\SourceMeter\Guille\jenkins-jenkins-2.328\core\src\main\java\hudson\security\HudsonPrivateSecurityRealm.java","887","9","887","103","0","0","0","0","0","0","0","0","0","0","0","0","0","0","0","0","0","0","0","0","0","0","0","0"
"L55323","JBCRYPT_HEADER","hudson.security.HudsonPrivateSecurityRealm$MultiPasswordEncoder.JBCRYPT_HEADER;Ljava/lang/String;","L55318","L103","C:\GIT\pris2\SourceMeter\Guille\jenkins-jenkins-2.328\core\src\main\java\hudson\security\HudsonPrivateSecurityRealm.java","929","9","929","66","0","0","0","0","0","0","0","0","0","0","0","0","0","0","0","0","0","0","0","0","0","0","0","0"
"L54972","manager2","hudson.security.SecurityRealm$SecurityComponents.manager2;LAuthenticationManager;","L45862","L103","C:\GIT\pris2\SourceMeter\Guille\jenkins-jenkins-2.328\core\src\main\java\hudson\security\SecurityRealm.java","743","9","743","53","0","0","0","0","0","0","0","0","0","0","0","0","0","0","0","0","0","0","0","0","0","0","0","0"
"L55850","manager","hudson.security.SecurityRealm$SecurityComponents.manager;Lorg/acegisecurity/AuthenticationManager;","L45862","L103","C:\GIT\pris2\SourceMeter\Guille\jenkins-jenkins-2.328\core\src\main\java\hudson\security\SecurityRealm.java","747","9","748","70","0","0","0","0","0","0","0","0","0","0","0","0","0","0","0","0","0","0","0","0","0","0","0","0"
"L42873","userDetails2","hudson.security.SecurityRealm$SecurityComponents.userDetails2;LUserDetailsService;","L45862","L103","C:\GIT\pris2\SourceMeter\Guille\jenkins-jenkins-2.328\core\src\main\java\hudson\security\SecurityRealm.java","752","9","752","54","0","0","0","0","0","0","0","0","0","0","0","0","0","0","0","0","0","0","0","0","0","0","0","0"
"L55856","userDetails","hudson.security.SecurityRealm$SecurityComponents.userDetails;Lorg/acegisecurity/userdetails/UserDetailsService;","L45862","L103","C:\GIT\pris2\SourceMeter\Guille\jenkins-jenkins-2.328\core\src\main\java\hudson\security\SecurityRealm.java","756","9","757","83","0","0","0","0","0","0","0","0","0","0","0","0","0","0","0","0","0","0","0","0","0","0","0","0"
"L54980","rememberMe2","hudson.security.SecurityRealm$SecurityComponents.rememberMe2;LRememberMeServices;","L45862","L103","C:\GIT\pris2\SourceMeter\Guille\jenkins-jenkins-2.328\core\src\main\java\hudson\security\SecurityRealm.java","761","9","761","53","0","0","0","0","0","0","0","0","0","0","0","0","0","0","0","0","0","0","0","0","0","0","0","0"
"L55862","rememberMe","hudson.security.SecurityRealm$SecurityComponents.rememberMe;Lorg/acegisecurity/ui/rememberme/RememberMeServices;","L45862","L103","C:\GIT\pris2\SourceMeter\Guille\jenkins-jenkins-2.328\core\src\main\java\hudson\security\SecurityRealm.java","765","9","766","84","0","0","0","0","0","0","0","0","0","0","0","0","0","0","0","0","0","0","0","0","0","0","0","0"
"L55968","sid","hudson.security.SparseACL$Entry.sid;Lorg/acegisecurity/acls/sid/Sid;","L55967","L103","C:\GIT\pris2\SourceMeter\Guille\jenkins-jenkins-2.328\core\src\main\java\hudson\security\SparseACL.java","44","9","44","30","0","0","0","0","0","0","0","0","0","0","0","0","0","0","0","0","0","0","0","0","0","0","0","0"
"L55970","permission","hudson.security.SparseACL$Entry.permission;Lhudson/security/Permission;","L55967","L103","C:\GIT\pris2\SourceMeter\Guille\jenkins-jenkins-2.328\core\src\main\java\hudson\security\SparseACL.java","45","9","45","44","0","0","0","0","0","0","0","0","0","0","0","0","0","0","0","0","0","0","0","0","0","0","0","0"
"L55971","allowed","hudson.security.SparseACL$Entry.allowed;Z","L55967","L103","C:\GIT\pris2\SourceMeter\Guille\jenkins-jenkins-2.328\core\src\main\java\hudson\security\SparseACL.java","46","9","46","38","0","0","0","0","0","0","0","0","0","0","0","0","0","0","0","0","0","0","0","0","0","0","0","0"
"L56215","loggedInUsernames","hudson.security.HudsonPrivateSecurityRealmTest$SpySecurityListenerImpl.loggedInUsernames;Ljava/util/List;","L56192","L103","C:\GIT\pris2\SourceMeter\Guille\jenkins-jenkins-2.328\test\src\test\java\hudson\security\HudsonPrivateSecurityRealmTest.java","410","9","410","74","0","0","0","0","0","0","0","0","0","0","0","0","0","0","0","0","0","0","0","0","0","0","0","0"
"L56224","createdUsers","hudson.security.HudsonPrivateSecurityRealmTest$SpySecurityListenerImpl.createdUsers;Ljava/util/List;","L56192","L103","C:\GIT\pris2\SourceMeter\Guille\jenkins-jenkins-2.328\test\src\test\java\hudson\security\HudsonPrivateSecurityRealmTest.java","411","9","411","69","0","0","0","0","0","0","0","0","0","0","0","0","0","0","0","0","0","0","0","0","0","0","0","0"
"L56378","special","hudson.security.SecurityRealmTest$OldSecurityRealm.special;Z","L56370","L103","C:\GIT\pris2\SourceMeter\Guille\jenkins-jenkins-2.328\test\src\test\java\hudson\security\SecurityRealmTest.java","165","9","165","25","0","0","0","0","0","0","0","0","0","0","0","0","0","0","0","0","0","0","0","0","0","0","0","0"
"L56449","counter","hudson.security.TokenBasedRememberMeServices2Test$LoadUserCountingSecurityRealm.counter;I","L56434","L103","C:\GIT\pris2\SourceMeter\Guille\jenkins-jenkins-2.328\test\src\test\java\hudson\security\TokenBasedRememberMeServices2Test.java","315","9","315","33","0","0","0","0","0","0","0","0","0","0","0","0","0","0","0","0","0","0","0","0","0","0","0","0"
"L56678","serialVersionUID","hudson.slaves.ChannelPinger$SetUpRemotePing.serialVersionUID;J","L56668","L103","C:\GIT\pris2\SourceMeter\Guille\jenkins-jenkins-2.328\core\src\main\java\hudson\slaves\ChannelPinger.java","128","9","128","76","0","0","0","0","0","0","0","0","0","0","0","0","0","0","0","0","0","0","0","0","0","0","0","0"
"L56679","pingInterval","hudson.slaves.ChannelPinger$SetUpRemotePing.pingInterval;I","L56668","L103","C:\GIT\pris2\SourceMeter\Guille\jenkins-jenkins-2.328\core\src\main\java\hudson\slaves\ChannelPinger.java","129","9","130","44","0","0","0","0","0","0","0","0","0","0","0","0","0","0","0","0","0","0","0","0","0","0","0","0"
"L56680","pingTimeoutSeconds","hudson.slaves.ChannelPinger$SetUpRemotePing.pingTimeoutSeconds;I","L56668","L103","C:\GIT\pris2\SourceMeter\Guille\jenkins-jenkins-2.328\core\src\main\java\hudson\slaves\ChannelPinger.java","131","9","131","46","0","0","0","0","0","0","0","0","0","0","0","0","0","0","0","0","0","0","0","0","0","0","0","0"
"L56681","pingIntervalSeconds","hudson.slaves.ChannelPinger$SetUpRemotePing.pingIntervalSeconds;I","L56668","L103","C:\GIT\pris2\SourceMeter\Guille\jenkins-jenkins-2.328\core\src\main\java\hudson\slaves\ChannelPinger.java","132","9","132","47","0","0","0","0","0","0","0","0","0","0","0","0","0","0","0","0","0","0","0","0","0","0","0","0"
"L56868","label","hudson.slaves.Cloud$CloudState.label;Lhudson/model/Label;","L34756","L103","C:\GIT\pris2\SourceMeter\Guille\jenkins-jenkins-2.328\core\src\main\java\hudson\slaves\Cloud.java","286","9","287","35","0","0","0","0","0","0","0","0","0","0","0","0","0","0","0","0","0","0","0","0","0","0","0","0"
"L56870","additionalPlannedCapacity","hudson.slaves.Cloud$CloudState.additionalPlannedCapacity;I","L34756","L103","C:\GIT\pris2\SourceMeter\Guille\jenkins-jenkins-2.328\core\src\main\java\hudson\slaves\Cloud.java","292","9","292","53","0","0","0","0","0","0","0","0","0","0","0","0","0","0","0","0","0","0","0","0","0","0","0","0"
"L57172","serialVersionUID","hudson.slaves.ConnectionActivityMonitor$PingCommand.serialVersionUID;J","L57164","L103","C:\GIT\pris2\SourceMeter\Guille\jenkins-jenkins-2.328\core\src\main\java\hudson\slaves\ConnectionActivityMonitor.java","116","9","116","57","0","0","0","0","0","0","0","0","0","0","0","0","0","0","0","0","0","0","0","0","0","0","0","0"
"L57264","key","hudson.slaves.EnvironmentVariablesNodeProperty$Entry.key;Ljava/lang/String;","L45062","L103","C:\GIT\pris2\SourceMeter\Guille\jenkins-jenkins-2.328\core\src\main\java\hudson\slaves\EnvironmentVariablesNodeProperty.java","111","9","111","27","0","0","0","0","0","0","0","0","0","0","0","0","0","0","0","0","0","0","0","0","0","0","0","0"
"L57265","value","hudson.slaves.EnvironmentVariablesNodeProperty$Entry.value;Ljava/lang/String;","L45062","L103","C:\GIT\pris2\SourceMeter\Guille\jenkins-jenkins-2.328\core\src\main\java\hudson\slaves\EnvironmentVariablesNodeProperty.java","111","9","111","34","0","0","0","0","0","0","0","0","0","0","0","0","0","0","0","0","0","0","0","0","0","0","0","0"
"L57508","displayName","hudson.slaves.NodeProvisioner$PlannedNode.displayName;Ljava/lang/String;","L47667","L103","C:\GIT\pris2\SourceMeter\Guille\jenkins-jenkins-2.328\core\src\main\java\hudson\slaves\NodeProvisioner.java","81","9","81","41","0","0","0","0","0","0","0","0","0","0","0","0","0","0","0","0","0","0","0","0","0","0","0","0"
"L57510","future","hudson.slaves.NodeProvisioner$PlannedNode.future;Ljava/util/concurrent/Future;","L47667","L103","C:\GIT\pris2\SourceMeter\Guille\jenkins-jenkins-2.328\core\src\main\java\hudson\slaves\NodeProvisioner.java","87","9","87","42","0","0","0","0","0","0","0","0","0","0","0","0","0","0","0","0","0","0","0","0","0","0","0","0"
"L57512","numExecutors","hudson.slaves.NodeProvisioner$PlannedNode.numExecutors;I","L47667","L103","C:\GIT\pris2\SourceMeter\Guille\jenkins-jenkins-2.328\core\src\main\java\hudson\slaves\NodeProvisioner.java","93","9","93","39","0","0","0","0","0","0","0","0","0","0","0","0","0","0","0","0","0","0","0","0","0","0","0","0"
"L57610","CONSULT_REMAINING_STRATEGIES","hudson.slaves.NodeProvisioner$StrategyDecision.CONSULT_REMAINING_STRATEGIES;Lhudson/slaves/NodeProvisioner$StrategyDecision;","L57602","L103","C:\GIT\pris2\SourceMeter\Guille\jenkins-jenkins-2.328\core\src\main\java\hudson\slaves\NodeProvisioner.java","352","9","352","37","0","0","0","0","0","0","0","0","0","0","0","0","0","0","0","0","0","0","0","0","0","0","0","0"
"L57590","PROVISIONING_COMPLETED","hudson.slaves.NodeProvisioner$StrategyDecision.PROVISIONING_COMPLETED;Lhudson/slaves/NodeProvisioner$StrategyDecision;","L57602","L103","C:\GIT\pris2\SourceMeter\Guille\jenkins-jenkins-2.328\core\src\main\java\hudson\slaves\NodeProvisioner.java","360","9","360","31","0","0","0","0","0","0","0","0","0","0","0","0","0","0","0","0","0","0","0","0","0","0","0","0"
"L57622","label","hudson.slaves.NodeProvisioner$StrategyState.label;Lhudson/model/Label;","L57536","L103","C:\GIT\pris2\SourceMeter\Guille\jenkins-jenkins-2.328\core\src\main\java\hudson\slaves\NodeProvisioner.java","392","9","393","35","0","0","0","0","0","0","0","0","0","0","0","0","0","0","0","0","0","0","0","0","0","0","0","0"
"L57624","plannedCapacitySnapshot","hudson.slaves.NodeProvisioner$StrategyState.plannedCapacitySnapshot;I","L57536","L103","C:\GIT\pris2\SourceMeter\Guille\jenkins-jenkins-2.328\core\src\main\java\hudson\slaves\NodeProvisioner.java","397","9","397","51","0","0","0","0","0","0","0","0","0","0","0","0","0","0","0","0","0","0","0","0","0","0","0","0"
"L57626","snapshot","hudson.slaves.NodeProvisioner$StrategyState.snapshot;Lhudson/model/LoadStatistics$LoadStatisticsSnapshot;","L57536","L103","C:\GIT\pris2\SourceMeter\Guille\jenkins-jenkins-2.328\core\src\main\java\hudson\slaves\NodeProvisioner.java","401","9","401","70","0","0","0","0","0","0","0","0","0","0","0","0","0","0","0","0","0","0","0","0","0","0","0","0"
"L57628","additionalPlannedCapacity","hudson.slaves.NodeProvisioner$StrategyState.additionalPlannedCapacity;I","L57536","L103","C:\GIT\pris2\SourceMeter\Guille\jenkins-jenkins-2.328\core\src\main\java\hudson\slaves\NodeProvisioner.java","406","9","407","47","0","0","0","0","0","0","0","0","0","0","0","0","0","0","0","0","0","0","0","0","0","0","0","0"
"L57720","INITIALDELAY","hudson.slaves.NodeProvisioner$NodeProvisionerInvoker.INITIALDELAY;I","L57717","L103","C:\GIT\pris2\SourceMeter\Guille\jenkins-jenkins-2.328\core\src\main\java\hudson\slaves\NodeProvisioner.java","804","9","805","148","0","0","0","0","0","0","0","0","0","0","0","0","0","0","0","0","0","0","0","0","0","0","0","0"
"L57722","RECURRENCEPERIOD","hudson.slaves.NodeProvisioner$NodeProvisionerInvoker.RECURRENCEPERIOD;I","L57717","L103","C:\GIT\pris2\SourceMeter\Guille\jenkins-jenkins-2.328\core\src\main\java\hudson\slaves\NodeProvisioner.java","806","9","807","151","0","0","0","0","0","0","0","0","0","0","0","0","0","0","0","0","0","0","0","0","0","0","0","0"
"L57772","description","hudson.slaves.OfflineCause$SimpleOfflineCause.description;LLocalizable;","L57770","L103","C:\GIT\pris2\SourceMeter\Guille\jenkins-jenkins-2.328\core\src\main\java\hudson\slaves\OfflineCause.java","80","9","80","46","0","0","0","0","0","0","0","0","0","0","0","0","0","0","0","0","0","0","0","0","0","0","0","0"
"L57782","cause","hudson.slaves.OfflineCause$ChannelTermination.cause;Ljava/lang/Exception;","L56704","L103","C:\GIT\pris2\SourceMeter\Guille\jenkins-jenkins-2.328\core\src\main\java\hudson\slaves\OfflineCause.java","104","9","104","38","0","0","0","0","0","0","0","0","0","0","0","0","0","0","0","0","0","0","0","0","0","0","0","0"
"L57792","user","hudson.slaves.OfflineCause$UserCause.user;Lhudson/model/User;","L4667","L103","C:\GIT\pris2\SourceMeter\Guille\jenkins-jenkins-2.328\core\src\main\java\hudson\slaves\OfflineCause.java","135","9","136","37","0","0","0","0","0","0","0","0","0","0","0","0","0","0","0","0","0","0","0","0","0","0","0","0"
"L57793","userId","hudson.slaves.OfflineCause$UserCause.userId;Ljava/lang/String;","L4667","L103","C:\GIT\pris2\SourceMeter\Guille\jenkins-jenkins-2.328\core\src\main\java\hudson\slaves\OfflineCause.java","138","9","138","55","0","0","0","0","0","0","0","0","0","0","0","0","0","0","0","0","0","0","0","0","0","0","0","0"
"L5013","message","hudson.slaves.OfflineCause$ByCLI.message;Ljava/lang/String;","L5010","L103","C:\GIT\pris2\SourceMeter\Guille\jenkins-jenkins-2.328\core\src\main\java\hudson\slaves\OfflineCause.java","177","9","178","37","0","0","0","0","0","0","0","0","0","0","0","0","0","0","0","0","0","0","0","0","0","0","0","0"
"L57844","DESCRIPTOR","hudson.slaves.RetentionStrategy$NoOp.DESCRIPTOR;Lhudson/slaves/RetentionStrategy$NoOp$DescriptorImpl;","L57835","L103","C:\GIT\pris2\SourceMeter\Guille\jenkins-jenkins-2.328\core\src\main\java\hudson\slaves\RetentionStrategy.java","148","9","148","79","0","0","0","0","0","0","0","0","0","0","0","0","0","0","0","0","0","0","0","0","0","0","0","0"
"L57874","logger","hudson.slaves.RetentionStrategy$Demand.logger;Ljava/util/logging/Logger;","L57872","L103","C:\GIT\pris2\SourceMeter\Guille\jenkins-jenkins-2.328\core\src\main\java\hudson\slaves\RetentionStrategy.java","191","9","191","87","0","0","0","0","0","0","0","0","0","0","0","0","0","0","0","0","0","0","0","0","0","0","0","0"
"L57877","inDemandDelay","hudson.slaves.RetentionStrategy$Demand.inDemandDelay;J","L57872","L103","C:\GIT\pris2\SourceMeter\Guille\jenkins-jenkins-2.328\core\src\main\java\hudson\slaves\RetentionStrategy.java","196","9","196","42","0","0","0","0","0","0","0","0","0","0","0","0","0","0","0","0","0","0","0","0","0","0","0","0"
"L57879","idleDelay","hudson.slaves.RetentionStrategy$Demand.idleDelay;J","L57872","L103","C:\GIT\pris2\SourceMeter\Guille\jenkins-jenkins-2.328\core\src\main\java\hudson\slaves\RetentionStrategy.java","201","9","201","38","0","0","0","0","0","0","0","0","0","0","0","0","0","0","0","0","0","0","0","0","0","0","0","0"
"L58107","resource","hudson.slaves.SlaveComputer$LoadingCount.resource;Z","L58077","L103","C:\GIT\pris2\SourceMeter\Guille\jenkins-jenkins-2.328\core\src\main\java\hudson\slaves\SlaveComputer.java","575","9","575","40","0","0","0","0","0","0","0","0","0","0","0","0","0","0","0","0","0","0","0","0","0","0","0","0"
"L58115","resource","hudson.slaves.SlaveComputer$LoadingTime.resource;Z","L58093","L103","C:\GIT\pris2\SourceMeter\Guille\jenkins-jenkins-2.328\core\src\main\java\hudson\slaves\SlaveComputer.java","601","9","601","40","0","0","0","0","0","0","0","0","0","0","0","0","0","0","0","0","0","0","0","0","0","0","0","0"
"L58239","serialVersionUID","hudson.slaves.SlaveComputer$AbsolutePath.serialVersionUID;J","L58145","L103","C:\GIT\pris2\SourceMeter\Guille\jenkins-jenkins-2.328\core\src\main\java\hudson\slaves\SlaveComputer.java","1017","9","1017","57","0","0","0","0","0","0","0","0","0","0","0","0","0","0","0","0","0","0","0","0","0","0","0","0"
"L58240","relativePath","hudson.slaves.SlaveComputer$AbsolutePath.relativePath;Ljava/lang/String;","L58145","L103","C:\GIT\pris2\SourceMeter\Guille\jenkins-jenkins-2.328\core\src\main\java\hudson\slaves\SlaveComputer.java","1019","9","1019","43","0","0","0","0","0","0","0","0","0","0","0","0","0","0","0","0","0","0","0","0","0","0","0","0"
"L58248","SLAVE_LOG_HANDLER","hudson.slaves.SlaveComputer$LogHolder.SLAVE_LOG_HANDLER;Lhudson/util/RingBufferLogHandler;","L58245","L103","C:\GIT\pris2\SourceMeter\Guille\jenkins-jenkins-2.328\core\src\main\java\hudson\slaves\SlaveComputer.java","1046","9","1046","55","0","0","0","0","0","0","0","0","0","0","0","0","0","0","0","0","0","0","0","0","0","0","0","0"
"L58250","ringBufferSize","hudson.slaves.SlaveComputer$SlaveInitializer.ringBufferSize;I","L58150","L103","C:\GIT\pris2\SourceMeter\Guille\jenkins-jenkins-2.328\core\src\main\java\hudson\slaves\SlaveComputer.java","1050","9","1050","34","0","0","0","0","0","0","0","0","0","0","0","0","0","0","0","0","0","0","0","0","0","0","0","0"
"L58259","serialVersionUID","hudson.slaves.SlaveComputer$SlaveInitializer.serialVersionUID;J","L58150","L103","C:\GIT\pris2\SourceMeter\Guille\jenkins-jenkins-2.328\core\src\main\java\hudson\slaves\SlaveComputer.java","1086","9","1086","57","0","0","0","0","0","0","0","0","0","0","0","0","0","0","0","0","0","0","0","0","0","0","0","0"
"L58255","LOGGER","hudson.slaves.SlaveComputer$SlaveInitializer.LOGGER;Ljava/util/logging/Logger;","L58150","L103","C:\GIT\pris2\SourceMeter\Guille\jenkins-jenkins-2.328\core\src\main\java\hudson\slaves\SlaveComputer.java","1087","9","1087","67","0","0","0","0","0","0","0","0","0","0","0","0","0","0","0","0","0","0","0","0","0","0","0","0"
"L58283","holder","hudson.slaves.WorkspaceList$Entry.holder;Ljava/lang/Thread;","L58281","L103","C:\GIT\pris2\SourceMeter\Guille\jenkins-jenkins-2.328\core\src\main\java\hudson\slaves\WorkspaceList.java","64","9","64","61","0","0","0","0","0","0","0","0","0","0","0","0","0","0","0","0","0","0","0","0","0","0","0","0"
"L58285","time","hudson.slaves.WorkspaceList$Entry.time;J","L58281","L103","C:\GIT\pris2\SourceMeter\Guille\jenkins-jenkins-2.328\core\src\main\java\hudson\slaves\WorkspaceList.java","69","9","69","61","0","0","0","0","0","0","0","0","0","0","0","0","0","0","0","0","0","0","0","0","0","0","0","0"
"L58287","source","hudson.slaves.WorkspaceList$Entry.source;Ljava/lang/Exception;","L58281","L103","C:\GIT\pris2\SourceMeter\Guille\jenkins-jenkins-2.328\core\src\main\java\hudson\slaves\WorkspaceList.java","74","9","74","60","0","0","0","0","0","0","0","0","0","0","0","0","0","0","0","0","0","0","0","0","0","0","0","0"
"L58291","quick","hudson.slaves.WorkspaceList$Entry.quick;Z","L58281","L103","C:\GIT\pris2\SourceMeter\Guille\jenkins-jenkins-2.328\core\src\main\java\hudson\slaves\WorkspaceList.java","80","9","80","36","0","0","0","0","0","0","0","0","0","0","0","0","0","0","0","0","0","0","0","0","0","0","0","0"
"L58293","path","hudson.slaves.WorkspaceList$Entry.path;Lhudson/FilePath;","L58281","L103","C:\GIT\pris2\SourceMeter\Guille\jenkins-jenkins-2.328\core\src\main\java\hudson\slaves\WorkspaceList.java","82","9","82","45","0","0","0","0","0","0","0","0","0","0","0","0","0","0","0","0","0","0","0","0","0","0","0","0"
"L58294","context","hudson.slaves.WorkspaceList$Entry.context;Ljava/lang/Object;","L58281","L103","C:\GIT\pris2\SourceMeter\Guille\jenkins-jenkins-2.328\core\src\main\java\hudson\slaves\WorkspaceList.java","87","9","87","37","0","0","0","0","0","0","0","0","0","0","0","0","0","0","0","0","0","0","0","0","0","0","0","0"
"L58296","lockCount","hudson.slaves.WorkspaceList$Entry.lockCount;I","L58281","L103","C:\GIT\pris2\SourceMeter\Guille\jenkins-jenkins-2.328\core\src\main\java\hudson\slaves\WorkspaceList.java","89","9","89","34","0","0","0","0","0","0","0","0","0","0","0","0","0","0","0","0","0","0","0","0","0","0","0","0"
"L25975","path","hudson.slaves.WorkspaceList$Lease.path;Lhudson/FilePath;","L25901","L103","C:\GIT\pris2\SourceMeter\Guille\jenkins-jenkins-2.328\core\src\main\java\hudson\slaves\WorkspaceList.java","114","9","114","45","0","0","0","0","0","0","0","0","0","0","0","0","0","0","0","0","0","0","0","0","0","0","0","0"
"L58641","offlined","hudson.slaves.JNLPLauncherTest$ListenerImpl.offlined;I","L58638","L103","C:\GIT\pris2\SourceMeter\Guille\jenkins-jenkins-2.328\test\src\test\java\hudson\slaves\JNLPLauncherTest.java","188","9","188","26","0","0","0","0","0","0","0","0","0","0","0","0","0","0","0","0","0","0","0","0","0","0","0","0"
"L58694","serialVersionUID","hudson.slaves.JNLPLauncherTest$NoopTask.serialVersionUID;J","L58681","L103","C:\GIT\pris2\SourceMeter\Guille\jenkins-jenkins-2.328\test\src\test\java\hudson\slaves\JNLPLauncherTest.java","285","9","285","57","0","0","0","0","0","0","0","0","0","0","0","0","0","0","0","0","0","0","0","0","0","0","0","0"
"L58764","reconfigured","hudson.slaves.NodePropertyTest$InvisibleProperty.reconfigured;Z","L58759","L103","C:\GIT\pris2\SourceMeter\Guille\jenkins-jenkins-2.328\test\src\test\java\hudson\slaves\NodePropertyTest.java","52","9","52","38","0","0","0","0","0","0","0","0","0","0","0","0","0","0","0","0","0","0","0","0","0","0","0","0"
"L58775","name","hudson.slaves.NodePropertyTest$PropertyImpl.name;Ljava/lang/String;","L58772","L103","C:\GIT\pris2\SourceMeter\Guille\jenkins-jenkins-2.328\test\src\test\java\hudson\slaves\NodePropertyTest.java","82","9","82","28","0","0","0","0","0","0","0","0","0","0","0","0","0","0","0","0","0","0","0","0","0","0","0","0"
"L58787","counter","hudson.slaves.NodeProvisionerTest$Latch.counter;Ljava/util/concurrent/CountDownLatch;","L58785","L103","C:\GIT\pris2\SourceMeter\Guille\jenkins-jenkins-2.328\test\src\test\java\hudson\slaves\NodeProvisionerTest.java","68","9","68","45","0","0","0","0","0","0","0","0","0","0","0","0","0","0","0","0","0","0","0","0","0","0","0","0"
"L58789","init","hudson.slaves.NodeProvisionerTest$Latch.init;I","L58785","L103","C:\GIT\pris2\SourceMeter\Guille\jenkins-jenkins-2.328\test\src\test\java\hudson\slaves\NodeProvisionerTest.java","69","9","69","32","0","0","0","0","0","0","0","0","0","0","0","0","0","0","0","0","0","0","0","0","0","0","0","0"
"L58875","onOnlineCount","hudson.slaves.SlaveComputerTest$IOExceptionOnOnlineListener.onOnlineCount;I","L58879","L103","C:\GIT\pris2\SourceMeter\Guille\jenkins-jenkins-2.328\test\src\test\java\hudson\slaves\SlaveComputerTest.java","122","9","122","38","0","0","0","0","0","0","0","0","0","0","0","0","0","0","0","0","0","0","0","0","0","0","0","0"
"L58877","onOnlineCount","hudson.slaves.SlaveComputerTest$RuntimeExceptionOnOnlineListener.onOnlineCount;I","L58882","L103","C:\GIT\pris2\SourceMeter\Guille\jenkins-jenkins-2.328\test\src\test\java\hudson\slaves\SlaveComputerTest.java","136","9","136","38","0","0","0","0","0","0","0","0","0","0","0","0","0","0","0","0","0","0","0","0","0","0","0","0"
"L58894","onOnlineCount","hudson.slaves.SlaveComputerTest$ErrorOnOnlineListener.onOnlineCount;I","L58896","L103","C:\GIT\pris2\SourceMeter\Guille\jenkins-jenkins-2.328\test\src\test\java\hudson\slaves\SlaveComputerTest.java","170","9","170","47","0","0","0","0","0","0","0","0","0","0","0","0","0","0","0","0","0","0","0","0","0","0","0","0"
"L58969","PATTERN","hudson.tasks._maven.Maven3MojoNote.PATTERN;Ljava/util/regex/Pattern;","L58959","L103","C:\GIT\pris2\SourceMeter\Guille\jenkins-jenkins-2.328\core\src\main\java\hudson\tasks\_maven\Maven3MojoNote.java","69","5","69","117","0","0","0","0","0","0","0","0","0","0","0","0","0","0","0","0","0","0","0","0","0","0","0","0"
"L58972","charset","hudson.tasks._maven.MavenConsoleAnnotator.charset;Ljava/nio/charset/Charset;","L58970","L103","C:\GIT\pris2\SourceMeter\Guille\jenkins-jenkins-2.328\core\src\main\java\hudson\tasks\_maven\MavenConsoleAnnotator.java","40","5","40","35","0","0","0","0","0","0","0","0","0","0","0","0","0","0","0","0","0","0","0","0","0","0","0","0"
"L59001","PATTERN","hudson.tasks._maven.MavenErrorNote.PATTERN;Ljava/util/regex/Pattern;","L59003","L103","C:\GIT\pris2\SourceMeter\Guille\jenkins-jenkins-2.328\core\src\main\java\hudson\tasks\_maven\MavenErrorNote.java","56","5","56","75","0","0","0","0","0","0","0","0","0","0","0","0","0","0","0","0","0","0","0","0","0","0","0","0"
"L58983","PATTERN","hudson.tasks._maven.MavenMojoNote.PATTERN;Ljava/util/regex/Pattern;","L58985","L103","C:\GIT\pris2\SourceMeter\Guille\jenkins-jenkins-2.328\core\src\main\java\hudson\tasks\_maven\MavenMojoNote.java","61","5","61","141","0","0","0","0","0","0","0","0","0","0","0","0","0","0","0","0","0","0","0","0","0","0","0","0"
"L58994","PATTERN","hudson.tasks._maven.MavenWarningNote.PATTERN;Ljava/util/regex/Pattern;","L58996","L103","C:\GIT\pris2\SourceMeter\Guille\jenkins-jenkins-2.328\core\src\main\java\hudson\tasks\_maven\MavenWarningNote.java","58","5","58","77","0","0","0","0","0","0","0","0","0","0","0","0","0","0","0","0","0","0","0","0","0","0","0","0"
"L59157","serialVersionUID","hudson.tasks.ArtifactArchiver$ListFiles.serialVersionUID;J","L59132","L103","C:\GIT\pris2\SourceMeter\Guille\jenkins-jenkins-2.328\core\src\main\java\hudson\tasks\ArtifactArchiver.java","295","9","295","56","0","0","0","0","0","0","0","0","0","0","0","0","0","0","0","0","0","0","0","0","0","0","0","0"
"L59158","includes","hudson.tasks.ArtifactArchiver$ListFiles.includes;Ljava/lang/String;","L59132","L103","C:\GIT\pris2\SourceMeter\Guille\jenkins-jenkins-2.328\core\src\main\java\hudson\tasks\ArtifactArchiver.java","296","9","296","39","0","0","0","0","0","0","0","0","0","0","0","0","0","0","0","0","0","0","0","0","0","0","0","0"
"L59159","excludes","hudson.tasks.ArtifactArchiver$ListFiles.excludes;Ljava/lang/String;","L59132","L103","C:\GIT\pris2\SourceMeter\Guille\jenkins-jenkins-2.328\core\src\main\java\hudson\tasks\ArtifactArchiver.java","296","9","296","49","0","0","0","0","0","0","0","0","0","0","0","0","0","0","0","0","0","0","0","0","0","0","0","0"
"L59160","defaultExcludes","hudson.tasks.ArtifactArchiver$ListFiles.defaultExcludes;Z","L59132","L103","C:\GIT\pris2\SourceMeter\Guille\jenkins-jenkins-2.328\core\src\main\java\hudson\tasks\ArtifactArchiver.java","297","9","297","47","0","0","0","0","0","0","0","0","0","0","0","0","0","0","0","0","0","0","0","0","0","0","0","0"
"L59161","caseSensitive","hudson.tasks.ArtifactArchiver$ListFiles.caseSensitive;Z","L59132","L103","C:\GIT\pris2\SourceMeter\Guille\jenkins-jenkins-2.328\core\src\main\java\hudson\tasks\ArtifactArchiver.java","298","9","298","45","0","0","0","0","0","0","0","0","0","0","0","0","0","0","0","0","0","0","0","0","0","0","0","0"
"L59162","followSymlinks","hudson.tasks.ArtifactArchiver$ListFiles.followSymlinks;Z","L59132","L103","C:\GIT\pris2\SourceMeter\Guille\jenkins-jenkins-2.328\core\src\main\java\hudson\tasks\ArtifactArchiver.java","299","9","299","46","0","0","0","0","0","0","0","0","0","0","0","0","0","0","0","0","0","0","0","0","0","0","0","0"
"L59325","core","hudson.tasks.BuildStep$PublisherList.core;Lhudson/util/DescriptorList;","L59318","L103","C:\GIT\pris2\SourceMeter\Guille\jenkins-jenkins-2.328\core\src\main\java\hudson\tasks\BuildStep.java","261","9","261","94","0","0","0","0","0","0","0","0","0","0","0","0","0","0","0","0","0","0","0","0","0","0","0","0"
"L59330","KIND","hudson.tasks.BuildStep$PublisherList.KIND;Ljava/util/WeakHashMap;","L59318","L103","C:\GIT\pris2\SourceMeter\Guille\jenkins-jenkins-2.328\core\src\main\java\hudson\tasks\BuildStep.java","267","21","268","44","0","0","0","0","0","0","0","0","0","0","0","0","0","0","0","0","0","0","0","0","0","0","0","0"
"L59794","produced","hudson.tasks.Fingerprinter$Record.produced;Z","L59793","L103","C:\GIT\pris2\SourceMeter\Guille\jenkins-jenkins-2.328\core\src\main\java\hudson\tasks\Fingerprinter.java","257","9","257","32","0","0","0","0","0","0","0","0","0","0","0","0","0","0","0","0","0","0","0","0","0","0","0","0"
"L59795","relativePath","hudson.tasks.Fingerprinter$Record.relativePath;Ljava/lang/String;","L59793","L103","C:\GIT\pris2\SourceMeter\Guille\jenkins-jenkins-2.328\core\src\main\java\hudson\tasks\Fingerprinter.java","258","9","258","35","0","0","0","0","0","0","0","0","0","0","0","0","0","0","0","0","0","0","0","0","0","0","0","0"
"L59796","fileName","hudson.tasks.Fingerprinter$Record.fileName;Ljava/lang/String;","L59793","L103","C:\GIT\pris2\SourceMeter\Guille\jenkins-jenkins-2.328\core\src\main\java\hudson\tasks\Fingerprinter.java","259","9","259","31","0","0","0","0","0","0","0","0","0","0","0","0","0","0","0","0","0","0","0","0","0","0","0","0"
"L59797","md5sum","hudson.tasks.Fingerprinter$Record.md5sum;Ljava/lang/String;","L59793","L103","C:\GIT\pris2\SourceMeter\Guille\jenkins-jenkins-2.328\core\src\main\java\hudson\tasks\Fingerprinter.java","260","9","260","29","0","0","0","0","0","0","0","0","0","0","0","0","0","0","0","0","0","0","0","0","0","0","0","0"
"L59812","serialVersionUID","hudson.tasks.Fingerprinter$Record.serialVersionUID;J","L59793","L103","C:\GIT\pris2\SourceMeter\Guille\jenkins-jenkins-2.328\core\src\main\java\hudson\tasks\Fingerprinter.java","274","9","274","57","0","0","0","0","0","0","0","0","0","0","0","0","0","0","0","0","0","0","0","0","0","0","0","0"
"L59822","targets","hudson.tasks.Fingerprinter$FindRecords.targets;Ljava/lang/String;","L59813","L103","C:\GIT\pris2\SourceMeter\Guille\jenkins-jenkins-2.328\core\src\main\java\hudson\tasks\Fingerprinter.java","279","9","279","38","0","0","0","0","0","0","0","0","0","0","0","0","0","0","0","0","0","0","0","0","0","0","0","0"
"L59823","excludes","hudson.tasks.Fingerprinter$FindRecords.excludes;Ljava/lang/String;","L59813","L103","C:\GIT\pris2\SourceMeter\Guille\jenkins-jenkins-2.328\core\src\main\java\hudson\tasks\Fingerprinter.java","280","9","280","39","0","0","0","0","0","0","0","0","0","0","0","0","0","0","0","0","0","0","0","0","0","0","0","0"
"L59824","defaultExcludes","hudson.tasks.Fingerprinter$FindRecords.defaultExcludes;Z","L59813","L103","C:\GIT\pris2\SourceMeter\Guille\jenkins-jenkins-2.328\core\src\main\java\hudson\tasks\Fingerprinter.java","281","9","281","47","0","0","0","0","0","0","0","0","0","0","0","0","0","0","0","0","0","0","0","0","0","0","0","0"
"L59825","caseSensitive","hudson.tasks.Fingerprinter$FindRecords.caseSensitive;Z","L59813","L103","C:\GIT\pris2\SourceMeter\Guille\jenkins-jenkins-2.328\core\src\main\java\hudson\tasks\Fingerprinter.java","282","9","282","45","0","0","0","0","0","0","0","0","0","0","0","0","0","0","0","0","0","0","0","0","0","0","0","0"
"L59826","buildTimestamp","hudson.tasks.Fingerprinter$FindRecords.buildTimestamp;J","L59813","L103","C:\GIT\pris2\SourceMeter\Guille\jenkins-jenkins-2.328\core\src\main\java\hudson\tasks\Fingerprinter.java","283","9","283","43","0","0","0","0","0","0","0","0","0","0","0","0","0","0","0","0","0","0","0","0","0","0","0","0"
"L59871","build","hudson.tasks.Fingerprinter$FingerprintAction.build;Lhudson/model/Run;","L26283","L103","C:\GIT\pris2\SourceMeter\Guille\jenkins-jenkins-2.328\core\src\main\java\hudson\tasks\Fingerprinter.java","367","9","367","37","0","0","0","0","0","0","0","0","0","0","0","0","0","0","0","0","0","0","0","0","0","0","0","0"
"L59872","record","hudson.tasks.Fingerprinter$FingerprintAction.record;Lhudson/util/PackedMap;","L26283","L103","C:\GIT\pris2\SourceMeter\Guille\jenkins-jenkins-2.328\core\src\main\java\hudson\tasks\Fingerprinter.java","372","9","372","67","0","0","0","0","0","0","0","0","0","0","0","0","0","0","0","0","0","0","0","0","0","0","0","0"
"L59874","ref","hudson.tasks.Fingerprinter$FingerprintAction.ref;Ljava/lang/ref/WeakReference;","L26283","L103","C:\GIT\pris2\SourceMeter\Guille\jenkins-jenkins-2.328\core\src\main\java\hudson\tasks\Fingerprinter.java","374","9","374","71","0","0","0","0","0","0","0","0","0","0","0","0","0","0","0","0","0","0","0","0","0","0","0","0"
"L59919","serialVersionUID","hudson.tasks.LogRotator$CollatedLogRotatorException.serialVersionUID;J","L59917","L103","C:\GIT\pris2\SourceMeter\Guille\jenkins-jenkins-2.328\core\src\main\java\hudson\tasks\LogRotator.java","67","9","67","75","0","0","0","0","0","0","0","0","0","0","0","0","0","0","0","0","0","0","0","0","0","0","0","0"
"L59920","collated","hudson.tasks.LogRotator$CollatedLogRotatorException.collated;Ljava/util/Collection;","L59917","L103","C:\GIT\pris2\SourceMeter\Guille\jenkins-jenkins-2.328\core\src\main\java\hudson\tasks\LogRotator.java","69","9","69","53","0","0","0","0","0","0","0","0","0","0","0","0","0","0","0","0","0","0","0","0","0","0","0","0"
"L60119","serialVersionUID","hudson.tasks.Maven$DecideDefaultMavenCommand.serialVersionUID;J","L60117","L103","C:\GIT\pris2\SourceMeter\Guille\jenkins-jenkins-2.328\core\src\main\java\hudson\tasks\Maven.java","253","9","253","76","0","0","0","0","0","0","0","0","0","0","0","0","0","0","0","0","0","0","0","0","0","0","0","0"
"L60120","arguments","hudson.tasks.Maven$DecideDefaultMavenCommand.arguments;Ljava/lang/String;","L60117","L103","C:\GIT\pris2\SourceMeter\Guille\jenkins-jenkins-2.328\core\src\main\java\hudson\tasks\Maven.java","255","9","255","40","0","0","0","0","0","0","0","0","0","0","0","0","0","0","0","0","0","0","0","0","0","0","0","0"
"L60179","installations","hudson.tasks.Maven$DescriptorImpl.installations;[Lhudson/tasks/Maven$MavenInstallation;","L60173","L103","C:\GIT\pris2\SourceMeter\Guille\jenkins-jenkins-2.328\core\src\main\java\hudson\tasks\Maven.java","430","9","431","87","0","0","0","0","0","0","0","0","0","0","0","0","0","0","0","0","0","0","0","0","0","0","0","0"
"L60211","MAVEN_20","hudson.tasks.Maven$MavenInstallation.MAVEN_20;I","L36894","L103","C:\GIT\pris2\SourceMeter\Guille\jenkins-jenkins-2.328\core\src\main\java\hudson\tasks\Maven.java","499","9","499","46","0","0","0","0","0","0","0","0","0","0","0","0","0","0","0","0","0","0","0","0","0","0","0","0"
"L60213","MAVEN_21","hudson.tasks.Maven$MavenInstallation.MAVEN_21;I","L36894","L103","C:\GIT\pris2\SourceMeter\Guille\jenkins-jenkins-2.328\core\src\main\java\hudson\tasks\Maven.java","500","9","500","46","0","0","0","0","0","0","0","0","0","0","0","0","0","0","0","0","0","0","0","0","0","0","0","0"
"L60214","MAVEN_30","hudson.tasks.Maven$MavenInstallation.MAVEN_30;I","L36894","L103","C:\GIT\pris2\SourceMeter\Guille\jenkins-jenkins-2.328\core\src\main\java\hudson\tasks\Maven.java","501","9","501","46","0","0","0","0","0","0","0","0","0","0","0","0","0","0","0","0","0","0","0","0","0","0","0","0"
"L60215","mavenHome","hudson.tasks.Maven$MavenInstallation.mavenHome;Ljava/lang/String;","L36894","L103","C:\GIT\pris2\SourceMeter\Guille\jenkins-jenkins-2.328\core\src\main\java\hudson\tasks\Maven.java","507","9","508","44","0","0","0","0","0","0","0","0","0","0","0","0","0","0","0","0","0","0","0","0","0","0","0","0"
"L60272","serialVersionUID","hudson.tasks.Maven$MavenInstallation.serialVersionUID;J","L36894","L103","C:\GIT\pris2\SourceMeter\Guille\jenkins-jenkins-2.328\core\src\main\java\hudson\tasks\Maven.java","673","9","673","57","0","0","0","0","0","0","0","0","0","0","0","0","0","0","0","0","0","0","0","0","0","0","0","0"
"L60398","shell","hudson.tasks.Shell$DescriptorImpl.shell;Ljava/lang/String;","L60391","L103","C:\GIT\pris2\SourceMeter\Guille\jenkins-jenkins-2.328\core\src\main\java\hudson\tasks\Shell.java","154","9","154","30","0","0","0","0","0","0","0","0","0","0","0","0","0","0","0","0","0","0","0","0","0","0","0","0"
"L60608","code","hudson.tasks.BatchFileTest$ReturnCodeFakeLauncher.code;I","L60606","L103","C:\GIT\pris2\SourceMeter\Guille\jenkins-jenkins-2.328\test\src\test\java\hudson\tasks\BatchFileTest.java","45","9","45","24","0","0","0","0","0","0","0","0","0","0","0","0","0","0","0","0","0","0","0","0","0","0","0","0"
"L60709","us","hudson.tasks.BuildTriggerTest$AssertTriggerBuildCompleted.us;Lhudson/model/FreeStyleProject;","L60679","L103","C:\GIT\pris2\SourceMeter\Guille\jenkins-jenkins-2.328\test\src\test\java\hudson\tasks\BuildTriggerTest.java","345","9","345","43","0","0","0","0","0","0","0","0","0","0","0","0","0","0","0","0","0","0","0","0","0","0","0","0"
"L60710","wc","hudson.tasks.BuildTriggerTest$AssertTriggerBuildCompleted.wc;LWebClient;","L60679","L103","C:\GIT\pris2\SourceMeter\Guille\jenkins-jenkins-2.328\test\src\test\java\hudson\tasks\BuildTriggerTest.java","346","9","346","36","0","0","0","0","0","0","0","0","0","0","0","0","0","0","0","0","0","0","0","0","0","0","0","0"
"L60846","syncBuildNumber","hudson.tasks.LogRotatorTest$StallBuilder.syncBuildNumber;I","L45078","L103","C:\GIT\pris2\SourceMeter\Guille\jenkins-jenkins-2.328\test\src\test\java\hudson\tasks\LogRotatorTest.java","228","9","228","37","0","0","0","0","0","0","0","0","0","0","0","0","0","0","0","0","0","0","0","0","0","0","0","0"
"L60847","syncLock","hudson.tasks.LogRotatorTest$StallBuilder.syncLock;Ljava/lang/Object;","L45078","L103","C:\GIT\pris2\SourceMeter\Guille\jenkins-jenkins-2.328\test\src\test\java\hudson\tasks\LogRotatorTest.java","230","9","230","54","0","0","0","0","0","0","0","0","0","0","0","0","0","0","0","0","0","0","0","0","0","0","0","0"
"L60848","waitBuildNumber","hudson.tasks.LogRotatorTest$StallBuilder.waitBuildNumber;I","L45078","L103","C:\GIT\pris2\SourceMeter\Guille\jenkins-jenkins-2.328\test\src\test\java\hudson\tasks\LogRotatorTest.java","232","9","232","37","0","0","0","0","0","0","0","0","0","0","0","0","0","0","0","0","0","0","0","0","0","0","0","0"
"L60849","waitLock","hudson.tasks.LogRotatorTest$StallBuilder.waitLock;Ljava/lang/Object;","L45078","L103","C:\GIT\pris2\SourceMeter\Guille\jenkins-jenkins-2.328\test\src\test\java\hudson\tasks\LogRotatorTest.java","234","9","234","54","0","0","0","0","0","0","0","0","0","0","0","0","0","0","0","0","0","0","0","0","0","0","0","0"
"L60850","archiver","hudson.tasks.LogRotatorTest$StallBuilder.archiver;Lhudson/tasks/ArtifactArchiver;","L45078","L103","C:\GIT\pris2\SourceMeter\Guille\jenkins-jenkins-2.328\test\src\test\java\hudson\tasks\LogRotatorTest.java","236","9","236","77","0","0","0","0","0","0","0","0","0","0","0","0","0","0","0","0","0","0","0","0","0","0","0","0"
"L60952","code","hudson.tasks.ShellTest$ReturnCodeFakeLauncher.code;I","L60950","L103","C:\GIT\pris2\SourceMeter\Guille\jenkins-jenkins-2.328\test\src\test\java\hudson\tasks\ShellTest.java","84","9","84","24","0","0","0","0","0","0","0","0","0","0","0","0","0","0","0","0","0","0","0","0","0","0","0","0"
"L61428","list","hudson.tools.DownloadFromUrlInstaller$InstallableList.list;[Lhudson/tools/DownloadFromUrlInstaller$Installable;","L61425","L103","C:\GIT\pris2\SourceMeter\Guille\jenkins-jenkins-2.328\core\src\main\java\hudson\tools\DownloadFromUrlInstaller.java","230","9","230","56","0","0","0","0","0","0","0","0","0","0","0","0","0","0","0","0","0","0","0","0","0","0","0","0"
"L61343","id","hudson.tools.DownloadFromUrlInstaller$Installable.id;Ljava/lang/String;","L61336","L103","C:\GIT\pris2\SourceMeter\Guille\jenkins-jenkins-2.328\core\src\main\java\hudson\tools\DownloadFromUrlInstaller.java","240","9","240","26","0","0","0","0","0","0","0","0","0","0","0","0","0","0","0","0","0","0","0","0","0","0","0","0"
"L61437","name","hudson.tools.DownloadFromUrlInstaller$Installable.name;Ljava/lang/String;","L61336","L103","C:\GIT\pris2\SourceMeter\Guille\jenkins-jenkins-2.328\core\src\main\java\hudson\tools\DownloadFromUrlInstaller.java","244","9","244","28","0","0","0","0","0","0","0","0","0","0","0","0","0","0","0","0","0","0","0","0","0","0","0","0"
"L61339","url","hudson.tools.DownloadFromUrlInstaller$Installable.url;Ljava/lang/String;","L61336","L103","C:\GIT\pris2\SourceMeter\Guille\jenkins-jenkins-2.328\core\src\main\java\hudson\tools\DownloadFromUrlInstaller.java","248","9","248","27","0","0","0","0","0","0","0","0","0","0","0","0","0","0","0","0","0","0","0","0","0","0","0","0"
"L61401","list","hudson.tools.ToolInstaller$ToolInstallerList.list;[Lhudson/tools/ToolInstaller$ToolInstallerEntry;","L61394","L103","C:\GIT\pris2\SourceMeter\Guille\jenkins-jenkins-2.328\core\src\main\java\hudson\tools\ToolInstaller.java","141","9","141","43","0","0","0","0","0","0","0","0","0","0","0","0","0","0","0","0","0","0","0","0","0","0","0","0"
"L61403","id","hudson.tools.ToolInstaller$ToolInstallerEntry.id;Ljava/lang/String;","L61397","L103","C:\GIT\pris2\SourceMeter\Guille\jenkins-jenkins-2.328\core\src\main\java\hudson\tools\ToolInstaller.java","149","9","149","26","0","0","0","0","0","0","0","0","0","0","0","0","0","0","0","0","0","0","0","0","0","0","0","0"
"L61405","name","hudson.tools.ToolInstaller$ToolInstallerEntry.name;Ljava/lang/String;","L61397","L103","C:\GIT\pris2\SourceMeter\Guille\jenkins-jenkins-2.328\core\src\main\java\hudson\tools\ToolInstaller.java","153","9","153","28","0","0","0","0","0","0","0","0","0","0","0","0","0","0","0","0","0","0","0","0","0","0","0","0"
"L61407","url","hudson.tools.ToolInstaller$ToolInstallerEntry.url;Ljava/lang/String;","L61397","L103","C:\GIT\pris2\SourceMeter\Guille\jenkins-jenkins-2.328\core\src\main\java\hudson\tools\ToolInstaller.java","157","9","157","27","0","0","0","0","0","0","0","0","0","0","0","0","0","0","0","0","0","0","0","0","0","0","0","0"
"L61813","type","hudson.tools.ToolLocationNodeProperty$ToolLocation.type;Ljava/lang/String;","L61769","L103","C:\GIT\pris2\SourceMeter\Guille\jenkins-jenkins-2.328\core\src\main\java\hudson\tools\ToolLocationNodeProperty.java","142","9","142","35","0","0","0","0","0","0","0","0","0","0","0","0","0","0","0","0","0","0","0","0","0","0","0","0"
"L61814","name","hudson.tools.ToolLocationNodeProperty$ToolLocation.name;Ljava/lang/String;","L61769","L103","C:\GIT\pris2\SourceMeter\Guille\jenkins-jenkins-2.328\core\src\main\java\hudson\tools\ToolLocationNodeProperty.java","144","9","144","35","0","0","0","0","0","0","0","0","0","0","0","0","0","0","0","0","0","0","0","0","0","0","0","0"
"L61815","home","hudson.tools.ToolLocationNodeProperty$ToolLocation.home;Ljava/lang/String;","L61769","L103","C:\GIT\pris2\SourceMeter\Guille\jenkins-jenkins-2.328\core\src\main\java\hudson\tools\ToolLocationNodeProperty.java","146","9","146","35","0","0","0","0","0","0","0","0","0","0","0","0","0","0","0","0","0","0","0","0","0","0","0","0"
"L61816","descriptor","hudson.tools.ToolLocationNodeProperty$ToolLocation.descriptor;Lhudson/tools/ToolDescriptor;","L61769","L103","C:\GIT\pris2\SourceMeter\Guille\jenkins-jenkins-2.328\core\src\main\java\hudson\tools\ToolLocationNodeProperty.java","148","9","148","62","0","0","0","0","0","0","0","0","0","0","0","0","0","0","0","0","0","0","0","0","0","0","0","0"
"L61890","serialVersionUID","hudson.tools.ZipExtractionInstaller$ChmodRecAPlusX.serialVersionUID;J","L61363","L103","C:\GIT\pris2\SourceMeter\Guille\jenkins-jenkins-2.328\core\src\main\java\hudson\tools\ZipExtractionInstaller.java","127","9","127","57","0","0","0","0","0","0","0","0","0","0","0","0","0","0","0","0","0","0","0","0","0","0","0","0"
"L61965","storedRequests","hudson.tools.ZipExtractionInstallerTest$SpyingJavaScriptEngine.storedRequests;Ljava/util/List;","L61955","L103","C:\GIT\pris2\SourceMeter\Guille\jenkins-jenkins-2.328\test\src\test\java\hudson\tools\ZipExtractionInstallerTest.java","140","9","140","73","0","0","0","0","0","0","0","0","0","0","0","0","0","0","0","0","0","0","0","0","0","0","0","0"
"L61966","urlToMatch","hudson.tools.ZipExtractionInstallerTest$SpyingJavaScriptEngine.urlToMatch;Ljava/lang/String;","L61955","L103","C:\GIT\pris2\SourceMeter\Guille\jenkins-jenkins-2.328\test\src\test\java\hudson\tools\ZipExtractionInstallerTest.java","141","9","141","35","0","0","0","0","0","0","0","0","0","0","0","0","0","0","0","0","0","0","0","0","0","0","0","0"
"L61967","method","hudson.tools.ZipExtractionInstallerTest$SpyingJavaScriptEngine.method;LHttpMethod;","L61955","L103","C:\GIT\pris2\SourceMeter\Guille\jenkins-jenkins-2.328\test\src\test\java\hudson\tools\ZipExtractionInstallerTest.java","142","9","142","35","0","0","0","0","0","0","0","0","0","0","0","0","0","0","0","0","0","0","0","0","0","0","0","0"
"L62064","queue","hudson.triggers.SCMTrigger$DescriptorImpl.queue;Lhudson/util/SequentialExecutionQueue;","L62052","L103","C:\GIT\pris2\SourceMeter\Guille\jenkins-jenkins-2.328\core\src\main\java\hudson\triggers\SCMTrigger.java","232","9","232","147","0","0","0","0","0","0","0","0","0","0","0","0","0","0","0","0","0","0","0","0","0","0","0","0"
"L62059","synchronousPolling","hudson.triggers.SCMTrigger$DescriptorImpl.synchronousPolling;Z","L62052","L103","C:\GIT\pris2\SourceMeter\Guille\jenkins-jenkins-2.328\core\src\main\java\hudson\triggers\SCMTrigger.java","238","9","238","51","0","0","0","0","0","0","0","0","0","0","0","0","0","0","0","0","0","0","0","0","0","0","0","0"
"L62089","maximumThreads","hudson.triggers.SCMTrigger$DescriptorImpl.maximumThreads;I","L62052","L103","C:\GIT\pris2\SourceMeter\Guille\jenkins-jenkins-2.328\core\src\main\java\hudson\triggers\SCMTrigger.java","243","9","243","41","0","0","0","0","0","0","0","0","0","0","0","0","0","0","0","0","0","0","0","0","0","0","0","0"
"L62091","THREADS_LOWER_BOUND","hudson.triggers.SCMTrigger$DescriptorImpl.THREADS_LOWER_BOUND;I","L62052","L103","C:\GIT\pris2\SourceMeter\Guille\jenkins-jenkins-2.328\core\src\main\java\hudson\triggers\SCMTrigger.java","245","9","245","58","0","0","0","0","0","0","0","0","0","0","0","0","0","0","0","0","0","0","0","0","0","0","0","0"
"L62092","THREADS_UPPER_BOUND","hudson.triggers.SCMTrigger$DescriptorImpl.THREADS_UPPER_BOUND;I","L62052","L103","C:\GIT\pris2\SourceMeter\Guille\jenkins-jenkins-2.328\core\src\main\java\hudson\triggers\SCMTrigger.java","246","9","246","60","0","0","0","0","0","0","0","0","0","0","0","0","0","0","0","0","0","0","0","0","0","0","0","0"
"L62093","THREADS_DEFAULT","hudson.triggers.SCMTrigger$DescriptorImpl.THREADS_DEFAULT;I","L62052","L103","C:\GIT\pris2\SourceMeter\Guille\jenkins-jenkins-2.328\core\src\main\java\hudson\triggers\SCMTrigger.java","247","9","247","55","0","0","0","0","0","0","0","0","0","0","0","0","0","0","0","0","0","0","0","0","0","0","0","0"
"L62110","on","hudson.triggers.SCMTrigger$AdministrativeMonitorImpl.on;Z","L62107","L103","C:\GIT\pris2\SourceMeter\Guille\jenkins-jenkins-2.328\core\src\main\java\hudson\triggers\SCMTrigger.java","403","9","403","28","0","0","0","0","0","0","0","0","0","0","0","0","0","0","0","0","0","0","0","0","0","0","0","0"
"L62169","run","hudson.triggers.SCMTrigger$BuildAction.run;Lhudson/model/Run;","L62167","L103","C:\GIT\pris2\SourceMeter\Guille\jenkins-jenkins-2.328\core\src\main\java\hudson\triggers\SCMTrigger.java","418","9","418","51","0","0","0","0","0","0","0","0","0","0","0","0","0","0","0","0","0","0","0","0","0","0","0","0"
"L62170","build","hudson.triggers.SCMTrigger$BuildAction.build;Lhudson/model/AbstractBuild;","L62167","L103","C:\GIT\pris2\SourceMeter\Guille\jenkins-jenkins-2.328\core\src\main\java\hudson\triggers\SCMTrigger.java","419","9","421","56","0","0","0","0","0","0","0","0","0","0","0","0","0","0","0","0","0","0","0","0","0","0","0","0"
"L62236","startTime","hudson.triggers.SCMTrigger$Runner.startTime;J","L18517","L103","C:\GIT\pris2\SourceMeter\Guille\jenkins-jenkins-2.328\core\src\main\java\hudson\triggers\SCMTrigger.java","559","9","559","41","0","0","0","0","0","0","0","0","0","0","0","0","0","0","0","0","0","0","0","0","0","0","0","0"
"L62238","additionalActions","hudson.triggers.SCMTrigger$Runner.additionalActions;[Lhudson/model/Action;","L18517","L103","C:\GIT\pris2\SourceMeter\Guille\jenkins-jenkins-2.328\core\src\main\java\hudson\triggers\SCMTrigger.java","561","9","561","44","0","0","0","0","0","0","0","0","0","0","0","0","0","0","0","0","0","0","0","0","0","0","0","0"
"L62270","pollingLog","hudson.triggers.SCMTrigger$SCMTriggerCause.pollingLog;Ljava/lang/String;","L47777","L103","C:\GIT\pris2\SourceMeter\Guille\jenkins-jenkins-2.328\core\src\main\java\hudson\triggers\SCMTrigger.java","712","9","712","35","0","0","0","0","0","0","0","0","0","0","0","0","0","0","0","0","0","0","0","0","0","0","0","0"
"L62272","run","hudson.triggers.SCMTrigger$SCMTriggerCause.run;Lhudson/model/Run;","L47777","L103","C:\GIT\pris2\SourceMeter\Guille\jenkins-jenkins-2.328\core\src\main\java\hudson\triggers\SCMTrigger.java","714","9","714","35","0","0","0","0","0","0","0","0","0","0","0","0","0","0","0","0","0","0","0","0","0","0","0","0"
"L62322","time","hudson.triggers.SlowTriggerAdminMonitor$Value.time;Ljava/time/LocalDateTime;","L62291","L103","C:\GIT\pris2\SourceMeter\Guille\jenkins-jenkins-2.328\core\src\main\java\hudson\triggers\SlowTriggerAdminMonitor.java","99","9","99","42","0","0","0","0","0","0","0","0","0","0","0","0","0","0","0","0","0","0","0","0","0","0","0","0"
"L62335","trigger","hudson.triggers.SlowTriggerAdminMonitor$Value.trigger;Ljava/lang/Class;","L62291","L103","C:\GIT\pris2\SourceMeter\Guille\jenkins-jenkins-2.328\core\src\main\java\hudson\triggers\SlowTriggerAdminMonitor.java","100","9","100","60","0","0","0","0","0","0","0","0","0","0","0","0","0","0","0","0","0","0","0","0","0","0","0","0"
"L62336","fullJobName","hudson.triggers.SlowTriggerAdminMonitor$Value.fullJobName;Ljava/lang/String;","L62291","L103","C:\GIT\pris2\SourceMeter\Guille\jenkins-jenkins-2.328\core\src\main\java\hudson\triggers\SlowTriggerAdminMonitor.java","101","9","101","42","0","0","0","0","0","0","0","0","0","0","0","0","0","0","0","0","0","0","0","0","0","0","0","0"
"L62337","duration","hudson.triggers.SlowTriggerAdminMonitor$Value.duration;J","L62291","L103","C:\GIT\pris2\SourceMeter\Guille\jenkins-jenkins-2.328\core\src\main\java\hudson\triggers\SlowTriggerAdminMonitor.java","102","9","102","37","0","0","0","0","0","0","0","0","0","0","0","0","0","0","0","0","0","0","0","0","0","0","0","0"
"L62421","cal","hudson.triggers.Trigger$Cron.cal;Ljava/util/Calendar;","L62419","L103","C:\GIT\pris2\SourceMeter\Guille\jenkins-jenkins-2.328\core\src\main\java\hudson\triggers\Trigger.java","212","9","212","62","0","0","0","0","0","0","0","0","0","0","0","0","0","0","0","0","0","0","0","0","0","0","0","0"
"L62522","RECURRENCE_PERIOD","hudson.triggers.SafeTimerTaskTest$LogSpammer.RECURRENCE_PERIOD;J","L62524","L103","C:\GIT\pris2\SourceMeter\Guille\jenkins-jenkins-2.328\test\src\test\java\hudson\triggers\SafeTimerTaskTest.java","58","9","58","58","0","0","0","0","0","0","0","0","0","0","0","0","0","0","0","0","0","0","0","0","0","0","0","0"
"L62549","myRev","hudson.triggers.SCMTriggerTest$TestSCM.myRev;I","L62536","L103","C:\GIT\pris2\SourceMeter\Guille\jenkins-jenkins-2.328\test\src\test\java\hudson\triggers\SCMTriggerTest.java","115","9","115","40","0","0","0","0","0","0","0","0","0","0","0","0","0","0","0","0","0","0","0","0","0","0","0","0"
"L62550","checkoutStarted","hudson.triggers.SCMTriggerTest$TestSCM.checkoutStarted;Lhudson/util/OneShotEvent;","L62536","L103","C:\GIT\pris2\SourceMeter\Guille\jenkins-jenkins-2.328\test\src\test\java\hudson\triggers\SCMTriggerTest.java","116","9","116","52","0","0","0","0","0","0","0","0","0","0","0","0","0","0","0","0","0","0","0","0","0","0","0","0"
"L62547","blacklist","hudson.triggers.SCMTriggerTest$PollDecisionHandlerImpl.blacklist;Ljava/util/Set;","L62544","L103","C:\GIT\pris2\SourceMeter\Guille\jenkins-jenkins-2.328\test\src\test\java\hudson\triggers\SCMTriggerTest.java","182","9","182","47","0","0","0","0","0","0","0","0","0","0","0","0","0","0","0","0","0","0","0","0","0","0","0","0"
"L62596","calls","hudson.triggers.TriggerStartTest$MockTrigger.calls;Ljava/util/List;","L62591","L103","C:\GIT\pris2\SourceMeter\Guille\jenkins-jenkins-2.328\test\src\test\java\hudson\triggers\TriggerStartTest.java","111","9","111","66","0","0","0","0","0","0","0","0","0","0","0","0","0","0","0","0","0","0","0","0","0","0","0","0"
"L62629","DESCRIPTOR","hudson.triggers.TriggerTest$MockTrigger.DESCRIPTOR;Lhudson/triggers/TriggerTest$MockTrigger$DescriptorImpl;","L62626","L103","C:\GIT\pris2\SourceMeter\Guille\jenkins-jenkins-2.328\test\src\test\java\hudson\triggers\TriggerTest.java","58","9","59","78","0","0","0","0","0","0","0","0","0","0","0","0","0","0","0","0","0","0","0","0","0","0","0","0"
"L63810","encoding","hudson.XmlFile$1Eureka.encoding;Ljava/lang/String;","L63809","L103","C:\GIT\pris2\SourceMeter\Guille\jenkins-jenkins-2.328\core\src\main\java\hudson\XmlFile.java","316","13","316","35","0","0","0","0","0","0","0","0","0","0","0","0","0","0","0","0","0","0","0","0","0","0","0","0"
"L63827","loc","hudson.XmlFile$1.loc;Lorg/xml/sax/Locator;","L63826","L103","C:\GIT\pris2\SourceMeter\Guille\jenkins-jenkins-2.328\core\src\main\java\hudson\XmlFile.java","331","17","331","37","0","0","0","0","0","0","0","0","0","0","0","0","0","0","0","0","0","0","0","0","0","0","0","0"
"L64601","oldValue","hudson.CustomPluginManagerTest$WithCustomLocalPluginManager$RuleRunnerImpl.oldValue;Ljava/lang/String;","L64591","L103","C:\GIT\pris2\SourceMeter\Guille\jenkins-jenkins-2.328\test\src\test\java\hudson\CustomPluginManagerTest.java","59","13","59","37","0","0","0","0","0","0","0","0","0","0","0","0","0","0","0","0","0","0","0","0","0","0","0","0"
"L65058","decoratorId","hudson.pages.SystemConfigurationTestCase$PageDecoratorImpl.decoratorId;Ljava/lang/String;","L65046","L103","C:\GIT\pris2\SourceMeter\Guille\jenkins-jenkins-2.328\test\src\test\java\hudson\pages\SystemConfigurationTestCase.java","70","9","70","36","0","0","0","0","0","0","0","0","0","0","0","0","0","0","0","0","0","0","0","0","0","0","0","0"
"L65451","touched","hudson.RelativePathTest$Model$DescriptorImpl.touched;Z","L65437","L103","C:\GIT\pris2\SourceMeter\Guille\jenkins-jenkins-2.328\test\src\test\java\hudson\RelativePathTest.java","41","13","41","29","0","0","0","0","0","0","0","0","0","0","0","0","0","0","0","0","0","0","0","0","0","0","0","0"
"L65583","state","jenkins.agents.WebSocketAgents$Session.state;LJnlpConnectionState;","L65578","L103","C:\GIT\pris2\SourceMeter\Guille\jenkins-jenkins-2.328\core\src\main\java\jenkins\agents\WebSocketAgents.java","107","9","107","49","0","0","0","0","0","0","0","0","0","0","0","0","0","0","0","0","0","0","0","0","0","0","0","0"
"L65584","agent","jenkins.agents.WebSocketAgents$Session.agent;Ljava/lang/String;","L65578","L103","C:\GIT\pris2\SourceMeter\Guille\jenkins-jenkins-2.328\core\src\main\java\jenkins\agents\WebSocketAgents.java","108","9","108","36","0","0","0","0","0","0","0","0","0","0","0","0","0","0","0","0","0","0","0","0","0","0","0","0"
"L65585","remoteCapability","jenkins.agents.WebSocketAgents$Session.remoteCapability;LCapability;","L65578","L103","C:\GIT\pris2\SourceMeter\Guille\jenkins-jenkins-2.328\core\src\main\java\jenkins\agents\WebSocketAgents.java","109","9","109","51","0","0","0","0","0","0","0","0","0","0","0","0","0","0","0","0","0","0","0","0","0","0","0","0"
"L65586","transport","jenkins.agents.WebSocketAgents$Session.transport;Ljenkins/agents/WebSocketAgents$Session$Transport;","L65578","L103","C:\GIT\pris2\SourceMeter\Guille\jenkins-jenkins-2.328\core\src\main\java\jenkins\agents\WebSocketAgents.java","110","9","110","37","0","0","0","0","0","0","0","0","0","0","0","0","0","0","0","0","0","0","0","0","0","0","0","0"
"L65657","payload","jenkins.agents.WebSocketAgentsTest$FatTask.payload;[B","L65650","L103","C:\GIT\pris2\SourceMeter\Guille\jenkins-jenkins-2.328\test\src\test\java\jenkins\agents\WebSocketAgentsTest.java","130","9","130","32","0","0","0","0","0","0","0","0","0","0","0","0","0","0","0","0","0","0","0","0","0","0","0","0"
"L66260","level","jenkins.InitReactorRunner$1.level;Ljava/util/logging/Level;","L66259","L103","C:\GIT\pris2\SourceMeter\Guille\jenkins-jenkins-2.328\core\src\main\java\jenkins\InitReactorRunner.java","66","13","66","129","0","0","0","0","0","0","0","0","0","0","0","0","0","0","0","0","0","0","0","0","0","0","0","0"
"L66476","functions","jenkins.install.InstallUtil$ProviderChain.functions;Ljava/util/Iterator;","L66474","L103","C:\GIT\pris2\SourceMeter\Guille\jenkins-jenkins-2.328\core\src\main\java\jenkins\install\InstallUtil.java","80","9","80","68","0","0","0","0","0","0","0","0","0","0","0","0","0","0","0","0","0","0","0","0","0","0","0","0"
"L66811","tmpdir","jenkins.install.SetupWizardTest$CustomLocalUpdateSite.tmpdir;Ljava/io/File;","L66792","L103","C:\GIT\pris2\SourceMeter\Guille\jenkins-jenkins-2.328\test\src\test\java\jenkins\install\SetupWizardTest.java","178","9","178","35","0","0","0","0","0","0","0","0","0","0","0","0","0","0","0","0","0","0","0","0","0","0","0","0"
"L66814","tmpdir","jenkins.install.SetupWizardTest$CustomLocalUpdateSiteWithWrapperJSON.tmpdir;Ljava/io/File;","L66801","L103","C:\GIT\pris2\SourceMeter\Guille\jenkins-jenkins-2.328\test\src\test\java\jenkins\install\SetupWizardTest.java","196","9","196","35","0","0","0","0","0","0","0","0","0","0","0","0","0","0","0","0","0","0","0","0","0","0","0","0"
"L66830","customValidator","jenkins.install.SetupWizardTest$CustomRemoteUpdateSite.customValidator;Z","L66823","L103","C:\GIT\pris2\SourceMeter\Guille\jenkins-jenkins-2.328\test\src\test\java\jenkins\install\SetupWizardTest.java","320","9","320","41","0","0","0","0","0","0","0","0","0","0","0","0","0","0","0","0","0","0","0","0","0","0","0","0"
"L66843","serverContext","jenkins.install.SetupWizardTest$RemoteUpdateSiteHandler.serverContext;Ljava/lang/String;","L66818","L103","C:\GIT\pris2\SourceMeter\Guille\jenkins-jenkins-2.328\test\src\test\java\jenkins\install\SetupWizardTest.java","338","9","338","38","0","0","0","0","0","0","0","0","0","0","0","0","0","0","0","0","0","0","0","0","0","0","0","0"
"L66844","includeSignature","jenkins.install.SetupWizardTest$RemoteUpdateSiteHandler.includeSignature;Z","L66818","L103","C:\GIT\pris2\SourceMeter\Guille\jenkins-jenkins-2.328\test\src\test\java\jenkins\install\SetupWizardTest.java","339","9","339","42","0","0","0","0","0","0","0","0","0","0","0","0","0","0","0","0","0","0","0","0","0","0","0","0"
"L66859","cert","jenkins.install.SetupWizardTest$CustomJSONSignatureValidator.cert;Ljava/lang/String;","L66836","L103","C:\GIT\pris2\SourceMeter\Guille\jenkins-jenkins-2.328\test\src\test\java\jenkins\install\SetupWizardTest.java","448","9","448","29","0","0","0","0","0","0","0","0","0","0","0","0","0","0","0","0","0","0","0","0","0","0","0","0"
"L67164","count","jenkins.management.AdministrativeMonitorsDecoratorTest$ExecutionCounterNonSecAdministrativeMonitor.count;I","L67158","L103","C:\GIT\pris2\SourceMeter\Guille\jenkins-jenkins-2.328\test\src\test\java\jenkins\management\AdministrativeMonitorsDecoratorTest.java","93","9","93","30","0","0","0","0","0","0","0","0","0","0","0","0","0","0","0","0","0","0","0","0","0","0","0","0"
"L67166","count","jenkins.management.AdministrativeMonitorsDecoratorTest$ExecutionCounterSecAdministrativeMonitor.count;I","L67161","L103","C:\GIT\pris2\SourceMeter\Guille\jenkins-jenkins-2.328\test\src\test\java\jenkins\management\AdministrativeMonitorsDecoratorTest.java","116","9","116","30","0","0","0","0","0","0","0","0","0","0","0","0","0","0","0","0","0","0","0","0","0","0","0","0"
"L67415","ref","jenkins.model.BuildDiscarder$ConverterImpl.ref;Lhudson/util/RobustReflectionConverter;","L67413","L103","C:\GIT\pris2\SourceMeter\Guille\jenkins-jenkins-2.328\core\src\main\java\jenkins\model\BuildDiscarder.java","55","9","55","47","0","0","0","0","0","0","0","0","0","0","0","0","0","0","0","0","0","0","0","0","0","0","0","0"
"L67484","user","jenkins.model.CauseOfInterruption$UserInterruption.user;Ljava/lang/String;","L31313","L103","C:\GIT\pris2\SourceMeter\Guille\jenkins-jenkins-2.328\core\src\main\java\jenkins\model\CauseOfInterruption.java","80","9","81","35","0","0","0","0","0","0","0","0","0","0","0","0","0","0","0","0","0","0","0","0","0","0","0","0"
"L67502","serialVersionUID","jenkins.model.CauseOfInterruption$UserInterruption.serialVersionUID;J","L31313","L103","C:\GIT\pris2\SourceMeter\Guille\jenkins-jenkins-2.328\core\src\main\java\jenkins\model\CauseOfInterruption.java","147","9","147","57","0","0","0","0","0","0","0","0","0","0","0","0","0","0","0","0","0","0","0","0","0","0","0","0"
"L67756","LOGGER","jenkins.model.identity.InstanceIdentityProvider.LOGGER;Ljava/util/logging/Logger;","L67753","L103","C:\GIT\pris2\SourceMeter\Guille\jenkins-jenkins-2.328\core\src\main\java\jenkins\model\identity\InstanceIdentityProvider.java","57","5","57","101","0","0","0","0","0","0","0","0","0","0","0","0","0","0","0","0","0","0","0","0","0","0","0","0"
"L61044","RSA","jenkins.model.identity.InstanceIdentityProvider.RSA;Ljenkins/model/identity/InstanceIdentityProvider$KeyTypes;","L67753","L103","C:\GIT\pris2\SourceMeter\Guille\jenkins-jenkins-2.328\core\src\main\java\jenkins\model\identity\InstanceIdentityProvider.java","61","5","62","69","0","0","0","0","0","0","0","0","0","0","0","0","0","0","0","0","0","0","0","0","0","0","0","0"
"L67767","DSA","jenkins.model.identity.InstanceIdentityProvider.DSA;Ljenkins/model/identity/InstanceIdentityProvider$KeyTypes;","L67753","L103","C:\GIT\pris2\SourceMeter\Guille\jenkins-jenkins-2.328\core\src\main\java\jenkins\model\identity\InstanceIdentityProvider.java","66","5","67","69","0","0","0","0","0","0","0","0","0","0","0","0","0","0","0","0","0","0","0","0","0","0","0","0"
"L67775","EC","jenkins.model.identity.InstanceIdentityProvider.EC;Ljenkins/model/identity/InstanceIdentityProvider$KeyTypes;","L67753","L103","C:\GIT\pris2\SourceMeter\Guille\jenkins-jenkins-2.328\core\src\main\java\jenkins\model\identity\InstanceIdentityProvider.java","71","5","72","67","0","0","0","0","0","0","0","0","0","0","0","0","0","0","0","0","0","0","0","0","0","0","0","0"
"L67859","r","jenkins.model.identity.IdentityRootActionTest.r;LJenkinsRule;","L67857","L103","C:\GIT\pris2\SourceMeter\Guille\jenkins-jenkins-2.328\test\src\test\java\jenkins\model\identity\IdentityRootActionTest.java","15","5","16","46","0","0","0","0","0","0","0","0","0","0","0","0","0","0","0","0","0","0","0","0","0","0","0","0"
"L67915","serialVersionUID","jenkins.model.IdStrategy$CaseInsensitive.serialVersionUID;J","L48944","L103","C:\GIT\pris2\SourceMeter\Guille\jenkins-jenkins-2.328\core\src\main\java\jenkins\model\IdStrategy.java","196","9","196","76","0","0","0","0","0","0","0","0","0","0","0","0","0","0","0","0","0","0","0","0","0","0","0","0"
"L67937","serialVersionUID","jenkins.model.IdStrategy$CaseSensitive.serialVersionUID;J","L44898","L103","C:\GIT\pris2\SourceMeter\Guille\jenkins-jenkins-2.328\core\src\main\java\jenkins\model\IdStrategy.java","239","9","239","75","0","0","0","0","0","0","0","0","0","0","0","0","0","0","0","0","0","0","0","0","0","0","0","0"
"L67953","serialVersionUID","jenkins.model.IdStrategy$CaseSensitiveEmailAddress.serialVersionUID;J","L48951","L103","C:\GIT\pris2\SourceMeter\Guille\jenkins-jenkins-2.328\core\src\main\java\jenkins\model\IdStrategy.java","285","9","285","76","0","0","0","0","0","0","0","0","0","0","0","0","0","0","0","0","0","0","0","0","0","0","0","0"
"L67991","items","jenkins.model.item_category.Categories.items;Ljava/util/List;","L43686","L103","C:\GIT\pris2\SourceMeter\Guille\jenkins-jenkins-2.328\core\src\main\java\jenkins\model\item_category\Categories.java","54","5","54","34","0","0","0","0","0","0","0","0","0","0","0","0","0","0","0","0","0","0","0","0","0","0","0","0"
"L68007","id","jenkins.model.item_category.Category.id;Ljava/lang/String;","L43711","L103","C:\GIT\pris2\SourceMeter\Guille\jenkins-jenkins-2.328\core\src\main\java\jenkins\model\item_category\Category.java","45","5","45","23","0","0","0","0","0","0","0","0","0","0","0","0","0","0","0","0","0","0","0","0","0","0","0","0"
"L68008","name","jenkins.model.item_category.Category.name;Ljava/lang/String;","L43711","L103","C:\GIT\pris2\SourceMeter\Guille\jenkins-jenkins-2.328\core\src\main\java\jenkins\model\item_category\Category.java","47","5","47","25","0","0","0","0","0","0","0","0","0","0","0","0","0","0","0","0","0","0","0","0","0","0","0","0"
"L68009","description","jenkins.model.item_category.Category.description;Ljava/lang/String;","L43711","L103","C:\GIT\pris2\SourceMeter\Guille\jenkins-jenkins-2.328\core\src\main\java\jenkins\model\item_category\Category.java","49","5","49","32","0","0","0","0","0","0","0","0","0","0","0","0","0","0","0","0","0","0","0","0","0","0","0","0"
"L68010","order","jenkins.model.item_category.Category.order;I","L43711","L103","C:\GIT\pris2\SourceMeter\Guille\jenkins-jenkins-2.328\core\src\main\java\jenkins\model\item_category\Category.java","51","5","51","23","0","0","0","0","0","0","0","0","0","0","0","0","0","0","0","0","0","0","0","0","0","0","0","0"
"L68011","minToShow","jenkins.model.item_category.Category.minToShow;I","L43711","L103","C:\GIT\pris2\SourceMeter\Guille\jenkins-jenkins-2.328\core\src\main\java\jenkins\model\item_category\Category.java","53","5","53","27","0","0","0","0","0","0","0","0","0","0","0","0","0","0","0","0","0","0","0","0","0","0","0","0"
"L68012","items","jenkins.model.item_category.Category.items;Ljava/util/List;","L43711","L103","C:\GIT\pris2\SourceMeter\Guille\jenkins-jenkins-2.328\core\src\main\java\jenkins\model\item_category\Category.java","55","5","55","51","0","0","0","0","0","0","0","0","0","0","0","0","0","0","0","0","0","0","0","0","0","0","0","0"
"L68031","MIN_TOSHOW","jenkins.model.item_category.ItemCategory.MIN_TOSHOW;I","L43694","L103","C:\GIT\pris2\SourceMeter\Guille\jenkins-jenkins-2.328\core\src\main\java\jenkins\model\item_category\ItemCategory.java","49","5","51","44","0","0","0","0","0","0","0","0","0","0","0","0","0","0","0","0","0","0","0","0","0","0","0","0"
"L68033","order","jenkins.model.item_category.ItemCategory.order;I","L43694","L103","C:\GIT\pris2\SourceMeter\Guille\jenkins-jenkins-2.328\core\src\main\java\jenkins\model\item_category\ItemCategory.java","56","5","56","27","0","0","0","0","0","0","0","0","0","0","0","0","0","0","0","0","0","0","0","0","0","0","0","0"
"L68064","ID","jenkins.model.item_category.NestedProjectsCategory.ID;Ljava/lang/String;","L68061","L103","C:\GIT\pris2\SourceMeter\Guille\jenkins-jenkins-2.328\core\src\main\java\jenkins\model\item_category\NestedProjectsCategory.java","46","5","46","56","0","0","0","0","0","0","0","0","0","0","0","0","0","0","0","0","0","0","0","0","0","0","0","0"
"L32344","ID","jenkins.model.item_category.StandaloneProjectsCategory.ID;Ljava/lang/String;","L68071","L103","C:\GIT\pris2\SourceMeter\Guille\jenkins-jenkins-2.328\core\src\main\java\jenkins\model\item_category\StandaloneProjectsCategory.java","37","5","37","59","0","0","0","0","0","0","0","0","0","0","0","0","0","0","0","0","0","0","0","0","0","0","0","0"
"L68456","j","jenkins.model.Jenkins$EnforceSlaveAgentPortAdministrativeMonitor.j;Ljenkins/model/Jenkins;","L68454","L103","C:\GIT\pris2\SourceMeter\Guille\jenkins-jenkins-2.328\core\src\main\java\jenkins\model\Jenkins.java","1348","9","1349","19","0","0","0","0","0","0","0","0","0","0","0","0","0","0","0","0","0","0","0","0","0","0","0","0"
"L68747","INSTANCE","jenkins.model.Jenkins$DescriptorImpl.INSTANCE;Ljenkins/model/Jenkins$DescriptorImpl;","L68749","L103","C:\GIT\pris2\SourceMeter\Guille\jenkins-jenkins-2.328\core\src\main\java\jenkins\model\Jenkins.java","2322","9","2323","76","0","0","0","0","0","0","0","0","0","0","0","0","0","0","0","0","0","0","0","0","0","0","0","0"
"L69584","localChannel","jenkins.model.Jenkins$MasterComputer.localChannel;LLocalChannel;","L32626","L103","C:\GIT\pris2\SourceMeter\Guille\jenkins-jenkins-2.328\core\src\main\java\jenkins\model\Jenkins.java","5248","9","5249","79","0","0","0","0","0","0","0","0","0","0","0","0","0","0","0","0","0","0","0","0","0","0","0","0"
"L68938","reason","jenkins.model.Jenkins$QuietDownInfo.reason;Ljava/lang/String;","L68133","L103","C:\GIT\pris2\SourceMeter\Guille\jenkins-jenkins-2.328\core\src\main\java\jenkins\model\Jenkins.java","5659","9","5660","29","0","0","0","0","0","0","0","0","0","0","0","0","0","0","0","0","0","0","0","0","0","0","0","0"
"L69708","source","jenkins.model.labels.LabelAutoCompleteSeeder.source;Ljava/lang/String;","L34620","L103","C:\GIT\pris2\SourceMeter\Guille\jenkins-jenkins-2.328\core\src\main\java\jenkins\model\labels\LabelAutoCompleteSeeder.java","16","5","16","33","0","0","0","0","0","0","0","0","0","0","0","0","0","0","0","0","0","0","0","0","0","0","0","0"
"L69750","fullyLoaded","jenkins.model.lazy.AbstractLazyLoadRunMap.fullyLoaded;Z","L40096","L103","C:\GIT\pris2\SourceMeter\Guille\jenkins-jenkins-2.328\core\src\main\java\jenkins\model\lazy\AbstractLazyLoadRunMap.java","101","5","101","42","0","0","0","0","0","0","0","0","0","0","0","0","0","0","0","0","0","0","0","0","0","0","0","0"
"L69752","index","jenkins.model.lazy.AbstractLazyLoadRunMap.index;Ljenkins/model/lazy/AbstractLazyLoadRunMap$Index;","L40096","L103","C:\GIT\pris2\SourceMeter\Guille\jenkins-jenkins-2.328\core\src\main\java\jenkins\model\lazy\AbstractLazyLoadRunMap.java","107","5","107","48","0","0","0","0","0","0","0","0","0","0","0","0","0","0","0","0","0","0","0","0","0","0","0","0"
"L69757","entrySet","jenkins.model.lazy.AbstractLazyLoadRunMap.entrySet;Ljenkins/model/lazy/LazyLoadRunMapEntrySet;","L40096","L103","C:\GIT\pris2\SourceMeter\Guille\jenkins-jenkins-2.328\core\src\main\java\jenkins\model\lazy\AbstractLazyLoadRunMap.java","108","5","108","85","0","0","0","0","0","0","0","0","0","0","0","0","0","0","0","0","0","0","0","0","0","0","0","0"
"L69764","keySet","jenkins.model.lazy.AbstractLazyLoadRunMap.keySet;Ljava/util/Set;","L40096","L103","C:\GIT\pris2\SourceMeter\Guille\jenkins-jenkins-2.328\core\src\main\java\jenkins\model\lazy\AbstractLazyLoadRunMap.java","110","5","110","52","0","0","0","0","0","0","0","0","0","0","0","0","0","0","0","0","0","0","0","0","0","0","0","0"
"L69765","values","jenkins.model.lazy.AbstractLazyLoadRunMap.values;Ljava/util/Collection;","L40096","L103","C:\GIT\pris2\SourceMeter\Guille\jenkins-jenkins-2.328\core\src\main\java\jenkins\model\lazy\AbstractLazyLoadRunMap.java","111","5","111","53","0","0","0","0","0","0","0","0","0","0","0","0","0","0","0","0","0","0","0","0","0","0","0","0"
"L69872","numberOnDisk","jenkins.model.lazy.AbstractLazyLoadRunMap.numberOnDisk;Ljenkins/model/lazy/SortedIntList;","L40096","L103","C:\GIT\pris2\SourceMeter\Guille\jenkins-jenkins-2.328\core\src\main\java\jenkins\model\lazy\AbstractLazyLoadRunMap.java","281","5","281","72","0","0","0","0","0","0","0","0","0","0","0","0","0","0","0","0","0","0","0","0","0","0","0","0"
"L40147","dir","jenkins.model.lazy.AbstractLazyLoadRunMap.dir;Ljava/io/File;","L40096","L103","C:\GIT\pris2\SourceMeter\Guille\jenkins-jenkins-2.328\core\src\main\java\jenkins\model\lazy\AbstractLazyLoadRunMap.java","289","5","289","24","0","0","0","0","0","0","0","0","0","0","0","0","0","0","0","0","0","0","0","0","0","0","0","0"
"L69922","EMPTY_SORTED_MAP","jenkins.model.lazy.AbstractLazyLoadRunMap.EMPTY_SORTED_MAP;Ljava/util/SortedMap;","L40096","L103","C:\GIT\pris2\SourceMeter\Guille\jenkins-jenkins-2.328\core\src\main\java\jenkins\model\lazy\AbstractLazyLoadRunMap.java","743","5","743","104","0","0","0","0","0","0","0","0","0","0","0","0","0","0","0","0","0","0","0","0","0","0","0","0"
"L70014","LOGGER","jenkins.model.lazy.AbstractLazyLoadRunMap.LOGGER;Ljava/util/logging/Logger;","L40096","L103","C:\GIT\pris2\SourceMeter\Guille\jenkins-jenkins-2.328\core\src\main\java\jenkins\model\lazy\AbstractLazyLoadRunMap.java","745","5","745","91","0","0","0","0","0","0","0","0","0","0","0","0","0","0","0","0","0","0","0","0","0","0","0","0"
"L70057","LOWER","jenkins.model.lazy.Boundary.LOWER;Ljenkins/model/lazy/Boundary;","L70050","L103","C:\GIT\pris2\SourceMeter\Guille\jenkins-jenkins-2.328\core\src\main\java\jenkins\model\lazy\Boundary.java","42","5","42","18","0","0","0","0","0","0","0","0","0","0","0","0","0","0","0","0","0","0","0","0","0","0","0","0"
"L70058","HIGHER","jenkins.model.lazy.Boundary.HIGHER;Ljenkins/model/lazy/Boundary;","L70050","L103","C:\GIT\pris2\SourceMeter\Guille\jenkins-jenkins-2.328\core\src\main\java\jenkins\model\lazy\Boundary.java","43","5","43","17","0","0","0","0","0","0","0","0","0","0","0","0","0","0","0","0","0","0","0","0","0","0","0","0"
"L70059","FLOOR","jenkins.model.lazy.Boundary.FLOOR;Ljenkins/model/lazy/Boundary;","L70050","L103","C:\GIT\pris2\SourceMeter\Guille\jenkins-jenkins-2.328\core\src\main\java\jenkins\model\lazy\Boundary.java","44","5","44","17","0","0","0","0","0","0","0","0","0","0","0","0","0","0","0","0","0","0","0","0","0","0","0","0"
"L70060","CEIL","jenkins.model.lazy.Boundary.CEIL;Ljenkins/model/lazy/Boundary;","L70050","L103","C:\GIT\pris2\SourceMeter\Guille\jenkins-jenkins-2.328\core\src\main\java\jenkins\model\lazy\Boundary.java","45","5","45","15","0","0","0","0","0","0","0","0","0","0","0","0","0","0","0","0","0","0","0","0","0","0","0","0"
"L70061","offsetOfExactMatch","jenkins.model.lazy.Boundary.offsetOfExactMatch;I","L70050","L103","C:\GIT\pris2\SourceMeter\Guille\jenkins-jenkins-2.328\core\src\main\java\jenkins\model\lazy\Boundary.java","47","5","47","42","0","0","0","0","0","0","0","0","0","0","0","0","0","0","0","0","0","0","0","0","0","0","0","0"
"L70062","offsetOfInsertionPoint","jenkins.model.lazy.Boundary.offsetOfInsertionPoint;I","L70050","L103","C:\GIT\pris2\SourceMeter\Guille\jenkins-jenkins-2.328\core\src\main\java\jenkins\model\lazy\Boundary.java","47","5","47","66","0","0","0","0","0","0","0","0","0","0","0","0","0","0","0","0","0","0","0","0","0","0","0","0"
"L70076","LOGGER","jenkins.model.lazy.BuildReference.LOGGER;Ljava/util/logging/Logger;","L25795","L103","C:\GIT\pris2\SourceMeter\Guille\jenkins-jenkins-2.328\core\src\main\java\jenkins\model\lazy\BuildReference.java","36","5","36","91","0","0","0","0","0","0","0","0","0","0","0","0","0","0","0","0","0","0","0","0","0","0","0","0"
"L70077","id","jenkins.model.lazy.BuildReference.id;Ljava/lang/String;","L25795","L103","C:\GIT\pris2\SourceMeter\Guille\jenkins-jenkins-2.328\core\src\main\java\jenkins\model\lazy\BuildReference.java","38","5","38","21","0","0","0","0","0","0","0","0","0","0","0","0","0","0","0","0","0","0","0","0","0","0","0","0"
"L70078","holder","jenkins.model.lazy.BuildReference.holder;Ljenkins/model/lazy/BuildReference$Holder;","L25795","L103","C:\GIT\pris2\SourceMeter\Guille\jenkins-jenkins-2.328\core\src\main\java\jenkins\model\lazy\BuildReference.java","39","5","39","39","0","0","0","0","0","0","0","0","0","0","0","0","0","0","0","0","0","0","0","0","0","0","0","0"
"L70199","loader","jenkins.model.lazy.BuildReferenceMapAdapter.loader;Ljenkins/model/lazy/AbstractLazyLoadRunMap;","L69908","L103","C:\GIT\pris2\SourceMeter\Guille\jenkins-jenkins-2.328\core\src\main\java\jenkins\model\lazy\BuildReferenceMapAdapter.java","27","5","27","52","0","0","0","0","0","0","0","0","0","0","0","0","0","0","0","0","0","0","0","0","0","0","0","0"
"L70203","core","jenkins.model.lazy.BuildReferenceMapAdapter.core;Ljava/util/SortedMap;","L69908","L103","C:\GIT\pris2\SourceMeter\Guille\jenkins-jenkins-2.328\core\src\main\java\jenkins\model\lazy\BuildReferenceMapAdapter.java","29","5","29","62","0","0","0","0","0","0","0","0","0","0","0","0","0","0","0","0","0","0","0","0","0","0","0","0"
"L70406","LOGGER","jenkins.model.lazy.LazyBuildMixIn.LOGGER;Ljava/util/logging/Logger;","L25766","L103","C:\GIT\pris2\SourceMeter\Guille\jenkins-jenkins-2.328\core\src\main\java\jenkins\model\lazy\LazyBuildMixIn.java","63","5","63","91","0","0","0","0","0","0","0","0","0","0","0","0","0","0","0","0","0","0","0","0","0","0","0","0"
"L70407","builds","jenkins.model.lazy.LazyBuildMixIn.builds;Lhudson/model/RunMap;","L25766","L103","C:\GIT\pris2\SourceMeter\Guille\jenkins-jenkins-2.328\core\src\main\java\jenkins\model\lazy\LazyBuildMixIn.java","65","5","66","59","0","0","0","0","0","0","0","0","0","0","0","0","0","0","0","0","0","0","0","0","0","0","0","0"
"L70530","owner","jenkins.model.lazy.LazyLoadRunMapEntrySet.owner;Ljenkins/model/lazy/AbstractLazyLoadRunMap;","L69759","L103","C:\GIT\pris2\SourceMeter\Guille\jenkins-jenkins-2.328\core\src\main\java\jenkins\model\lazy\LazyLoadRunMapEntrySet.java","19","5","19","51","0","0","0","0","0","0","0","0","0","0","0","0","0","0","0","0","0","0","0","0","0","0","0","0"
"L70534","all","jenkins.model.lazy.LazyLoadRunMapEntrySet.all;Ljava/util/Set;","L69759","L103","C:\GIT\pris2\SourceMeter\Guille\jenkins-jenkins-2.328\core\src\main\java\jenkins\model\lazy\LazyLoadRunMapEntrySet.java","24","5","24","44","0","0","0","0","0","0","0","0","0","0","0","0","0","0","0","0","0","0","0","0","0","0","0","0"
"L70589","data","jenkins.model.lazy.SortedIntList.data;[I","L69875","L103","C:\GIT\pris2\SourceMeter\Guille\jenkins-jenkins-2.328\core\src\main\java\jenkins\model\lazy\SortedIntList.java","38","5","38","24","0","0","0","0","0","0","0","0","0","0","0","0","0","0","0","0","0","0","0","0","0","0","0","0"
"L70590","size","jenkins.model.lazy.SortedIntList.size;I","L69875","L103","C:\GIT\pris2\SourceMeter\Guille\jenkins-jenkins-2.328\core\src\main\java\jenkins\model\lazy\SortedIntList.java","39","5","39","22","0","0","0","0","0","0","0","0","0","0","0","0","0","0","0","0","0","0","0","0","0","0","0","0"
"L70645","data","jenkins.model.lazy.SortedList.data;Ljava/util/List;","L70637","L103","C:\GIT\pris2\SourceMeter\Guille\jenkins-jenkins-2.328\core\src\main\java\jenkins\model\lazy\SortedList.java","39","5","39","26","0","0","0","0","0","0","0","0","0","0","0","0","0","0","0","0","0","0","0","0","0","0","0","0"
"L70688","aBuilder","jenkins.model.lazy.AbstractLazyLoadRunMapTest.aBuilder;Ljenkins/model/lazy/FakeMapBuilder;","L70685","L103","C:\GIT\pris2\SourceMeter\Guille\jenkins-jenkins-2.328\core\src\test\java\jenkins\model\lazy\AbstractLazyLoadRunMapTest.java","60","5","61","59","0","0","0","0","0","0","0","0","0","0","0","0","0","0","0","0","0","0","0","0","0","0","0","0"
"L70693","a","jenkins.model.lazy.AbstractLazyLoadRunMapTest.a;Ljenkins/model/lazy/FakeMap;","L70685","L103","C:\GIT\pris2\SourceMeter\Guille\jenkins-jenkins-2.328\core\src\test\java\jenkins\model\lazy\AbstractLazyLoadRunMapTest.java","62","5","62","23","0","0","0","0","0","0","0","0","0","0","0","0","0","0","0","0","0","0","0","0","0","0","0","0"
"L70697","bBuilder","jenkins.model.lazy.AbstractLazyLoadRunMapTest.bBuilder;Ljenkins/model/lazy/FakeMapBuilder;","L70685","L103","C:\GIT\pris2\SourceMeter\Guille\jenkins-jenkins-2.328\core\src\test\java\jenkins\model\lazy\AbstractLazyLoadRunMapTest.java","65","5","66","59","0","0","0","0","0","0","0","0","0","0","0","0","0","0","0","0","0","0","0","0","0","0","0","0"
"L70699","b","jenkins.model.lazy.AbstractLazyLoadRunMapTest.b;Ljenkins/model/lazy/FakeMap;","L70685","L103","C:\GIT\pris2\SourceMeter\Guille\jenkins-jenkins-2.328\core\src\test\java\jenkins\model\lazy\AbstractLazyLoadRunMapTest.java","67","5","67","23","0","0","0","0","0","0","0","0","0","0","0","0","0","0","0","0","0","0","0","0","0","0","0","0"
"L70700","localBuilder","jenkins.model.lazy.AbstractLazyLoadRunMapTest.localBuilder;Ljenkins/model/lazy/FakeMapBuilder;","L70685","L103","C:\GIT\pris2\SourceMeter\Guille\jenkins-jenkins-2.328\core\src\test\java\jenkins\model\lazy\AbstractLazyLoadRunMapTest.java","69","5","70","63","0","0","0","0","0","0","0","0","0","0","0","0","0","0","0","0","0","0","0","0","0","0","0","0"
"L70701","localExpiredBuilder","jenkins.model.lazy.AbstractLazyLoadRunMapTest.localExpiredBuilder;Ljenkins/model/lazy/FakeMapBuilder;","L70685","L103","C:\GIT\pris2\SourceMeter\Guille\jenkins-jenkins-2.328\core\src\test\java\jenkins\model\lazy\AbstractLazyLoadRunMapTest.java","72","5","84","7","0","0","0","0","0","0","0","0","0","0","0","0","0","0","0","0","0","0","0","0","0","0","0","0"
"L70725","slowBuilderStartSemaphores","jenkins.model.lazy.AbstractLazyLoadRunMapTest.slowBuilderStartSemaphores;Ljava/util/Map;","L70685","L103","C:\GIT\pris2\SourceMeter\Guille\jenkins-jenkins-2.328\core\src\test\java\jenkins\model\lazy\AbstractLazyLoadRunMapTest.java","86","5","86","88","0","0","0","0","0","0","0","0","0","0","0","0","0","0","0","0","0","0","0","0","0","0","0","0"
"L70732","slowBuilderEndSemaphores","jenkins.model.lazy.AbstractLazyLoadRunMapTest.slowBuilderEndSemaphores;Ljava/util/Map;","L70685","L103","C:\GIT\pris2\SourceMeter\Guille\jenkins-jenkins-2.328\core\src\test\java\jenkins\model\lazy\AbstractLazyLoadRunMapTest.java","87","5","87","86","0","0","0","0","0","0","0","0","0","0","0","0","0","0","0","0","0","0","0","0","0","0","0","0"
"L70733","slowBuilderLoadCount","jenkins.model.lazy.AbstractLazyLoadRunMapTest.slowBuilderLoadCount;Ljava/util/Map;","L70685","L103","C:\GIT\pris2\SourceMeter\Guille\jenkins-jenkins-2.328\core\src\test\java\jenkins\model\lazy\AbstractLazyLoadRunMapTest.java","88","5","88","86","0","0","0","0","0","0","0","0","0","0","0","0","0","0","0","0","0","0","0","0","0","0","0","0"
"L70740","slowBuilder","jenkins.model.lazy.AbstractLazyLoadRunMapTest.slowBuilder;Ljenkins/model/lazy/FakeMapBuilder;","L70685","L103","C:\GIT\pris2\SourceMeter\Guille\jenkins-jenkins-2.328\core\src\test\java\jenkins\model\lazy\AbstractLazyLoadRunMapTest.java","89","5","108","7","0","0","0","0","0","0","0","0","0","0","0","0","0","0","0","0","0","0","0","0","0","0","0","0"
"L70723","n","jenkins.model.lazy.Build.n;I","L70717","L103","C:\GIT\pris2\SourceMeter\Guille\jenkins-jenkins-2.328\core\src\test\java\jenkins\model\lazy\Build.java","31","5","31","17","0","0","0","0","0","0","0","0","0","0","0","0","0","0","0","0","0","0","0","0","0","0","0","0"
"L70841","dir","jenkins.model.lazy.FakeMapBuilder.dir;Ljava/io/File;","L70690","L103","C:\GIT\pris2\SourceMeter\Guille\jenkins-jenkins-2.328\core\src\test\java\jenkins\model\lazy\FakeMapBuilder.java","41","5","41","22","0","0","0","0","0","0","0","0","0","0","0","0","0","0","0","0","0","0","0","0","0","0","0","0"
"L70863","l","jenkins.model.lazy.SortedListTest.l;Ljenkins/model/lazy/SortedList;","L70860","L103","C:\GIT\pris2\SourceMeter\Guille\jenkins-jenkins-2.328\core\src\test\java\jenkins\model\lazy\SortedListTest.java","39","5","39","92","0","0","0","0","0","0","0","0","0","0","0","0","0","0","0","0","0","0","0","0","0","0","0","0"
"L70889","r","jenkins.model.lazy.LazyBuildMixInTest.r;LJenkinsRule;","L70887","L103","C:\GIT\pris2\SourceMeter\Guille\jenkins-jenkins-2.328\test\src\test\java\jenkins\model\lazy\LazyBuildMixInTest.java","43","5","43","52","0","0","0","0","0","0","0","0","0","0","0","0","0","0","0","0","0","0","0","0","0","0","0","0"
"L69357","items","jenkins.model.ModelObjectWithContextMenu$ContextMenu.items;Ljava/util/List;","L24906","L103","C:\GIT\pris2\SourceMeter\Guille\jenkins-jenkins-2.328\core\src\main\java\jenkins\model\ModelObjectWithContextMenu.java","72","9","73","63","0","0","0","0","0","0","0","0","0","0","0","0","0","0","0","0","0","0","0","0","0","0","0","0"
"L69348","url","jenkins.model.ModelObjectWithContextMenu$MenuItem.url;Ljava/lang/String;","L69354","L103","C:\GIT\pris2\SourceMeter\Guille\jenkins-jenkins-2.328\core\src\main\java\jenkins\model\ModelObjectWithContextMenu.java","254","9","255","27","0","0","0","0","0","0","0","0","0","0","0","0","0","0","0","0","0","0","0","0","0","0","0","0"
"L71010","displayName","jenkins.model.ModelObjectWithContextMenu$MenuItem.displayName;Ljava/lang/String;","L69354","L103","C:\GIT\pris2\SourceMeter\Guille\jenkins-jenkins-2.328\core\src\main\java\jenkins\model\ModelObjectWithContextMenu.java","260","9","262","35","0","0","0","0","0","0","0","0","0","0","0","0","0","0","0","0","0","0","0","0","0","0","0","0"
"L71012","icon","jenkins.model.ModelObjectWithContextMenu$MenuItem.icon;Ljava/lang/String;","L69354","L103","C:\GIT\pris2\SourceMeter\Guille\jenkins-jenkins-2.328\core\src\main\java\jenkins\model\ModelObjectWithContextMenu.java","267","9","269","28","0","0","0","0","0","0","0","0","0","0","0","0","0","0","0","0","0","0","0","0","0","0","0","0"
"L70952","post","jenkins.model.ModelObjectWithContextMenu$MenuItem.post;Z","L69354","L103","C:\GIT\pris2\SourceMeter\Guille\jenkins-jenkins-2.328\core\src\main\java\jenkins\model\ModelObjectWithContextMenu.java","275","9","277","29","0","0","0","0","0","0","0","0","0","0","0","0","0","0","0","0","0","0","0","0","0","0","0","0"
"L70961","requiresConfirmation","jenkins.model.ModelObjectWithContextMenu$MenuItem.requiresConfirmation;Z","L69354","L103","C:\GIT\pris2\SourceMeter\Guille\jenkins-jenkins-2.328\core\src\main\java\jenkins\model\ModelObjectWithContextMenu.java","283","9","285","45","0","0","0","0","0","0","0","0","0","0","0","0","0","0","0","0","0","0","0","0","0","0","0","0"
"L70970","header","jenkins.model.ModelObjectWithContextMenu$MenuItem.header;Z","L69354","L103","C:\GIT\pris2\SourceMeter\Guille\jenkins-jenkins-2.328\core\src\main\java\jenkins\model\ModelObjectWithContextMenu.java","292","9","294","31","0","0","0","0","0","0","0","0","0","0","0","0","0","0","0","0","0","0","0","0","0","0","0","0"
"L69350","subMenu","jenkins.model.ModelObjectWithContextMenu$MenuItem.subMenu;Ljenkins/model/ModelObjectWithContextMenu$ContextMenu;","L69354","L103","C:\GIT\pris2\SourceMeter\Guille\jenkins-jenkins-2.328\core\src\main\java\jenkins\model\ModelObjectWithContextMenu.java","299","9","301","36","0","0","0","0","0","0","0","0","0","0","0","0","0","0","0","0","0","0","0","0","0","0","0","0"
"L71074","target","jenkins.model.NewViewLink$NewViewLinkAction.target;Lhudson/model/ModifiableViewGroup;","L71069","L103","C:\GIT\pris2\SourceMeter\Guille\jenkins-jenkins-2.328\core\src\main\java\jenkins\model\NewViewLink.java","36","9","36","44","0","0","0","0","0","0","0","0","0","0","0","0","0","0","0","0","0","0","0","0","0","0","0","0"
"L71472","serialVersionUID","jenkins.model.ProjectNamingStrategy$DefaultProjectNamingStrategy.serialVersionUID;J","L71468","L103","C:\GIT\pris2\SourceMeter\Guille\jenkins-jenkins-2.328\core\src\main\java\jenkins\model\ProjectNamingStrategy.java","93","9","93","57","0","0","0","0","0","0","0","0","0","0","0","0","0","0","0","0","0","0","0","0","0","0","0","0"
"L71486","serialVersionUID","jenkins.model.ProjectNamingStrategy$PatternProjectNamingStrategy.serialVersionUID;J","L45168","L103","C:\GIT\pris2\SourceMeter\Guille\jenkins-jenkins-2.328\core\src\main\java\jenkins\model\ProjectNamingStrategy.java","129","9","129","57","0","0","0","0","0","0","0","0","0","0","0","0","0","0","0","0","0","0","0","0","0","0","0","0"
"L71487","namePattern","jenkins.model.ProjectNamingStrategy$PatternProjectNamingStrategy.namePattern;Ljava/lang/String;","L45168","L103","C:\GIT\pris2\SourceMeter\Guille\jenkins-jenkins-2.328\core\src\main\java\jenkins\model\ProjectNamingStrategy.java","134","9","134","42","0","0","0","0","0","0","0","0","0","0","0","0","0","0","0","0","0","0","0","0","0","0","0","0"
"L71489","description","jenkins.model.ProjectNamingStrategy$PatternProjectNamingStrategy.description;Ljava/lang/String;","L45168","L103","C:\GIT\pris2\SourceMeter\Guille\jenkins-jenkins-2.328\core\src\main\java\jenkins\model\ProjectNamingStrategy.java","136","9","136","42","0","0","0","0","0","0","0","0","0","0","0","0","0","0","0","0","0","0","0","0","0","0","0","0"
"L71490","forceExistingJobs","jenkins.model.ProjectNamingStrategy$PatternProjectNamingStrategy.forceExistingJobs;Z","L45168","L103","C:\GIT\pris2\SourceMeter\Guille\jenkins-jenkins-2.328\core\src\main\java\jenkins\model\ProjectNamingStrategy.java","138","9","138","43","0","0","0","0","0","0","0","0","0","0","0","0","0","0","0","0","0","0","0","0","0","0","0","0"
"L71524","executor","jenkins.model.queue.AsynchronousExecution.executor;Lhudson/model/Executor;","L31281","L103","C:\GIT\pris2\SourceMeter\Guille\jenkins-jenkins-2.328\core\src\main\java\jenkins\model\queue\AsynchronousExecution.java","59","5","60","31","0","0","0","0","0","0","0","0","0","0","0","0","0","0","0","0","0","0","0","0","0","0","0","0"
"L71525","result","jenkins.model.queue.AsynchronousExecution.result;Ljava/lang/Throwable;","L31281","L103","C:\GIT\pris2\SourceMeter\Guille\jenkins-jenkins-2.328\core\src\main\java\jenkins\model\queue\AsynchronousExecution.java","66","5","67","44","0","0","0","0","0","0","0","0","0","0","0","0","0","0","0","0","0","0","0","0","0","0","0","0"
"L71541","NULL","jenkins.model.queue.AsynchronousExecution.NULL;Ljava/lang/Throwable;","L31281","L103","C:\GIT\pris2\SourceMeter\Guille\jenkins-jenkins-2.328\core\src\main\java\jenkins\model\queue\AsynchronousExecution.java","146","5","146","65","0","0","0","0","0","0","0","0","0","0","0","0","0","0","0","0","0","0","0","0","0","0","0","0"
"L71548","uniqueReasons","jenkins.model.queue.CompositeCauseOfBlockage.uniqueReasons;Ljava/util/Map;","L37831","L103","C:\GIT\pris2\SourceMeter\Guille\jenkins-jenkins-2.328\core\src\main\java\jenkins\model\queue\CompositeCauseOfBlockage.java","41","5","41","61","0","0","0","0","0","0","0","0","0","0","0","0","0","0","0","0","0","0","0","0","0","0","0","0"
"L71563","lock","jenkins.model.queue.ItemDeletion.lock;Ljava/util/concurrent/locks/ReadWriteLock;","L71560","L103","C:\GIT\pris2\SourceMeter\Guille\jenkins-jenkins-2.328\core\src\main\java\jenkins\model\queue\ItemDeletion.java","53","5","53","69","0","0","0","0","0","0","0","0","0","0","0","0","0","0","0","0","0","0","0","0","0","0","0","0"
"L71565","registrations","jenkins.model.queue.ItemDeletion.registrations;Ljava/util/Set;","L71560","L103","C:\GIT\pris2\SourceMeter\Guille\jenkins-jenkins-2.328\core\src\main\java\jenkins\model\queue\ItemDeletion.java","57","5","58","61","0","0","0","0","0","0","0","0","0","0","0","0","0","0","0","0","0","0","0","0","0","0","0","0"
"L71744","type","jenkins.model.TransientActionFactory$CacheKey.type;Ljava/lang/Class;","L71742","L103","C:\GIT\pris2\SourceMeter\Guille\jenkins-jenkins-2.328\core\src\main\java\jenkins\model\TransientActionFactory.java","85","9","85","37","0","0","0","0","0","0","0","0","0","0","0","0","0","0","0","0","0","0","0","0","0","0","0","0"
"L71745","actionType","jenkins.model.TransientActionFactory$CacheKey.actionType;Ljava/lang/Class;","L71742","L103","C:\GIT\pris2\SourceMeter\Guille\jenkins-jenkins-2.328\core\src\main\java\jenkins\model\TransientActionFactory.java","86","9","86","58","0","0","0","0","0","0","0","0","0","0","0","0","0","0","0","0","0","0","0","0","0","0","0","0"
"L72093","visible","jenkins.model.ContextMenuTest$ActionFactory.visible;Z","L72090","L103","C:\GIT\pris2\SourceMeter\Guille\jenkins-jenkins-2.328\test\src\test\java\jenkins\model\ContextMenuTest.java","76","9","76","25","0","0","0","0","0","0","0","0","0","0","0","0","0","0","0","0","0","0","0","0","0","0","0","0"
"L72395","number","jenkins.model.JenkinsSystemReadAndManagePermissionTest$Config.number;Ljava/lang/String;","L72390","L103","C:\GIT\pris2\SourceMeter\Guille\jenkins-jenkins-2.328\test\src\test\java\jenkins\model\JenkinsSystemReadAndManagePermissionTest.java","90","9","90","31","0","0","0","0","0","0","0","0","0","0","0","0","0","0","0","0","0","0","0","0","0","0","0","0"
"L72445","count","jenkins.model.JenkinsTest$RootActionImpl.count;I","L72434","L103","C:\GIT\pris2\SourceMeter\Guille\jenkins-jenkins-2.328\test\src\test\java\jenkins\model\JenkinsTest.java","383","9","383","27","0","0","0","0","0","0","0","0","0","0","0","0","0","0","0","0","0","0","0","0","0","0","0","0"
"L72468","onOnlineCount","jenkins.model.JenkinsTest$IOExceptionOnOnlineListener.onOnlineCount;I","L72470","L103","C:\GIT\pris2\SourceMeter\Guille\jenkins-jenkins-2.328\test\src\test\java\jenkins\model\JenkinsTest.java","506","9","506","38","0","0","0","0","0","0","0","0","0","0","0","0","0","0","0","0","0","0","0","0","0","0","0","0"
"L72476","onOnlineCount","jenkins.model.JenkinsTest$RuntimeExceptionOnOnlineListener.onOnlineCount;I","L72478","L103","C:\GIT\pris2\SourceMeter\Guille\jenkins-jenkins-2.328\test\src\test\java\jenkins\model\JenkinsTest.java","526","9","526","38","0","0","0","0","0","0","0","0","0","0","0","0","0","0","0","0","0","0","0","0","0","0","0","0"
"L72484","NAME","jenkins.model.JenkinsTest$MockOptInProtocol1.NAME;Ljava/lang/String;","L72503","L103","C:\GIT\pris2\SourceMeter\Guille\jenkins-jenkins-2.328\test\src\test\java\jenkins\model\JenkinsTest.java","638","9","638","51","0","0","0","0","0","0","0","0","0","0","0","0","0","0","0","0","0","0","0","0","0","0","0","0"
"L72494","NAME","jenkins.model.JenkinsTest$MockOptInProtocol2.NAME;Ljava/lang/String;","L72511","L103","C:\GIT\pris2\SourceMeter\Guille\jenkins-jenkins-2.328\test\src\test\java\jenkins\model\JenkinsTest.java","649","9","649","51","0","0","0","0","0","0","0","0","0","0","0","0","0","0","0","0","0","0","0","0","0","0","0","0"
"L72489","NAME","jenkins.model.JenkinsTest$MockOptOutProtocol1.NAME;Ljava/lang/String;","L72517","L103","C:\GIT\pris2\SourceMeter\Guille\jenkins-jenkins-2.328\test\src\test\java\jenkins\model\JenkinsTest.java","672","9","672","52","0","0","0","0","0","0","0","0","0","0","0","0","0","0","0","0","0","0","0","0","0","0","0","0"
"L72497","NAME","jenkins.model.JenkinsTest$MockOptOutProtocol2.NAME;Ljava/lang/String;","L72525","L103","C:\GIT\pris2\SourceMeter\Guille\jenkins-jenkins-2.328\test\src\test\java\jenkins\model\JenkinsTest.java","683","9","683","52","0","0","0","0","0","0","0","0","0","0","0","0","0","0","0","0","0","0","0","0","0","0","0","0"
"L72578","deleted","jenkins.model.NodesTest$ListenerImpl.deleted;I","L72575","L103","C:\GIT\pris2\SourceMeter\Guille\jenkins-jenkins-2.328\test\src\test\java\jenkins\model\NodesTest.java","99","9","99","21","0","0","0","0","0","0","0","0","0","0","0","0","0","0","0","0","0","0","0","0","0","0","0","0"
"L72580","updated","jenkins.model.NodesTest$ListenerImpl.updated;I","L72575","L103","C:\GIT\pris2\SourceMeter\Guille\jenkins-jenkins-2.328\test\src\test\java\jenkins\model\NodesTest.java","99","9","99","30","0","0","0","0","0","0","0","0","0","0","0","0","0","0","0","0","0","0","0","0","0","0","0","0"
"L72582","created","jenkins.model.NodesTest$ListenerImpl.created;I","L72575","L103","C:\GIT\pris2\SourceMeter\Guille\jenkins-jenkins-2.328\test\src\test\java\jenkins\model\NodesTest.java","99","9","99","39","0","0","0","0","0","0","0","0","0","0","0","0","0","0","0","0","0","0","0","0","0","0","0","0"
"L72595","cl","jenkins.model.NodesTest$InvalidNode.cl;Ljava/lang/ClassLoader;","L72565","L103","C:\GIT\pris2\SourceMeter\Guille\jenkins-jenkins-2.328\test\src\test\java\jenkins\model\NodesTest.java","142","9","142","69","0","0","0","0","0","0","0","0","0","0","0","0","0","0","0","0","0","0","0","0","0","0","0","0"
"L72658","count","jenkins.model.TransientActionFactoryTest$LazyFactory.count;I","L72663","L103","C:\GIT\pris2\SourceMeter\Guille\jenkins-jenkins-2.328\test\src\test\java\jenkins\model\TransientActionFactoryTest.java","135","9","135","26","0","0","0","0","0","0","0","0","0","0","0","0","0","0","0","0","0","0","0","0","0","0","0","0"
"L72675","count","jenkins.model.TransientActionFactoryTest$OldFactory.count;I","L72677","L103","C:\GIT\pris2\SourceMeter\Guille\jenkins-jenkins-2.328\test\src\test\java\jenkins\model\TransientActionFactoryTest.java","173","9","173","26","0","0","0","0","0","0","0","0","0","0","0","0","0","0","0","0","0","0","0","0","0","0","0","0"
"L72700","allocation","jenkins.model.TransientActionFactoryTest$MyProminentProjectAction.allocation;Ljava/lang/String;","L72660","L103","C:\GIT\pris2\SourceMeter\Guille\jenkins-jenkins-2.328\test\src\test\java\jenkins\model\TransientActionFactoryTest.java","212","9","212","35","0","0","0","0","0","0","0","0","0","0","0","0","0","0","0","0","0","0","0","0","0","0","0","0"
"L73736","shortName","jenkins.plugins.DetachedPluginsUtil$DetachedPlugin.shortName;Ljava/lang/String;","L50612","L103","C:\GIT\pris2\SourceMeter\Guille\jenkins-jenkins-2.328\core\src\main\java\jenkins\plugins\DetachedPluginsUtil.java","167","9","167","40","0","0","0","0","0","0","0","0","0","0","0","0","0","0","0","0","0","0","0","0","0","0","0","0"
"L73739","splitWhen","jenkins.plugins.DetachedPluginsUtil$DetachedPlugin.splitWhen;LVersionNumber;","L50612","L103","C:\GIT\pris2\SourceMeter\Guille\jenkins-jenkins-2.328\core\src\main\java\jenkins\plugins\DetachedPluginsUtil.java","175","9","175","47","0","0","0","0","0","0","0","0","0","0","0","0","0","0","0","0","0","0","0","0","0","0","0","0"
"L73741","requiredVersion","jenkins.plugins.DetachedPluginsUtil$DetachedPlugin.requiredVersion;Ljava/lang/String;","L50612","L103","C:\GIT\pris2\SourceMeter\Guille\jenkins-jenkins-2.328\core\src\main\java\jenkins\plugins\DetachedPluginsUtil.java","176","9","176","46","0","0","0","0","0","0","0","0","0","0","0","0","0","0","0","0","0","0","0","0","0","0","0","0"
"L73761","minJavaVersion","jenkins.plugins.DetachedPluginsUtil$DetachedPlugin.minJavaVersion;LJavaSpecificationVersion;","L50612","L103","C:\GIT\pris2\SourceMeter\Guille\jenkins-jenkins-2.328\core\src\main\java\jenkins\plugins\DetachedPluginsUtil.java","177","9","177","63","0","0","0","0","0","0","0","0","0","0","0","0","0","0","0","0","0","0","0","0","0","0","0","0"
"L74270","tokenGenerationOnCreationEnabled","jenkins.security.apitoken.ApiTokenPropertyConfiguration.tokenGenerationOnCreationEnabled;Z","L66401","L103","C:\GIT\pris2\SourceMeter\Guille\jenkins-jenkins-2.328\core\src\main\java\jenkins\security\apitoken\ApiTokenPropertyConfiguration.java","45","5","45","62","0","0","0","0","0","0","0","0","0","0","0","0","0","0","0","0","0","0","0","0","0","0","0","0"
"L74272","creationOfLegacyTokenEnabled","jenkins.security.apitoken.ApiTokenPropertyConfiguration.creationOfLegacyTokenEnabled;Z","L66401","L103","C:\GIT\pris2\SourceMeter\Guille\jenkins-jenkins-2.328\core\src\main\java\jenkins\security\apitoken\ApiTokenPropertyConfiguration.java","51","5","51","58","0","0","0","0","0","0","0","0","0","0","0","0","0","0","0","0","0","0","0","0","0","0","0","0"
"L74274","usageStatisticsEnabled","jenkins.security.apitoken.ApiTokenPropertyConfiguration.usageStatisticsEnabled;Z","L66401","L103","C:\GIT\pris2\SourceMeter\Guille\jenkins-jenkins-2.328\core\src\main\java\jenkins\security\apitoken\ApiTokenPropertyConfiguration.java","57","5","57","51","0","0","0","0","0","0","0","0","0","0","0","0","0","0","0","0","0","0","0","0","0","0","0","0"
"L74306","LOGGER","jenkins.security.apitoken.ApiTokenStats.LOGGER;Ljava/util/logging/Logger;","L74305","L103","C:\GIT\pris2\SourceMeter\Guille\jenkins-jenkins-2.328\core\src\main\java\jenkins\security\apitoken\ApiTokenStats.java","53","5","53","90","0","0","0","0","0","0","0","0","0","0","0","0","0","0","0","0","0","0","0","0","0","0","0","0"
"L74309","tokenStats","jenkins.security.apitoken.ApiTokenStats.tokenStats;Ljava/util/List;","L74305","L103","C:\GIT\pris2\SourceMeter\Guille\jenkins-jenkins-2.328\core\src\main\java\jenkins\security\apitoken\ApiTokenStats.java","59","5","59","47","0","0","0","0","0","0","0","0","0","0","0","0","0","0","0","0","0","0","0","0","0","0","0","0"
"L74317","user","jenkins.security.apitoken.ApiTokenStats.user;Lhudson/model/User;","L74305","L103","C:\GIT\pris2\SourceMeter\Guille\jenkins-jenkins-2.328\core\src\main\java\jenkins\security\apitoken\ApiTokenStats.java","61","5","61","33","0","0","0","0","0","0","0","0","0","0","0","0","0","0","0","0","0","0","0","0","0","0","0","0"
"L74318","parent","jenkins.security.apitoken.ApiTokenStats.parent;Ljava/io/File;","L74305","L103","C:\GIT\pris2\SourceMeter\Guille\jenkins-jenkins-2.328\core\src\main\java\jenkins\security\apitoken\ApiTokenStats.java","63","5","64","27","0","0","0","0","0","0","0","0","0","0","0","0","0","0","0","0","0","0","0","0","0","0","0","0"
"L74433","LOGGER","jenkins.security.apitoken.ApiTokenStore.LOGGER;Ljava/util/logging/Logger;","L74432","L103","C:\GIT\pris2\SourceMeter\Guille\jenkins-jenkins-2.328\core\src\main\java\jenkins\security\apitoken\ApiTokenStore.java","59","5","59","90","0","0","0","0","0","0","0","0","0","0","0","0","0","0","0","0","0","0","0","0","0","0","0","0"
"L74436","RANDOM","jenkins.security.apitoken.ApiTokenStore.RANDOM;Ljava/security/SecureRandom;","L74432","L103","C:\GIT\pris2\SourceMeter\Guille\jenkins-jenkins-2.328\core\src\main\java\jenkins\security\apitoken\ApiTokenStore.java","60","5","60","67","0","0","0","0","0","0","0","0","0","0","0","0","0","0","0","0","0","0","0","0","0","0","0","0"
"L74437","SORT_BY_LOWERCASED_NAME","jenkins.security.apitoken.ApiTokenStore.SORT_BY_LOWERCASED_NAME;Ljava/util/Comparator;","L74432","L103","C:\GIT\pris2\SourceMeter\Guille\jenkins-jenkins-2.328\core\src\main\java\jenkins\security\apitoken\ApiTokenStore.java","62","5","63","100","0","0","0","0","0","0","0","0","0","0","0","0","0","0","0","0","0","0","0","0","0","0","0","0"
"L74448","TOKEN_LENGTH_V2","jenkins.security.apitoken.ApiTokenStore.TOKEN_LENGTH_V2;I","L74432","L103","C:\GIT\pris2\SourceMeter\Guille\jenkins-jenkins-2.328\core\src\main\java\jenkins\security\apitoken\ApiTokenStore.java","65","5","65","51","0","0","0","0","0","0","0","0","0","0","0","0","0","0","0","0","0","0","0","0","0","0","0","0"
"L74449","LEGACY_VERSION","jenkins.security.apitoken.ApiTokenStore.LEGACY_VERSION;Ljava/lang/String;","L74432","L103","C:\GIT\pris2\SourceMeter\Guille\jenkins-jenkins-2.328\core\src\main\java\jenkins\security\apitoken\ApiTokenStore.java","67","5","67","55","0","0","0","0","0","0","0","0","0","0","0","0","0","0","0","0","0","0","0","0","0","0","0","0"
"L74451","HASH_VERSION","jenkins.security.apitoken.ApiTokenStore.HASH_VERSION;Ljava/lang/String;","L74432","L103","C:\GIT\pris2\SourceMeter\Guille\jenkins-jenkins-2.328\core\src\main\java\jenkins\security\apitoken\ApiTokenStore.java","68","5","68","53","0","0","0","0","0","0","0","0","0","0","0","0","0","0","0","0","0","0","0","0","0","0","0","0"
"L74452","HASH_ALGORITHM","jenkins.security.apitoken.ApiTokenStore.HASH_ALGORITHM;Ljava/lang/String;","L74432","L103","C:\GIT\pris2\SourceMeter\Guille\jenkins-jenkins-2.328\core\src\main\java\jenkins\security\apitoken\ApiTokenStore.java","70","5","70","60","0","0","0","0","0","0","0","0","0","0","0","0","0","0","0","0","0","0","0","0","0","0","0","0"
"L74453","tokenList","jenkins.security.apitoken.ApiTokenStore.tokenList;Ljava/util/List;","L74432","L103","C:\GIT\pris2\SourceMeter\Guille\jenkins-jenkins-2.328\core\src\main\java\jenkins\security\apitoken\ApiTokenStore.java","72","5","72","41","0","0","0","0","0","0","0","0","0","0","0","0","0","0","0","0","0","0","0","0","0","0","0","0"
"L74520","VERSION_LENGTH","jenkins.security.apitoken.ApiTokenStore.VERSION_LENGTH;I","L74432","L103","C:\GIT\pris2\SourceMeter\Guille\jenkins-jenkins-2.328\core\src\main\java\jenkins\security\apitoken\ApiTokenStore.java","188","5","188","49","0","0","0","0","0","0","0","0","0","0","0","0","0","0","0","0","0","0","0","0","0","0","0","0"
"L74521","HEX_CHAR_LENGTH","jenkins.security.apitoken.ApiTokenStore.HEX_CHAR_LENGTH;I","L74432","L103","C:\GIT\pris2\SourceMeter\Guille\jenkins-jenkins-2.328\core\src\main\java\jenkins\security\apitoken\ApiTokenStore.java","189","5","189","51","0","0","0","0","0","0","0","0","0","0","0","0","0","0","0","0","0","0","0","0","0","0","0","0"
"L74522","CHECK_32_HEX_CHAR","jenkins.security.apitoken.ApiTokenStore.CHECK_32_HEX_CHAR;Ljava/util/regex/Pattern;","L74432","L103","C:\GIT\pris2\SourceMeter\Guille\jenkins-jenkins-2.328\core\src\main\java\jenkins\security\apitoken\ApiTokenStore.java","190","5","190","86","0","0","0","0","0","0","0","0","0","0","0","0","0","0","0","0","0","0","0","0","0","0","0","0"
"L74616","LOGGER","jenkins.security.apitoken.LegacyApiTokenAdministrativeMonitor.LOGGER;Ljava/util/logging/Logger;","L74614","L103","C:\GIT\pris2\SourceMeter\Guille\jenkins-jenkins-2.328\core\src\main\java\jenkins\security\apitoken\LegacyApiTokenAdministrativeMonitor.java","56","5","56","112","0","0","0","0","0","0","0","0","0","0","0","0","0","0","0","0","0","0","0","0","0","0","0","0"
"L74699","tokenUuid","jenkins.security.apitoken.TokenUuidAndPlainValue.tokenUuid;Ljava/lang/String;","L56481","L103","C:\GIT\pris2\SourceMeter\Guille\jenkins-jenkins-2.328\core\src\main\java\jenkins\security\apitoken\TokenUuidAndPlainValue.java","40","5","40","35","0","0","0","0","0","0","0","0","0","0","0","0","0","0","0","0","0","0","0","0","0","0","0","0"
"L56488","plainValue","jenkins.security.apitoken.TokenUuidAndPlainValue.plainValue;Ljava/lang/String;","L56481","L103","C:\GIT\pris2\SourceMeter\Guille\jenkins-jenkins-2.328\core\src\main\java\jenkins\security\apitoken\TokenUuidAndPlainValue.java","46","5","46","36","0","0","0","0","0","0","0","0","0","0","0","0","0","0","0","0","0","0","0","0","0","0","0","0"
"L74707","tmp","jenkins.security.apitoken.ApiTokenStatsTest.tmp;LTemporaryFolder;","L74705","L103","C:\GIT\pris2\SourceMeter\Guille\jenkins-jenkins-2.328\core\src\test\java\jenkins\security\apitoken\ApiTokenStatsTest.java","63","5","64","56","0","0","0","0","0","0","0","0","0","0","0","0","0","0","0","0","0","0","0","0","0","0","0","0"
"L74749","j","jenkins.security.apitoken.ApiTokenPropertyConfigurationTest.j;LJenkinsRule;","L74747","L103","C:\GIT\pris2\SourceMeter\Guille\jenkins-jenkins-2.328\test\src\test\java\jenkins\security\apitoken\ApiTokenPropertyConfigurationTest.java","42","5","43","46","0","0","0","0","0","0","0","0","0","0","0","0","0","0","0","0","0","0","0","0","0","0","0","0"
"L74753","sessions","jenkins.security.apitoken.ApiTokenStatsRestartTest.sessions;LJenkinsSessionRule;","L74751","L103","C:\GIT\pris2\SourceMeter\Guille\jenkins-jenkins-2.328\test\src\test\java\jenkins\security\apitoken\ApiTokenStatsRestartTest.java","63","5","64","67","0","0","0","0","0","0","0","0","0","0","0","0","0","0","0","0","0","0","0","0","0","0","0","0"
"L74775","j","jenkins.security.apitoken.ApiTokenStatsTest.j;LJenkinsRule;","L74773","L103","C:\GIT\pris2\SourceMeter\Guille\jenkins-jenkins-2.328\test\src\test\java\jenkins\security\apitoken\ApiTokenStatsTest.java","56","5","57","46","0","0","0","0","0","0","0","0","0","0","0","0","0","0","0","0","0","0","0","0","0","0","0","0"
"L74795","j","jenkins.security.apitoken.LegacyApiTokenAdministrativeMonitorTest.j;LJenkinsRule;","L74793","L103","C:\GIT\pris2\SourceMeter\Guille\jenkins-jenkins-2.328\test\src\test\java\jenkins\security\apitoken\LegacyApiTokenAdministrativeMonitorTest.java","53","5","54","46","0","0","0","0","0","0","0","0","0","0","0","0","0","0","0","0","0","0","0","0","0","0","0","0"
"L74861","nextId","jenkins.security.apitoken.LegacyApiTokenAdministrativeMonitorTest.nextId;I","L74793","L103","C:\GIT\pris2\SourceMeter\Guille\jenkins-jenkins-2.328\test\src\test\java\jenkins\security\apitoken\LegacyApiTokenAdministrativeMonitorTest.java","387","5","387","28","0","0","0","0","0","0","0","0","0","0","0","0","0","0","0","0","0","0","0","0","0","0","0","0"
"L74929","uuid","jenkins.security.ApiTokenProperty$TokenInfoAndStats.uuid;Ljava/lang/String;","L74638","L103","C:\GIT\pris2\SourceMeter\Guille\jenkins-jenkins-2.328\core\src\main\java\jenkins\security\ApiTokenProperty.java","249","9","249","34","0","0","0","0","0","0","0","0","0","0","0","0","0","0","0","0","0","0","0","0","0","0","0","0"
"L74930","name","jenkins.security.ApiTokenProperty$TokenInfoAndStats.name;Ljava/lang/String;","L74638","L103","C:\GIT\pris2\SourceMeter\Guille\jenkins-jenkins-2.328\core\src\main\java\jenkins\security\ApiTokenProperty.java","250","9","250","34","0","0","0","0","0","0","0","0","0","0","0","0","0","0","0","0","0","0","0","0","0","0","0","0"
"L74662","creationDate","jenkins.security.ApiTokenProperty$TokenInfoAndStats.creationDate;Ljava/util/Date;","L74638","L103","C:\GIT\pris2\SourceMeter\Guille\jenkins-jenkins-2.328\core\src\main\java\jenkins\security\ApiTokenProperty.java","251","9","251","40","0","0","0","0","0","0","0","0","0","0","0","0","0","0","0","0","0","0","0","0","0","0","0","0"
"L74931","numDaysCreation","jenkins.security.ApiTokenProperty$TokenInfoAndStats.numDaysCreation;J","L74638","L103","C:\GIT\pris2\SourceMeter\Guille\jenkins-jenkins-2.328\core\src\main\java\jenkins\security\ApiTokenProperty.java","252","9","252","43","0","0","0","0","0","0","0","0","0","0","0","0","0","0","0","0","0","0","0","0","0","0","0","0"
"L74658","isLegacy","jenkins.security.ApiTokenProperty$TokenInfoAndStats.isLegacy;Z","L74638","L103","C:\GIT\pris2\SourceMeter\Guille\jenkins-jenkins-2.328\core\src\main\java\jenkins\security\ApiTokenProperty.java","253","9","253","39","0","0","0","0","0","0","0","0","0","0","0","0","0","0","0","0","0","0","0","0","0","0","0","0"
"L74932","useCounter","jenkins.security.ApiTokenProperty$TokenInfoAndStats.useCounter;I","L74638","L103","C:\GIT\pris2\SourceMeter\Guille\jenkins-jenkins-2.328\core\src\main\java\jenkins\security\ApiTokenProperty.java","255","9","255","37","0","0","0","0","0","0","0","0","0","0","0","0","0","0","0","0","0","0","0","0","0","0","0","0"
"L74664","lastUseDate","jenkins.security.ApiTokenProperty$TokenInfoAndStats.lastUseDate;Ljava/util/Date;","L74638","L103","C:\GIT\pris2\SourceMeter\Guille\jenkins-jenkins-2.328\core\src\main\java\jenkins\security\ApiTokenProperty.java","256","9","256","39","0","0","0","0","0","0","0","0","0","0","0","0","0","0","0","0","0","0","0","0","0","0","0","0"
"L74933","numDaysUse","jenkins.security.ApiTokenProperty$TokenInfoAndStats.numDaysUse;J","L74638","L103","C:\GIT\pris2\SourceMeter\Guille\jenkins-jenkins-2.328\core\src\main\java\jenkins\security\ApiTokenProperty.java","257","9","257","38","0","0","0","0","0","0","0","0","0","0","0","0","0","0","0","0","0","0","0","0","0","0","0","0"
"L75267","INSTANCE","jenkins.security.ConfidentialStore$Mock.INSTANCE;Ljenkins/security/ConfidentialStore$Mock;","L75286","L103","C:\GIT\pris2\SourceMeter\Guille\jenkins-jenkins-2.328\core\src\main\java\jenkins\security\ConfidentialStore.java","111","9","111","49","0","0","0","0","0","0","0","0","0","0","0","0","0","0","0","0","0","0","0","0","0","0","0","0"
"L75289","rand","jenkins.security.ConfidentialStore$Mock.rand;Ljava/security/SecureRandom;","L75286","L103","C:\GIT\pris2\SourceMeter\Guille\jenkins-jenkins-2.328\core\src\main\java\jenkins\security\ConfidentialStore.java","113","9","113","41","0","0","0","0","0","0","0","0","0","0","0","0","0","0","0","0","0","0","0","0","0","0","0","0"
"L75290","data","jenkins.security.ConfidentialStore$Mock.data;Ljava/util/Map;","L75286","L103","C:\GIT\pris2\SourceMeter\Guille\jenkins-jenkins-2.328\core\src\main\java\jenkins\security\ConfidentialStore.java","115","9","115","76","0","0","0","0","0","0","0","0","0","0","0","0","0","0","0","0","0","0","0","0","0","0","0","0"
"L75364","j","jenkins.security.csrf.CSRFAdministrativeMonitorTest.j;LJenkinsRule;","L75362","L103","C:\GIT\pris2\SourceMeter\Guille\jenkins-jenkins-2.328\test\src\test\java\jenkins\security\csrf\CSRFAdministrativeMonitorTest.java","39","5","40","46","0","0","0","0","0","0","0","0","0","0","0","0","0","0","0","0","0","0","0","0","0","0","0","0"
"L75378","overrides","jenkins.security.CustomClassFilter$Static.overrides;Ljava/util/Map;","L75376","L103","C:\GIT\pris2\SourceMeter\Guille\jenkins-jenkins-2.328\core\src\main\java\jenkins\security\CustomClassFilter.java","94","9","94","71","0","0","0","0","0","0","0","0","0","0","0","0","0","0","0","0","0","0","0","0","0","0","0","0"
"L75392","overrides","jenkins.security.CustomClassFilter$Contributed.overrides;Ljava/util/Map;","L75389","L103","C:\GIT\pris2\SourceMeter\Guille\jenkins-jenkins-2.328\core\src\main\java\jenkins\security\CustomClassFilter.java","141","9","141","72","0","0","0","0","0","0","0","0","0","0","0","0","0","0","0","0","0","0","0","0","0","0","0","0"
"L75786","providers","jenkins.security.QueueItemAuthenticatorProvider$IteratorImpl.providers;Ljava/util/Iterator;","L75782","L103","C:\GIT\pris2\SourceMeter\Guille\jenkins-jenkins-2.328\core\src\main\java\jenkins\security\QueueItemAuthenticatorProvider.java","29","9","29","74","0","0","0","0","0","0","0","0","0","0","0","0","0","0","0","0","0","0","0","0","0","0","0","0"
"L75790","delegate","jenkins.security.QueueItemAuthenticatorProvider$IteratorImpl.delegate;Ljava/util/Iterator;","L75782","L103","C:\GIT\pris2\SourceMeter\Guille\jenkins-jenkins-2.328\core\src\main\java\jenkins\security\QueueItemAuthenticatorProvider.java","30","9","30","66","0","0","0","0","0","0","0","0","0","0","0","0","0","0","0","0","0","0","0","0","0","0","0","0"
"L75982","url","jenkins.security.ResourceDomainRootAction$Redirection.url;Ljava/lang/String;","L75977","L103","C:\GIT\pris2\SourceMeter\Guille\jenkins-jenkins-2.328\core\src\main\java\jenkins\security\ResourceDomainRootAction.java","136","9","136","34","0","0","0","0","0","0","0","0","0","0","0","0","0","0","0","0","0","0","0","0","0","0","0","0"
"L76003","authenticationName","jenkins.security.ResourceDomainRootAction$InternalResourceRequest.authenticationName;Ljava/lang/String;","L75972","L103","C:\GIT\pris2\SourceMeter\Guille\jenkins-jenkins-2.328\core\src\main\java\jenkins\security\ResourceDomainRootAction.java","199","9","199","49","0","0","0","0","0","0","0","0","0","0","0","0","0","0","0","0","0","0","0","0","0","0","0","0"
"L76004","browserUrl","jenkins.security.ResourceDomainRootAction$InternalResourceRequest.browserUrl;Ljava/lang/String;","L75972","L103","C:\GIT\pris2\SourceMeter\Guille\jenkins-jenkins-2.328\core\src\main\java\jenkins\security\ResourceDomainRootAction.java","200","9","200","41","0","0","0","0","0","0","0","0","0","0","0","0","0","0","0","0","0","0","0","0","0","0","0","0"
"L75960","path","jenkins.security.ResourceDomainRootAction$Token.path;Ljava/lang/String;","L30682","L103","C:\GIT\pris2\SourceMeter\Guille\jenkins-jenkins-2.328\core\src\main\java\jenkins\security\ResourceDomainRootAction.java","270","9","270","29","0","0","0","0","0","0","0","0","0","0","0","0","0","0","0","0","0","0","0","0","0","0","0","0"
"L75958","username","jenkins.security.ResourceDomainRootAction$Token.username;Ljava/lang/String;","L30682","L103","C:\GIT\pris2\SourceMeter\Guille\jenkins-jenkins-2.328\core\src\main\java\jenkins\security\ResourceDomainRootAction.java","271","9","271","33","0","0","0","0","0","0","0","0","0","0","0","0","0","0","0","0","0","0","0","0","0","0","0","0"
"L75966","timestamp","jenkins.security.ResourceDomainRootAction$Token.timestamp;Ljava/time/Instant;","L30682","L103","C:\GIT\pris2\SourceMeter\Guille\jenkins-jenkins-2.328\core\src\main\java\jenkins\security\ResourceDomainRootAction.java","272","9","272","35","0","0","0","0","0","0","0","0","0","0","0","0","0","0","0","0","0","0","0","0","0","0","0","0"
"L76093","LOGGER","jenkins.security.s2m.AdminWhitelistRule.LOGGER;Ljava/util/logging/Logger;","L64537","L103","C:\GIT\pris2\SourceMeter\Guille\jenkins-jenkins-2.328\core\src\main\java\jenkins\security\s2m\AdminWhitelistRule.java","39","5","39","95","0","0","0","0","0","0","0","0","0","0","0","0","0","0","0","0","0","0","0","0","0","0","0","0"
"L76100","BYPASS_PROP","jenkins.security.s2m.CallableDirectionChecker.BYPASS_PROP;Ljava/lang/String;","L76097","L103","C:\GIT\pris2\SourceMeter\Guille\jenkins-jenkins-2.328\core\src\main\java\jenkins\security\s2m\CallableDirectionChecker.java","30","5","30","99","0","0","0","0","0","0","0","0","0","0","0","0","0","0","0","0","0","0","0","0","0","0","0","0"
"L76103","ALLOW_ANY_ROLE_PROP","jenkins.security.s2m.CallableDirectionChecker.ALLOW_ANY_ROLE_PROP;Ljava/lang/String;","L76097","L103","C:\GIT\pris2\SourceMeter\Guille\jenkins-jenkins-2.328\core\src\main\java\jenkins\security\s2m\CallableDirectionChecker.java","32","5","32","114","0","0","0","0","0","0","0","0","0","0","0","0","0","0","0","0","0","0","0","0","0","0","0","0"
"L76104","BYPASS","jenkins.security.s2m.CallableDirectionChecker.BYPASS;Z","L76097","L103","C:\GIT\pris2\SourceMeter\Guille\jenkins-jenkins-2.328\core\src\main\java\jenkins\security\s2m\CallableDirectionChecker.java","40","5","41","77","0","0","0","0","0","0","0","0","0","0","0","0","0","0","0","0","0","0","0","0","0","0","0","0"
"L76111","LOGGER","jenkins.security.s2m.CallableDirectionChecker.LOGGER;Ljava/util/logging/Logger;","L76097","L103","C:\GIT\pris2\SourceMeter\Guille\jenkins-jenkins-2.328\core\src\main\java\jenkins\security\s2m\CallableDirectionChecker.java","84","5","84","101","0","0","0","0","0","0","0","0","0","0","0","0","0","0","0","0","0","0","0","0","0","0","0","0"
"L76129","PROP","jenkins.security.SecureRequester$Default.PROP;Ljava/lang/String;","L76127","L103","C:\GIT\pris2\SourceMeter\Guille\jenkins-jenkins-2.328\core\src\main\java\jenkins\security\SecureRequester.java","36","9","36","72","0","0","0","0","0","0","0","0","0","0","0","0","0","0","0","0","0","0","0","0","0","0","0","0"
"L76130","INSECURE","jenkins.security.SecureRequester$Default.INSECURE;Z","L76127","L103","C:\GIT\pris2\SourceMeter\Guille\jenkins-jenkins-2.328\core\src\main\java\jenkins\security\SecureRequester.java","37","9","37","83","0","0","0","0","0","0","0","0","0","0","0","0","0","0","0","0","0","0","0","0","0","0","0","0"
"L76222","LOGGER","jenkins.security.seed.UserSeedChangeListener.LOGGER;Ljava/util/logging/Logger;","L76218","L103","C:\GIT\pris2\SourceMeter\Guille\jenkins-jenkins-2.328\core\src\main\java\jenkins\security\seed\UserSeedChangeListener.java","44","5","44","93","0","0","0","0","0","0","0","0","0","0","0","0","0","0","0","0","0","0","0","0","0","0","0","0"
"L54181","DISABLE_USER_SEED","jenkins.security.seed.UserSeedProperty.DISABLE_USER_SEED;Z","L54183","L103","C:\GIT\pris2\SourceMeter\Guille\jenkins-jenkins-2.328\core\src\main\java\jenkins\security\seed\UserSeedProperty.java","67","5","69","162","0","0","0","0","0","0","0","0","0","0","0","0","0","0","0","0","0","0","0","0","0","0","0","0"
"L76240","HIDE_USER_SEED_SECTION","jenkins.security.seed.UserSeedProperty.HIDE_USER_SEED_SECTION;Z","L54183","L103","C:\GIT\pris2\SourceMeter\Guille\jenkins-jenkins-2.328\core\src\main\java\jenkins\security\seed\UserSeedProperty.java","74","5","76","171","0","0","0","0","0","0","0","0","0","0","0","0","0","0","0","0","0","0","0","0","0","0","0","0"
"L54188","USER_SESSION_SEED","jenkins.security.seed.UserSeedProperty.USER_SESSION_SEED;Ljava/lang/String;","L54183","L103","C:\GIT\pris2\SourceMeter\Guille\jenkins-jenkins-2.328\core\src\main\java\jenkins\security\seed\UserSeedProperty.java","78","5","78","76","0","0","0","0","0","0","0","0","0","0","0","0","0","0","0","0","0","0","0","0","0","0","0","0"
"L76242","RANDOM","jenkins.security.seed.UserSeedProperty.RANDOM;Ljava/security/SecureRandom;","L54183","L103","C:\GIT\pris2\SourceMeter\Guille\jenkins-jenkins-2.328\core\src\main\java\jenkins\security\seed\UserSeedProperty.java","80","5","80","67","0","0","0","0","0","0","0","0","0","0","0","0","0","0","0","0","0","0","0","0","0","0","0","0"
"L76243","SEED_NUM_BYTES","jenkins.security.seed.UserSeedProperty.SEED_NUM_BYTES;I","L54183","L103","C:\GIT\pris2\SourceMeter\Guille\jenkins-jenkins-2.328\core\src\main\java\jenkins\security\seed\UserSeedProperty.java","81","5","81","49","0","0","0","0","0","0","0","0","0","0","0","0","0","0","0","0","0","0","0","0","0","0","0","0"
"L76244","seed","jenkins.security.seed.UserSeedProperty.seed;Ljava/lang/String;","L54183","L103","C:\GIT\pris2\SourceMeter\Guille\jenkins-jenkins-2.328\core\src\main\java\jenkins\security\seed\UserSeedProperty.java","83","5","83","25","0","0","0","0","0","0","0","0","0","0","0","0","0","0","0","0","0","0","0","0","0","0","0","0"
"L76281","j","jenkins.security.seed.UserSeedChangeListenerTest.j;LJenkinsRule;","L76279","L103","C:\GIT\pris2\SourceMeter\Guille\jenkins-jenkins-2.328\test\src\test\java\jenkins\security\seed\UserSeedChangeListenerTest.java","43","5","44","46","0","0","0","0","0","0","0","0","0","0","0","0","0","0","0","0","0","0","0","0","0","0","0","0"
"L76298","sessions","jenkins.security.seed.UserSeedPropertyRestartTest.sessions;LJenkinsSessionRule;","L76296","L103","C:\GIT\pris2\SourceMeter\Guille\jenkins-jenkins-2.328\test\src\test\java\jenkins\security\seed\UserSeedPropertyRestartTest.java","46","5","47","67","0","0","0","0","0","0","0","0","0","0","0","0","0","0","0","0","0","0","0","0","0","0","0","0"
"L76316","j","jenkins.security.seed.UserSeedPropertyTest.j;LJenkinsRule;","L76314","L103","C:\GIT\pris2\SourceMeter\Guille\jenkins-jenkins-2.328\test\src\test\java\jenkins\security\seed\UserSeedPropertyTest.java","57","5","58","46","0","0","0","0","0","0","0","0","0","0","0","0","0","0","0","0","0","0","0","0","0","0","0","0"
"L76348","j","jenkins.security.seed.UserSeedSecurityListenerTest.j;LJenkinsRule;","L76346","L103","C:\GIT\pris2\SourceMeter\Guille\jenkins-jenkins-2.328\test\src\test\java\jenkins\security\seed\UserSeedSecurityListenerTest.java","41","5","42","46","0","0","0","0","0","0","0","0","0","0","0","0","0","0","0","0","0","0","0","0","0","0","0","0"
"L76391","LOGGER","jenkins.security.stapler.DoActionFilter.LOGGER;Ljava/util/logging/Logger;","L68361","L103","C:\GIT\pris2\SourceMeter\Guille\jenkins-jenkins-2.328\core\src\main\java\jenkins\security\stapler\DoActionFilter.java","42","5","42","91","0","0","0","0","0","0","0","0","0","0","0","0","0","0","0","0","0","0","0","0","0","0","0","0"
"L76392","DO_METHOD_REGEX","jenkins.security.stapler.DoActionFilter.DO_METHOD_REGEX;Ljava/util/regex/Pattern;","L68361","L103","C:\GIT\pris2\SourceMeter\Guille\jenkins-jenkins-2.328\core\src\main\java\jenkins\security\stapler\DoActionFilter.java","50","5","50","83","0","0","0","0","0","0","0","0","0","0","0","0","0","0","0","0","0","0","0","0","0","0","0","0"
"L76431","LOGGER","jenkins.security.stapler.StaplerDispatchValidator.LOGGER;Ljava/util/logging/Logger;","L68371","L103","C:\GIT\pris2\SourceMeter\Guille\jenkins-jenkins-2.328\core\src\main\java\jenkins\security\stapler\StaplerDispatchValidator.java","88","5","88","101","0","0","0","0","0","0","0","0","0","0","0","0","0","0","0","0","0","0","0","0","0","0","0","0"
"L76432","ATTRIBUTE_NAME","jenkins.security.stapler.StaplerDispatchValidator.ATTRIBUTE_NAME;Ljava/lang/String;","L68371","L103","C:\GIT\pris2\SourceMeter\Guille\jenkins-jenkins-2.328\core\src\main\java\jenkins\security\stapler\StaplerDispatchValidator.java","89","5","89","103","0","0","0","0","0","0","0","0","0","0","0","0","0","0","0","0","0","0","0","0","0","0","0","0"
"L76433","ESCAPE_HATCH","jenkins.security.stapler.StaplerDispatchValidator.ESCAPE_HATCH;Ljava/lang/String;","L68371","L103","C:\GIT\pris2\SourceMeter\Guille\jenkins-jenkins-2.328\core\src\main\java\jenkins\security\stapler\StaplerDispatchValidator.java","90","5","90","103","0","0","0","0","0","0","0","0","0","0","0","0","0","0","0","0","0","0","0","0","0","0","0","0"
"L76434","DISABLED","jenkins.security.stapler.StaplerDispatchValidator.DISABLED;Z","L68371","L103","C:\GIT\pris2\SourceMeter\Guille\jenkins-jenkins-2.328\core\src\main\java\jenkins\security\stapler\StaplerDispatchValidator.java","94","5","95","110","0","0","0","0","0","0","0","0","0","0","0","0","0","0","0","0","0","0","0","0","0","0","0","0"
"L76452","cache","jenkins.security.stapler.StaplerDispatchValidator.cache;Ljenkins/security/stapler/StaplerDispatchValidator$ValidatorCache;","L68371","L103","C:\GIT\pris2\SourceMeter\Guille\jenkins-jenkins-2.328\core\src\main\java\jenkins\security\stapler\StaplerDispatchValidator.java","122","5","122","40","0","0","0","0","0","0","0","0","0","0","0","0","0","0","0","0","0","0","0","0","0","0","0","0"
"L76580","LOGGER","jenkins.security.stapler.StaplerFilteredActionListener.LOGGER;Ljava/util/logging/Logger;","L68366","L103","C:\GIT\pris2\SourceMeter\Guille\jenkins-jenkins-2.328\core\src\main\java\jenkins\security\stapler\StaplerFilteredActionListener.java","45","5","45","106","0","0","0","0","0","0","0","0","0","0","0","0","0","0","0","0","0","0","0","0","0","0","0","0"
"L76581","LOG_MESSAGE","jenkins.security.stapler.StaplerFilteredActionListener.LOG_MESSAGE;Ljava/lang/String;","L68366","L103","C:\GIT\pris2\SourceMeter\Guille\jenkins-jenkins-2.328\core\src\main\java\jenkins\security\stapler\StaplerFilteredActionListener.java","47","5","49","75","0","0","0","0","0","0","0","0","0","0","0","0","0","0","0","0","0","0","0","0","0","0","0","0"
"L76609","LOGGER","jenkins.security.stapler.StaticRoutingDecisionProvider.LOGGER;Ljava/util/logging/Logger;","L76607","L103","C:\GIT\pris2\SourceMeter\Guille\jenkins-jenkins-2.328\core\src\main\java\jenkins\security\stapler\StaticRoutingDecisionProvider.java","61","5","61","106","0","0","0","0","0","0","0","0","0","0","0","0","0","0","0","0","0","0","0","0","0","0","0","0"
"L76612","whitelistSignaturesFromFixedList","jenkins.security.stapler.StaticRoutingDecisionProvider.whitelistSignaturesFromFixedList;Ljava/util/Set;","L76607","L103","C:\GIT\pris2\SourceMeter\Guille\jenkins-jenkins-2.328\core\src\main\java\jenkins\security\stapler\StaticRoutingDecisionProvider.java","63","5","63","58","0","0","0","0","0","0","0","0","0","0","0","0","0","0","0","0","0","0","0","0","0","0","0","0"
"L76613","whitelistSignaturesFromUserControlledList","jenkins.security.stapler.StaticRoutingDecisionProvider.whitelistSignaturesFromUserControlledList;Ljava/util/Set;","L76607","L103","C:\GIT\pris2\SourceMeter\Guille\jenkins-jenkins-2.328\core\src\main\java\jenkins\security\stapler\StaticRoutingDecisionProvider.java","64","5","64","67","0","0","0","0","0","0","0","0","0","0","0","0","0","0","0","0","0","0","0","0","0","0","0","0"
"L76614","blacklistSignaturesFromFixedList","jenkins.security.stapler.StaticRoutingDecisionProvider.blacklistSignaturesFromFixedList;Ljava/util/Set;","L76607","L103","C:\GIT\pris2\SourceMeter\Guille\jenkins-jenkins-2.328\core\src\main\java\jenkins\security\stapler\StaticRoutingDecisionProvider.java","66","5","66","58","0","0","0","0","0","0","0","0","0","0","0","0","0","0","0","0","0","0","0","0","0","0","0","0"
"L76615","blacklistSignaturesFromUserControlledList","jenkins.security.stapler.StaticRoutingDecisionProvider.blacklistSignaturesFromUserControlledList;Ljava/util/Set;","L76607","L103","C:\GIT\pris2\SourceMeter\Guille\jenkins-jenkins-2.328\core\src\main\java\jenkins\security\stapler\StaticRoutingDecisionProvider.java","67","5","67","67","0","0","0","0","0","0","0","0","0","0","0","0","0","0","0","0","0","0","0","0","0","0","0","0"
"L76656","WHITELIST_PATH","jenkins.security.stapler.StaticRoutingDecisionProvider.WHITELIST_PATH;Ljava/lang/String;","L76607","L103","C:\GIT\pris2\SourceMeter\Guille\jenkins-jenkins-2.328\core\src\main\java\jenkins\security\stapler\StaticRoutingDecisionProvider.java","267","5","268","132","0","0","0","0","0","0","0","0","0","0","0","0","0","0","0","0","0","0","0","0","0","0","0","0"
"L76666","LOGGER","jenkins.security.stapler.TypedFilter.LOGGER;Ljava/util/logging/Logger;","L68356","L103","C:\GIT\pris2\SourceMeter\Guille\jenkins-jenkins-2.328\core\src\main\java\jenkins\security\stapler\TypedFilter.java","26","5","26","88","0","0","0","0","0","0","0","0","0","0","0","0","0","0","0","0","0","0","0","0","0","0","0","0"
"L76667","staplerCache","jenkins.security.stapler.TypedFilter.staplerCache;Ljava/util/Map;","L68356","L103","C:\GIT\pris2\SourceMeter\Guille\jenkins-jenkins-2.328\core\src\main\java\jenkins\security\stapler\TypedFilter.java","28","5","28","80","0","0","0","0","0","0","0","0","0","0","0","0","0","0","0","0","0","0","0","0","0","0","0","0"
"L76675","SKIP_TYPE_CHECK","jenkins.security.stapler.TypedFilter.SKIP_TYPE_CHECK;Z","L68356","L103","C:\GIT\pris2\SourceMeter\Guille\jenkins-jenkins-2.328\core\src\main\java\jenkins\security\stapler\TypedFilter.java","271","5","273","153","0","0","0","0","0","0","0","0","0","0","0","0","0","0","0","0","0","0","0","0","0","0","0","0"
"L76699","PROHIBIT_STATIC_ACCESS","jenkins.security.stapler.TypedFilter.PROHIBIT_STATIC_ACCESS;Z","L68356","L103","C:\GIT\pris2\SourceMeter\Guille\jenkins-jenkins-2.328\core\src\main\java\jenkins\security\stapler\TypedFilter.java","275","5","277","173","0","0","0","0","0","0","0","0","0","0","0","0","0","0","0","0","0","0","0","0","0","0","0","0"
"L76706","WEB_METHOD_PARAMETERS","jenkins.security.stapler.WebMethodConstants.WEB_METHOD_PARAMETERS;Ljava/util/List;","L76704","L103","C:\GIT\pris2\SourceMeter\Guille\jenkins-jenkins-2.328\core\src\main\java\jenkins\security\stapler\WebMethodConstants.java","52","5","57","8","0","0","0","0","0","0","0","0","0","0","0","0","0","0","0","0","0","0","0","0","0","0","0","0"
"L76417","WEB_METHOD_PARAMETERS_NAMES","jenkins.security.stapler.WebMethodConstants.WEB_METHOD_PARAMETERS_NAMES;Ljava/util/Set;","L76704","L103","C:\GIT\pris2\SourceMeter\Guille\jenkins-jenkins-2.328\core\src\main\java\jenkins\security\stapler\WebMethodConstants.java","59","5","63","7","0","0","0","0","0","0","0","0","0","0","0","0","0","0","0","0","0","0","0","0","0","0","0","0"
"L76712","WEB_METHOD_ANNOTATIONS","jenkins.security.stapler.WebMethodConstants.WEB_METHOD_ANNOTATIONS;Ljava/util/List;","L76704","L103","C:\GIT\pris2\SourceMeter\Guille\jenkins-jenkins-2.328\core\src\main\java\jenkins\security\stapler\WebMethodConstants.java","69","5","73","7","0","0","0","0","0","0","0","0","0","0","0","0","0","0","0","0","0","0","0","0","0","0","0","0"
"L76412","WEB_METHOD_ANNOTATION_NAMES","jenkins.security.stapler.WebMethodConstants.WEB_METHOD_ANNOTATION_NAMES;Ljava/util/Set;","L76704","L103","C:\GIT\pris2\SourceMeter\Guille\jenkins-jenkins-2.328\core\src\main\java\jenkins\security\stapler\WebMethodConstants.java","75","5","75","58","0","0","0","0","0","0","0","0","0","0","0","0","0","0","0","0","0","0","0","0","0","0","0","0"
"L76719","WEB_METHOD_PARAMETER_ANNOTATIONS","jenkins.security.stapler.WebMethodConstants.WEB_METHOD_PARAMETER_ANNOTATIONS;Ljava/util/List;","L76704","L103","C:\GIT\pris2\SourceMeter\Guille\jenkins-jenkins-2.328\core\src\main\java\jenkins\security\stapler\WebMethodConstants.java","89","5","95","8","0","0","0","0","0","0","0","0","0","0","0","0","0","0","0","0","0","0","0","0","0","0","0","0"
"L76414","WEB_METHOD_PARAMETER_ANNOTATION_NAMES","jenkins.security.stapler.WebMethodConstants.WEB_METHOD_PARAMETER_ANNOTATION_NAMES;Ljava/util/Set;","L76704","L103","C:\GIT\pris2\SourceMeter\Guille\jenkins-jenkins-2.328\core\src\main\java\jenkins\security\stapler\WebMethodConstants.java","97","5","101","7","0","0","0","0","0","0","0","0","0","0","0","0","0","0","0","0","0","0","0","0","0","0","0","0"
"L76779","j","jenkins.security.stapler.CustomRoutingDecisionProviderTest.j;LJenkinsRule;","L76777","L103","C:\GIT\pris2\SourceMeter\Guille\jenkins-jenkins-2.328\test\src\test\java\jenkins\security\stapler\CustomRoutingDecisionProviderTest.java","50","5","51","46","0","0","0","0","0","0","0","0","0","0","0","0","0","0","0","0","0","0","0","0","0","0","0","0"
"L77096","j","jenkins.security.stapler.DynamicTest.j;LJenkinsRule;","L77094","L103","C:\GIT\pris2\SourceMeter\Guille\jenkins-jenkins-2.328\test\src\test\java\jenkins\security\stapler\DynamicTest.java","20","5","21","46","0","0","0","0","0","0","0","0","0","0","0","0","0","0","0","0","0","0","0","0","0","0","0","0"
"L77288","j","jenkins.security.stapler.JenkinsSupportAnnotationsTest.j;LJenkinsRule;","L77286","L103","C:\GIT\pris2\SourceMeter\Guille\jenkins-jenkins-2.328\test\src\test\java\jenkins\security\stapler\JenkinsSupportAnnotationsTest.java","17","5","18","46","0","0","0","0","0","0","0","0","0","0","0","0","0","0","0","0","0","0","0","0","0","0","0","0"
"L77318","j","jenkins.security.stapler.Security400Test.j;LJenkinsRule;","L77315","L103","C:\GIT\pris2\SourceMeter\Guille\jenkins-jenkins-2.328\test\src\test\java\jenkins\security\stapler\Security400Test.java","79","5","80","46","0","0","0","0","0","0","0","0","0","0","0","0","0","0","0","0","0","0","0","0","0","0","0","0"
"L77319","filteredDoActionTriggered","jenkins.security.stapler.Security400Test.filteredDoActionTriggered;Z","L77315","L103","C:\GIT\pris2\SourceMeter\Guille\jenkins-jenkins-2.328\test\src\test\java\jenkins\security\stapler\Security400Test.java","82","5","82","62","0","0","0","0","0","0","0","0","0","0","0","0","0","0","0","0","0","0","0","0","0","0","0","0"
"L77341","ran","jenkins.security.stapler.Security400Test.ran;Z","L77315","L103","C:\GIT\pris2\SourceMeter\Guille\jenkins-jenkins-2.328\test\src\test\java\jenkins\security\stapler\Security400Test.java","119","5","119","32","0","0","0","0","0","0","0","0","0","0","0","0","0","0","0","0","0","0","0","0","0","0","0","0"
"L77394","j","jenkins.security.stapler.Security867Test.j;LJenkinsRule;","L77392","L103","C:\GIT\pris2\SourceMeter\Guille\jenkins-jenkins-2.328\test\src\test\java\jenkins\security\stapler\Security867Test.java","43","5","44","46","0","0","0","0","0","0","0","0","0","0","0","0","0","0","0","0","0","0","0","0","0","0","0","0"
"L77426","j","jenkins.security.stapler.Security914Test.j;LJenkinsRule;","L77424","L103","C:\GIT\pris2\SourceMeter\Guille\jenkins-jenkins-2.328\test\src\test\java\jenkins\security\stapler\Security914Test.java","46","5","47","46","0","0","0","0","0","0","0","0","0","0","0","0","0","0","0","0","0","0","0","0","0","0","0","0"
"L77430","rule","jenkins.security.stapler.StaplerAbstractTest.rule;LJenkinsRule;","L76793","L103","C:\GIT\pris2\SourceMeter\Guille\jenkins-jenkins-2.328\test\src\test\java\jenkins\security\stapler\StaplerAbstractTest.java","54","5","55","56","0","0","0","0","0","0","0","0","0","0","0","0","0","0","0","0","0","0","0","0","0","0","0","0"
"L76937","j","jenkins.security.stapler.StaplerAbstractTest.j;LJenkinsRule;","L76793","L103","C:\GIT\pris2\SourceMeter\Guille\jenkins-jenkins-2.328\test\src\test\java\jenkins\security\stapler\StaplerAbstractTest.java","56","5","56","29","0","0","0","0","0","0","0","0","0","0","0","0","0","0","0","0","0","0","0","0","0","0","0","0"
"L76830","wc","jenkins.security.stapler.StaplerAbstractTest.wc;LJenkinsRule/WebClient;","L76793","L103","C:\GIT\pris2\SourceMeter\Guille\jenkins-jenkins-2.328\test\src\test\java\jenkins\security\stapler\StaplerAbstractTest.java","58","5","58","40","0","0","0","0","0","0","0","0","0","0","0","0","0","0","0","0","0","0","0","0","0","0","0","0"
"L76947","webApp","jenkins.security.stapler.StaplerAbstractTest.webApp;LWebApp;","L76793","L103","C:\GIT\pris2\SourceMeter\Guille\jenkins-jenkins-2.328\test\src\test\java\jenkins\security\stapler\StaplerAbstractTest.java","60","5","60","29","0","0","0","0","0","0","0","0","0","0","0","0","0","0","0","0","0","0","0","0","0","0","0","0"
"L77431","filteredGetMethodTriggered","jenkins.security.stapler.StaplerAbstractTest.filteredGetMethodTriggered;Z","L76793","L103","C:\GIT\pris2\SourceMeter\Guille\jenkins-jenkins-2.328\test\src\test\java\jenkins\security\stapler\StaplerAbstractTest.java","62","5","62","65","0","0","0","0","0","0","0","0","0","0","0","0","0","0","0","0","0","0","0","0","0","0","0","0"
"L77432","filteredDoActionTriggered","jenkins.security.stapler.StaplerAbstractTest.filteredDoActionTriggered;Z","L76793","L103","C:\GIT\pris2\SourceMeter\Guille\jenkins-jenkins-2.328\test\src\test\java\jenkins\security\stapler\StaplerAbstractTest.java","63","5","63","64","0","0","0","0","0","0","0","0","0","0","0","0","0","0","0","0","0","0","0","0","0","0","0","0"
"L77433","filteredFieldTriggered","jenkins.security.stapler.StaplerAbstractTest.filteredFieldTriggered;Z","L76793","L103","C:\GIT\pris2\SourceMeter\Guille\jenkins-jenkins-2.328\test\src\test\java\jenkins\security\stapler\StaplerAbstractTest.java","64","5","64","61","0","0","0","0","0","0","0","0","0","0","0","0","0","0","0","0","0","0","0","0","0","0","0","0"
"L77460","RENDERABLE_CLASS_SIGNATURE","jenkins.security.stapler.StaplerAbstractTest.RENDERABLE_CLASS_SIGNATURE;Ljava/lang/String;","L76793","L103","C:\GIT\pris2\SourceMeter\Guille\jenkins-jenkins-2.328\test\src\test\java\jenkins\security\stapler\StaplerAbstractTest.java","111","5","111","125","0","0","0","0","0","0","0","0","0","0","0","0","0","0","0","0","0","0","0","0","0","0","0","0"
"L77485","j","jenkins.security.stapler.StaplerDispatchValidatorTest.j;LJenkinsRule;","L77483","L103","C:\GIT\pris2\SourceMeter\Guille\jenkins-jenkins-2.328\test\src\test\java\jenkins\security\stapler\StaplerDispatchValidatorTest.java","46","5","46","52","0","0","0","0","0","0","0","0","0","0","0","0","0","0","0","0","0","0","0","0","0","0","0","0"
"L77610","j","jenkins.security.stapler.StaticRoutingDecisionProvider2Test.j;LJenkinsRule;","L77607","L103","C:\GIT\pris2\SourceMeter\Guille\jenkins-jenkins-2.328\test\src\test\java\jenkins\security\stapler\StaticRoutingDecisionProvider2Test.java","52","5","53","46","0","0","0","0","0","0","0","0","0","0","0","0","0","0","0","0","0","0","0","0","0","0","0","0"
"L77905","idOrFullName","jenkins.security.UserDetailsCache$Retriever.idOrFullName;Ljava/lang/String;","L77895","L103","C:\GIT\pris2\SourceMeter\Guille\jenkins-jenkins-2.328\core\src\main\java\jenkins\security\UserDetailsCache.java","160","9","160","43","0","0","0","0","0","0","0","0","0","0","0","0","0","0","0","0","0","0","0","0","0","0","0","0"
"L78103","executesOnJenkinsJVM","jenkins.security.AgentToControllerSecurityTest$LocalFileOpCallable.executesOnJenkinsJVM;Z","L78094","L103","C:\GIT\pris2\SourceMeter\Guille\jenkins-jenkins-2.328\test\src\test\java\jenkins\security\AgentToControllerSecurityTest.java","171","9","171","52","0","0","0","0","0","0","0","0","0","0","0","0","0","0","0","0","0","0","0","0","0","0","0","0"
"L78220","tokenUuid","jenkins.security.ApiTokenPropertyTest$GenerateNewTokenResponse.tokenUuid;Ljava/lang/String;","L78166","L103","C:\GIT\pris2\SourceMeter\Guille\jenkins-jenkins-2.328\test\src\test\java\jenkins\security\ApiTokenPropertyTest.java","443","9","443","33","0","0","0","0","0","0","0","0","0","0","0","0","0","0","0","0","0","0","0","0","0","0","0","0"
"L78171","tokenName","jenkins.security.ApiTokenPropertyTest$GenerateNewTokenResponse.tokenName;Ljava/lang/String;","L78166","L103","C:\GIT\pris2\SourceMeter\Guille\jenkins-jenkins-2.328\test\src\test\java\jenkins\security\ApiTokenPropertyTest.java","444","9","444","33","0","0","0","0","0","0","0","0","0","0","0","0","0","0","0","0","0","0","0","0","0","0","0","0"
"L78180","tokenValue","jenkins.security.ApiTokenPropertyTest$GenerateNewTokenResponse.tokenValue;Ljava/lang/String;","L78166","L103","C:\GIT\pris2\SourceMeter\Guille\jenkins-jenkins-2.328\test\src\test\java\jenkins\security\ApiTokenPropertyTest.java","445","9","445","34","0","0","0","0","0","0","0","0","0","0","0","0","0","0","0","0","0","0","0","0","0","0","0","0"
"L78365","obj","jenkins.security.ClassFilterImplTest$M2S.obj;LLinkedListMultimap;","L78356","L103","C:\GIT\pris2\SourceMeter\Guille\jenkins-jenkins-2.328\test\src\test\java\jenkins\security\ClassFilterImplTest.java","104","9","104","82","0","0","0","0","0","0","0","0","0","0","0","0","0","0","0","0","0","0","0","0","0","0","0","0"
"L78396","obj","jenkins.security.ClassFilterImplTest$Config.obj;LLinkedListMultimap;","L78393","L103","C:\GIT\pris2\SourceMeter\Guille\jenkins-jenkins-2.328\test\src\test\java\jenkins\security\ClassFilterImplTest.java","178","9","178","38","0","0","0","0","0","0","0","0","0","0","0","0","0","0","0","0","0","0","0","0","0","0","0","0"
"L78400","unrelated","jenkins.security.ClassFilterImplTest$Config.unrelated;Ljava/lang/String;","L78393","L103","C:\GIT\pris2\SourceMeter\Guille\jenkins-jenkins-2.328\test\src\test\java\jenkins\security\ClassFilterImplTest.java","179","9","179","26","0","0","0","0","0","0","0","0","0","0","0","0","0","0","0","0","0","0","0","0","0","0","0","0"
"L78490","callable","jenkins.security.Jenkins67105Test$GuavaBuilder.callable;Ljenkins/security/MasterToSlaveCallable;","L78474","L103","C:\GIT\pris2\SourceMeter\Guille\jenkins-jenkins-2.328\test\src\test\java\jenkins\security\Jenkins67105Test.java","40","9","40","75","0","0","0","0","0","0","0","0","0","0","0","0","0","0","0","0","0","0","0","0","0","0","0","0"
"L78542","lastJsonReceived","jenkins.security.RedactSecretJsonInErrorMessageSanitizerHtmlTest$TestPassword.lastJsonReceived;LJSONObject;","L78539","L103","C:\GIT\pris2\SourceMeter\Guille\jenkins-jenkins-2.328\test\src\test\java\jenkins\security\RedactSecretJsonInErrorMessageSanitizerHtmlTest.java","122","9","122","44","0","0","0","0","0","0","0","0","0","0","0","0","0","0","0","0","0","0","0","0","0","0","0","0"
"L78576","testDescribable","jenkins.security.RedactSecretJsonInErrorMessageSanitizerHtmlTest$TestDescribablePage.testDescribable;Ljenkins/security/RedactSecretJsonInErrorMessageSanitizerHtmlTest$TestDescribable;","L78574","L103","C:\GIT\pris2\SourceMeter\Guille\jenkins-jenkins-2.328\test\src\test\java\jenkins\security\RedactSecretJsonInErrorMessageSanitizerHtmlTest.java","250","9","250","48","0","0","0","0","0","0","0","0","0","0","0","0","0","0","0","0","0","0","0","0","0","0","0","0"
"L78585","testDescribable","jenkins.security.RedactSecretJsonInErrorMessageSanitizerHtmlTest$TestStaplerPage.testDescribable;Ljenkins/security/RedactSecretJsonInErrorMessageSanitizerHtmlTest$TestDescribable;","L78583","L103","C:\GIT\pris2\SourceMeter\Guille\jenkins-jenkins-2.328\test\src\test\java\jenkins\security\RedactSecretJsonInErrorMessageSanitizerHtmlTest.java","276","9","276","48","0","0","0","0","0","0","0","0","0","0","0","0","0","0","0","0","0","0","0","0","0","0","0","0"
"L78778","callable","jenkins.security.Security2458Test$CallableCaller.callable;LCallable;","L78757","L103","C:\GIT\pris2\SourceMeter\Guille\jenkins-jenkins-2.328\test\src\test\java\jenkins\security\Security2458Test.java","51","9","51","47","0","0","0","0","0","0","0","0","0","0","0","0","0","0","0","0","0","0","0","0","0","0","0","0"
"L78834","url","jenkins.security.Security637Test$URLHandlerCallable.url;Ljava/net/URL;","L78829","L103","C:\GIT\pris2\SourceMeter\Guille\jenkins-jenkins-2.328\test\src\test\java\jenkins\security\Security637Test.java","75","9","75","25","0","0","0","0","0","0","0","0","0","0","0","0","0","0","0","0","0","0","0","0","0","0","0","0"
"L78852","url","jenkins.security.Security637Test$URLBuilderCallable.url;Ljava/lang/String;","L78844","L103","C:\GIT\pris2\SourceMeter\Guille\jenkins-jenkins-2.328\test\src\test\java\jenkins\security\Security637Test.java","121","9","121","28","0","0","0","0","0","0","0","0","0","0","0","0","0","0","0","0","0","0","0","0","0","0","0","0"
"L78865","url","jenkins.security.Security637Test$URLTransferCallable.url;Ljava/net/URL;","L78859","L103","C:\GIT\pris2\SourceMeter\Guille\jenkins-jenkins-2.328\test\src\test\java\jenkins\security\Security637Test.java","158","9","158","25","0","0","0","0","0","0","0","0","0","0","0","0","0","0","0","0","0","0","0","0","0","0","0","0"
"L78879","urlSet","jenkins.security.Security637Test$URLJobProperty.urlSet;Ljava/util/Set;","L78872","L103","C:\GIT\pris2\SourceMeter\Guille\jenkins-jenkins-2.328\test\src\test\java\jenkins\security\Security637Test.java","207","9","207","33","0","0","0","0","0","0","0","0","0","0","0","0","0","0","0","0","0","0","0","0","0","0","0","0"
"L78998","eventList","jenkins.security.SpySecurityListener$EventQueue.eventList;Ljava/util/List;","L78970","L103","C:\GIT\pris2\SourceMeter\Guille\jenkins-jenkins-2.328\test\src\test\java\jenkins\security\SpySecurityListener.java","85","9","85","61","0","0","0","0","0","0","0","0","0","0","0","0","0","0","0","0","0","0","0","0","0","0","0","0"
"L79059","baz","jenkins.security.SuspiciousRequestFilterTest$Foo.baz;Ljava/lang/String;","L79063","L103","C:\GIT\pris2\SourceMeter\Guille\jenkins-jenkins-2.328\test\src\test\java\jenkins\security\SuspiciousRequestFilterTest.java","73","9","73","28","0","0","0","0","0","0","0","0","0","0","0","0","0","0","0","0","0","0","0","0","0","0","0","0"
"L79146","node","jenkins.slaves.DefaultJnlpSlaveReceiver$State.node;Lhudson/slaves/SlaveComputer;","L79128","L103","C:\GIT\pris2\SourceMeter\Guille\jenkins-jenkins-2.328\core\src\main\java\jenkins\slaves\DefaultJnlpSlaveReceiver.java","198","9","199","42","0","0","0","0","0","0","0","0","0","0","0","0","0","0","0","0","0","0","0","0","0","0","0","0"
"L79147","log","jenkins.slaves.DefaultJnlpSlaveReceiver$State.log;Ljava/io/OutputStream;","L79128","L103","C:\GIT\pris2\SourceMeter\Guille\jenkins-jenkins-2.328\core\src\main\java\jenkins\slaves\DefaultJnlpSlaveReceiver.java","200","9","201","34","0","0","0","0","0","0","0","0","0","0","0","0","0","0","0","0","0","0","0","0","0","0","0","0"
"L79195","baos","jenkins.slaves.EncryptedSlaveAgentJnlpFile$CapturingServletOutputStream.baos;Ljava/io/ByteArrayOutputStream;","L79175","L103","C:\GIT\pris2\SourceMeter\Guille\jenkins-jenkins-2.328\core\src\main\java\jenkins\slaves\EncryptedSlaveAgentJnlpFile.java","121","9","121","74","0","0","0","0","0","0","0","0","0","0","0","0","0","0","0","0","0","0","0","0","0","0","0","0"
"L79462","LOGGER","jenkins.slaves.restarter.JnlpSlaveRestarterInstaller.LOGGER;Ljava/util/logging/Logger;","L79424","L103","C:\GIT\pris2\SourceMeter\Guille\jenkins-jenkins-2.328\core\src\main\java\jenkins\slaves\restarter\JnlpSlaveRestarterInstaller.java","117","5","117","104","0","0","0","0","0","0","0","0","0","0","0","0","0","0","0","0","0","0","0","0","0","0","0","0"
"L79481","serialVersionUID","jenkins.slaves.restarter.JnlpSlaveRestarterInstaller.serialVersionUID;J","L79424","L103","C:\GIT\pris2\SourceMeter\Guille\jenkins-jenkins-2.328\core\src\main\java\jenkins\slaves\restarter\JnlpSlaveRestarterInstaller.java","119","5","119","53","0","0","0","0","0","0","0","0","0","0","0","0","0","0","0","0","0","0","0","0","0","0","0","0"
"L79489","LOGGER","jenkins.slaves.restarter.SlaveRestarter.LOGGER;Ljava/util/logging/Logger;","L79447","L103","C:\GIT\pris2\SourceMeter\Guille\jenkins-jenkins-2.328\core\src\main\java\jenkins\slaves\restarter\SlaveRestarter.java","44","5","44","91","0","0","0","0","0","0","0","0","0","0","0","0","0","0","0","0","0","0","0","0","0","0","0","0"
"L79490","serialVersionUID","jenkins.slaves.restarter.SlaveRestarter.serialVersionUID;J","L79447","L103","C:\GIT\pris2\SourceMeter\Guille\jenkins-jenkins-2.328\core\src\main\java\jenkins\slaves\restarter\SlaveRestarter.java","46","5","46","53","0","0","0","0","0","0","0","0","0","0","0","0","0","0","0","0","0","0","0","0","0","0","0","0"
"L79495","args","jenkins.slaves.restarter.UnixSlaveRestarter.args;Ljava/util/List;","L79491","L103","C:\GIT\pris2\SourceMeter\Guille\jenkins-jenkins-2.328\core\src\main\java\jenkins\slaves\restarter\UnixSlaveRestarter.java","25","5","25","41","0","0","0","0","0","0","0","0","0","0","0","0","0","0","0","0","0","0","0","0","0","0","0","0"
"L79501","LOGGER","jenkins.slaves.restarter.UnixSlaveRestarter.LOGGER;Ljava/util/logging/Logger;","L79491","L103","C:\GIT\pris2\SourceMeter\Guille\jenkins-jenkins-2.328\core\src\main\java\jenkins\slaves\restarter\UnixSlaveRestarter.java","86","5","86","95","0","0","0","0","0","0","0","0","0","0","0","0","0","0","0","0","0","0","0","0","0","0","0","0"
"L79507","serialVersionUID","jenkins.slaves.restarter.UnixSlaveRestarter.serialVersionUID;J","L79491","L103","C:\GIT\pris2\SourceMeter\Guille\jenkins-jenkins-2.328\core\src\main\java\jenkins\slaves\restarter\UnixSlaveRestarter.java","88","5","88","53","0","0","0","0","0","0","0","0","0","0","0","0","0","0","0","0","0","0","0","0","0","0","0","0"
"L79511","exe","jenkins.slaves.restarter.WinswSlaveRestarter.exe;Ljava/lang/String;","L79508","L103","C:\GIT\pris2\SourceMeter\Guille\jenkins-jenkins-2.328\core\src\main\java\jenkins\slaves\restarter\WinswSlaveRestarter.java","16","5","16","34","0","0","0","0","0","0","0","0","0","0","0","0","0","0","0","0","0","0","0","0","0","0","0","0"
"L79516","LOGGER","jenkins.slaves.restarter.WinswSlaveRestarter.LOGGER;Ljava/util/logging/Logger;","L79508","L103","C:\GIT\pris2\SourceMeter\Guille\jenkins-jenkins-2.328\core\src\main\java\jenkins\slaves\restarter\WinswSlaveRestarter.java","56","5","56","96","0","0","0","0","0","0","0","0","0","0","0","0","0","0","0","0","0","0","0","0","0","0","0","0"
"L79522","serialVersionUID","jenkins.slaves.restarter.WinswSlaveRestarter.serialVersionUID;J","L79508","L103","C:\GIT\pris2\SourceMeter\Guille\jenkins-jenkins-2.328\core\src\main\java\jenkins\slaves\restarter\WinswSlaveRestarter.java","58","5","58","53","0","0","0","0","0","0","0","0","0","0","0","0","0","0","0","0","0","0","0","0","0","0","0","0"
"L79646","listener","jenkins.slaves.OldRemotingAgentTest$RemoteConsoleNotePrinter.listener;Lhudson/model/TaskListener;","L79641","L103","C:\GIT\pris2\SourceMeter\Guille\jenkins-jenkins-2.328\test\src\test\java\jenkins\slaves\OldRemotingAgentTest.java","137","9","137","45","0","0","0","0","0","0","0","0","0","0","0","0","0","0","0","0","0","0","0","0","0","0","0","0"
"L79721","rule","jenkins.tasks.filters.EnvVarsFilterException.rule;Ljenkins/tasks/filters/EnvVarsFilterRule;","L59724","L103","C:\GIT\pris2\SourceMeter\Guille\jenkins-jenkins-2.328\core\src\main\java\jenkins\tasks\filters\EnvVarsFilterException.java","40","5","40","36","0","0","0","0","0","0","0","0","0","0","0","0","0","0","0","0","0","0","0","0","0","0","0","0"
"L79725","variableName","jenkins.tasks.filters.EnvVarsFilterException.variableName;Ljava/lang/String;","L59724","L103","C:\GIT\pris2\SourceMeter\Guille\jenkins-jenkins-2.328\core\src\main\java\jenkins\tasks\filters\EnvVarsFilterException.java","41","5","41","33","0","0","0","0","0","0","0","0","0","0","0","0","0","0","0","0","0","0","0","0","0","0","0","0"
"L79743","activatedGlobalRules","jenkins.tasks.filters.EnvVarsFilterGlobalConfiguration.activatedGlobalRules;Lhudson/util/DescribableList;","L79741","L103","C:\GIT\pris2\SourceMeter\Guille\jenkins-jenkins-2.328\core\src\main\java\jenkins\tasks\filters\EnvVarsFilterGlobalConfiguration.java","52","5","53","41","0","0","0","0","0","0","0","0","0","0","0","0","0","0","0","0","0","0","0","0","0","0","0","0"
"L79811","launcher","jenkins.tasks.filters.EnvVarsFilterRuleContext.launcher;Lhudson/Launcher;","L79807","L103","C:\GIT\pris2\SourceMeter\Guille\jenkins-jenkins-2.328\core\src\main\java\jenkins\tasks\filters\EnvVarsFilterRuleContext.java","40","5","40","37","0","0","0","0","0","0","0","0","0","0","0","0","0","0","0","0","0","0","0","0","0","0","0","0"
"L79812","taskListener","jenkins.tasks.filters.EnvVarsFilterRuleContext.taskListener;Lhudson/model/TaskListener;","L79807","L103","C:\GIT\pris2\SourceMeter\Guille\jenkins-jenkins-2.328\core\src\main\java\jenkins\tasks\filters\EnvVarsFilterRuleContext.java","41","5","41","45","0","0","0","0","0","0","0","0","0","0","0","0","0","0","0","0","0","0","0","0","0","0","0","0"
"L79821","serialVersionUID","jenkins.tasks.filters.EnvVarsFilterRuleWrapper.serialVersionUID;J","L23715","L103","C:\GIT\pris2\SourceMeter\Guille\jenkins-jenkins-2.328\core\src\main\java\jenkins\tasks\filters\EnvVarsFilterRuleWrapper.java","47","5","47","72","0","0","0","0","0","0","0","0","0","0","0","0","0","0","0","0","0","0","0","0","0","0","0","0"
"L79822","rules","jenkins.tasks.filters.EnvVarsFilterRuleWrapper.rules;Ljava/util/List;","L23715","L103","C:\GIT\pris2\SourceMeter\Guille\jenkins-jenkins-2.328\core\src\main\java\jenkins\tasks\filters\EnvVarsFilterRuleWrapper.java","48","5","48","43","0","0","0","0","0","0","0","0","0","0","0","0","0","0","0","0","0","0","0","0","0","0","0","0"
"L80025","disposer","jenkins.tasks.SimpleBuildWrapper$Context.disposer;Ljenkins/tasks/SimpleBuildWrapper$Disposer;","L80004","L103","C:\GIT\pris2\SourceMeter\Guille\jenkins-jenkins-2.328\core\src\main\java\jenkins\tasks\SimpleBuildWrapper.java","147","9","147","35","0","0","0","0","0","0","0","0","0","0","0","0","0","0","0","0","0","0","0","0","0","0","0","0"
"L80029","env","jenkins.tasks.SimpleBuildWrapper$Context.env;Ljava/util/Map;","L80004","L103","C:\GIT\pris2\SourceMeter\Guille\jenkins-jenkins-2.328\core\src\main\java\jenkins\tasks\SimpleBuildWrapper.java","148","9","148","65","0","0","0","0","0","0","0","0","0","0","0","0","0","0","0","0","0","0","0","0","0","0","0","0"
"L80030","wrapperRequiresWorkspace","jenkins.tasks.SimpleBuildWrapper$Context.wrapperRequiresWorkspace;Ljava/lang/Boolean;","L80004","L103","C:\GIT\pris2\SourceMeter\Guille\jenkins-jenkins-2.328\core\src\main\java\jenkins\tasks\SimpleBuildWrapper.java","149","9","149","70","0","0","0","0","0","0","0","0","0","0","0","0","0","0","0","0","0","0","0","0","0","0","0","0"
"L80047","wrapperRequiresWorkspace","jenkins.tasks.SimpleBuildWrapper$Disposer.wrapperRequiresWorkspace;Ljava/lang/Boolean;","L80026","L103","C:\GIT\pris2\SourceMeter\Guille\jenkins-jenkins-2.328\core\src\main\java\jenkins\tasks\SimpleBuildWrapper.java","213","9","214","50","0","0","0","0","0","0","0","0","0","0","0","0","0","0","0","0","0","0","0","0","0","0","0","0"
"L80089","c","jenkins.tasks.SimpleBuildWrapper$EnvironmentWrapper.c;Ljenkins/tasks/SimpleBuildWrapper$Context;","L80077","L103","C:\GIT\pris2\SourceMeter\Guille\jenkins-jenkins-2.328\core\src\main\java\jenkins\tasks\SimpleBuildWrapper.java","308","9","308","33","0","0","0","0","0","0","0","0","0","0","0","0","0","0","0","0","0","0","0","0","0","0","0","0"
"L80090","launcher","jenkins.tasks.SimpleBuildWrapper$EnvironmentWrapper.launcher;Lhudson/Launcher;","L80077","L103","C:\GIT\pris2\SourceMeter\Guille\jenkins-jenkins-2.328\core\src\main\java\jenkins\tasks\SimpleBuildWrapper.java","309","9","309","41","0","0","0","0","0","0","0","0","0","0","0","0","0","0","0","0","0","0","0","0","0","0","0","0"
"L80394","traces","jenkins.telemetry.impl.StaplerDispatches.traces;Ljava/util/Set;","L80387","L103","C:\GIT\pris2\SourceMeter\Guille\jenkins-jenkins-2.328\core\src\main\java\jenkins\telemetry\impl\StaplerDispatches.java","98","5","98","77","0","0","0","0","0","0","0","0","0","0","0","0","0","0","0","0","0","0","0","0","0","0","0","0"
"L80415","requestsByLanguage","jenkins.telemetry.impl.UserLanguages.requestsByLanguage;Ljava/util/Map;","L80413","L103","C:\GIT\pris2\SourceMeter\Guille\jenkins-jenkins-2.328\core\src\main\java\jenkins\telemetry\impl\UserLanguages.java","56","5","56","101","0","0","0","0","0","0","0","0","0","0","0","0","0","0","0","0","0","0","0","0","0","0","0","0"
"L80422","LOGGER","jenkins.telemetry.impl.UserLanguages.LOGGER;Ljava/util/logging/Logger;","L80413","L103","C:\GIT\pris2\SourceMeter\Guille\jenkins-jenkins-2.328\core\src\main\java\jenkins\telemetry\impl\UserLanguages.java","57","5","57","84","0","0","0","0","0","0","0","0","0","0","0","0","0","0","0","0","0","0","0","0","0","0","0","0"
"L80680","upstream2Trigger","jenkins.triggers.ReverseBuildTrigger$RunListenerImpl.upstream2Trigger;Ljava/util/Map;","L80676","L103","C:\GIT\pris2\SourceMeter\Guille\jenkins-jenkins-2.328\core\src\main\java\jenkins\triggers\ReverseBuildTrigger.java","241","9","241","76","0","0","0","0","0","0","0","0","0","0","0","0","0","0","0","0","0","0","0","0","0","0","0","0"
"L80792","LOGGER","jenkins.triggers.TriggerTest$BadTimerTrigger.LOGGER;Ljava/util/logging/Logger;","L80787","L103","C:\GIT\pris2\SourceMeter\Guille\jenkins-jenkins-2.328\test\src\test\java\jenkins\triggers\TriggerTest.java","65","9","65","96","0","0","0","0","0","0","0","0","0","0","0","0","0","0","0","0","0","0","0","0","0","0","0","0"
"L81030","index","jenkins.util.DirectedGraph$SCC.index;I","L30000","L103","C:\GIT\pris2\SourceMeter\Guille\jenkins-jenkins-2.328\core\src\main\java\jenkins\util\DirectedGraph.java","46","9","46","32","0","0","0","0","0","0","0","0","0","0","0","0","0","0","0","0","0","0","0","0","0","0","0","0"
"L81032","members","jenkins.util.DirectedGraph$SCC.members;Ljava/util/List;","L30000","L103","C:\GIT\pris2\SourceMeter\Guille\jenkins-jenkins-2.328\core\src\main\java\jenkins\util\DirectedGraph.java","48","9","48","59","0","0","0","0","0","0","0","0","0","0","0","0","0","0","0","0","0","0","0","0","0","0","0","0"
"L81041","n","jenkins.util.DirectedGraph$Node.n;Ljava/lang/Object;","L81039","L103","C:\GIT\pris2\SourceMeter\Guille\jenkins-jenkins-2.328\core\src\main\java\jenkins\util\DirectedGraph.java","70","9","70","19","0","0","0","0","0","0","0","0","0","0","0","0","0","0","0","0","0","0","0","0","0","0","0","0"
"L81042","index","jenkins.util.DirectedGraph$Node.index;I","L81039","L103","C:\GIT\pris2\SourceMeter\Guille\jenkins-jenkins-2.328\core\src\main\java\jenkins\util\DirectedGraph.java","74","9","74","24","0","0","0","0","0","0","0","0","0","0","0","0","0","0","0","0","0","0","0","0","0","0","0","0"
"L81044","lowlink","jenkins.util.DirectedGraph$Node.lowlink;I","L81039","L103","C:\GIT\pris2\SourceMeter\Guille\jenkins-jenkins-2.328\core\src\main\java\jenkins\util\DirectedGraph.java","78","9","78","21","0","0","0","0","0","0","0","0","0","0","0","0","0","0","0","0","0","0","0","0","0","0","0","0"
"L81046","scc","jenkins.util.DirectedGraph$Node.scc;Ljenkins/util/DirectedGraph$SCC;","L81039","L103","C:\GIT\pris2\SourceMeter\Guille\jenkins-jenkins-2.328\core\src\main\java\jenkins\util\DirectedGraph.java","80","9","81","17","0","0","0","0","0","0","0","0","0","0","0","0","0","0","0","0","0","0","0","0","0","0","0","0"
"L81162","services","jenkins.util.FullDuplexHttpService$Response.services;Ljava/util/Map;","L2133","L103","C:\GIT\pris2\SourceMeter\Guille\jenkins-jenkins-2.328\core\src\main\java\jenkins\util\FullDuplexHttpService.java","155","9","155","65","0","0","0","0","0","0","0","0","0","0","0","0","0","0","0","0","0","0","0","0","0","0","0","0"
"L81184","builder","jenkins.util.groovy.AbstractGroovyViewModule.builder;LJellyBuilder;","L81182","L103","C:\GIT\pris2\SourceMeter\Guille\jenkins-jenkins-2.328\core\src\main\java\jenkins\util\groovy\AbstractGroovyViewModule.java","23","5","23","33","0","0","0","0","0","0","0","0","0","0","0","0","0","0","0","0","0","0","0","0","0","0","0","0"
"L81185","f","jenkins.util.groovy.AbstractGroovyViewModule.f;LFormTagLib;","L81182","L103","C:\GIT\pris2\SourceMeter\Guille\jenkins-jenkins-2.328\core\src\main\java\jenkins\util\groovy\AbstractGroovyViewModule.java","24","5","25","25","0","0","0","0","0","0","0","0","0","0","0","0","0","0","0","0","0","0","0","0","0","0","0","0"
"L81186","l","jenkins.util.groovy.AbstractGroovyViewModule.l;LLayoutTagLib;","L81182","L103","C:\GIT\pris2\SourceMeter\Guille\jenkins-jenkins-2.328\core\src\main\java\jenkins\util\groovy\AbstractGroovyViewModule.java","26","5","27","27","0","0","0","0","0","0","0","0","0","0","0","0","0","0","0","0","0","0","0","0","0","0","0","0"
"L81187","t","jenkins.util.groovy.AbstractGroovyViewModule.t;LJenkinsTagLib;","L81182","L103","C:\GIT\pris2\SourceMeter\Guille\jenkins-jenkins-2.328\core\src\main\java\jenkins\util\groovy\AbstractGroovyViewModule.java","28","5","29","28","0","0","0","0","0","0","0","0","0","0","0","0","0","0","0","0","0","0","0","0","0","0","0","0"
"L81188","st","jenkins.util.groovy.AbstractGroovyViewModule.st;LNamespace;","L81182","L103","C:\GIT\pris2\SourceMeter\Guille\jenkins-jenkins-2.328\core\src\main\java\jenkins\util\groovy\AbstractGroovyViewModule.java","30","5","31","25","0","0","0","0","0","0","0","0","0","0","0","0","0","0","0","0","0","0","0","0","0","0","0","0"
"L81205","ROOT_PATH","jenkins.util.groovy.GroovyHookScript.ROOT_PATH;Ljava/lang/String;","L6542","L103","C:\GIT\pris2\SourceMeter\Guille\jenkins-jenkins-2.328\core\src\main\java\jenkins\util\groovy\GroovyHookScript.java","43","5","43","121","0","0","0","0","0","0","0","0","0","0","0","0","0","0","0","0","0","0","0","0","0","0","0","0"
"L81206","hook","jenkins.util.groovy.GroovyHookScript.hook;Ljava/lang/String;","L6542","L103","C:\GIT\pris2\SourceMeter\Guille\jenkins-jenkins-2.328\core\src\main\java\jenkins\util\groovy\GroovyHookScript.java","44","5","44","31","0","0","0","0","0","0","0","0","0","0","0","0","0","0","0","0","0","0","0","0","0","0","0","0"
"L81207","bindings","jenkins.util.groovy.GroovyHookScript.bindings;LBinding;","L6542","L103","C:\GIT\pris2\SourceMeter\Guille\jenkins-jenkins-2.328\core\src\main\java\jenkins\util\groovy\GroovyHookScript.java","45","5","45","52","0","0","0","0","0","0","0","0","0","0","0","0","0","0","0","0","0","0","0","0","0","0","0","0"
"L81208","servletContext","jenkins.util.groovy.GroovyHookScript.servletContext;Ljavax/servlet/ServletContext;","L6542","L103","C:\GIT\pris2\SourceMeter\Guille\jenkins-jenkins-2.328\core\src\main\java\jenkins\util\groovy\GroovyHookScript.java","46","5","46","49","0","0","0","0","0","0","0","0","0","0","0","0","0","0","0","0","0","0","0","0","0","0","0","0"
"L81209","rootDir","jenkins.util.groovy.GroovyHookScript.rootDir;Ljava/io/File;","L6542","L103","C:\GIT\pris2\SourceMeter\Guille\jenkins-jenkins-2.328\core\src\main\java\jenkins\util\groovy\GroovyHookScript.java","47","5","47","32","0","0","0","0","0","0","0","0","0","0","0","0","0","0","0","0","0","0","0","0","0","0","0","0"
"L81210","loader","jenkins.util.groovy.GroovyHookScript.loader;Ljava/lang/ClassLoader;","L6542","L103","C:\GIT\pris2\SourceMeter\Guille\jenkins-jenkins-2.328\core\src\main\java\jenkins\util\groovy\GroovyHookScript.java","48","5","48","38","0","0","0","0","0","0","0","0","0","0","0","0","0","0","0","0","0","0","0","0","0","0","0","0"
"L81232","LOGGER","jenkins.util.groovy.GroovyHookScript.LOGGER;Ljava/util/logging/Logger;","L6542","L103","C:\GIT\pris2\SourceMeter\Guille\jenkins-jenkins-2.328\core\src\main\java\jenkins\util\groovy\GroovyHookScript.java","149","5","149","93","0","0","0","0","0","0","0","0","0","0","0","0","0","0","0","0","0","0","0","0","0","0","0","0"
"L81394","serialVersionUID","jenkins.util.io.CompositeIOException.serialVersionUID;J","L59990","L103","C:\GIT\pris2\SourceMeter\Guille\jenkins-jenkins-2.328\core\src\main\java\jenkins\util\io\CompositeIOException.java","38","5","38","70","0","0","0","0","0","0","0","0","0","0","0","0","0","0","0","0","0","0","0","0","0","0","0","0"
"L81395","EXCEPTION_LIMIT","jenkins.util.io.CompositeIOException.EXCEPTION_LIMIT;I","L59990","L103","C:\GIT\pris2\SourceMeter\Guille\jenkins-jenkins-2.328\core\src\main\java\jenkins\util\io\CompositeIOException.java","51","5","51","50","0","0","0","0","0","0","0","0","0","0","0","0","0","0","0","0","0","0","0","0","0","0","0","0"
"L81397","exceptions","jenkins.util.io.CompositeIOException.exceptions;Ljava/util/List;","L59990","L103","C:\GIT\pris2\SourceMeter\Guille\jenkins-jenkins-2.328\core\src\main\java\jenkins\util\io\CompositeIOException.java","53","5","53","48","0","0","0","0","0","0","0","0","0","0","0","0","0","0","0","0","0","0","0","0","0","0","0","0"
"L81419","file","jenkins.util.io.FileBoolean.file;Ljava/io/File;","L68140","L103","C:\GIT\pris2\SourceMeter\Guille\jenkins-jenkins-2.328\core\src\main\java\jenkins\util\io\FileBoolean.java","24","5","24","29","0","0","0","0","0","0","0","0","0","0","0","0","0","0","0","0","0","0","0","0","0","0","0","0"
"L81420","state","jenkins.util.io.FileBoolean.state;Ljava/lang/Boolean;","L68140","L103","C:\GIT\pris2\SourceMeter\Guille\jenkins-jenkins-2.328\core\src\main\java\jenkins\util\io\FileBoolean.java","25","5","25","36","0","0","0","0","0","0","0","0","0","0","0","0","0","0","0","0","0","0","0","0","0","0","0","0"
"L81434","LOGGER","jenkins.util.io.FileBoolean.LOGGER;Ljava/util/logging/Logger;","L68140","L103","C:\GIT\pris2\SourceMeter\Guille\jenkins-jenkins-2.328\core\src\main\java\jenkins\util\io\FileBoolean.java","81","5","81","88","0","0","0","0","0","0","0","0","0","0","0","0","0","0","0","0","0","0","0","0","0","0","0","0"
"L81456","retryStrategy","jenkins.util.io.PathRemover.retryStrategy;Ljenkins/util/io/PathRemover$RetryStrategy;","L62705","L103","C:\GIT\pris2\SourceMeter\Guille\jenkins-jenkins-2.328\core\src\main\java\jenkins\util\io\PathRemover.java","64","5","64","47","0","0","0","0","0","0","0","0","0","0","0","0","0","0","0","0","0","0","0","0","0","0","0","0"
"L81457","pathChecker","jenkins.util.io.PathRemover.pathChecker;Ljenkins/util/io/PathRemover$PathChecker;","L62705","L103","C:\GIT\pris2\SourceMeter\Guille\jenkins-jenkins-2.328\core\src\main\java\jenkins\util\io\PathRemover.java","65","5","65","43","0","0","0","0","0","0","0","0","0","0","0","0","0","0","0","0","0","0","0","0","0","0","0","0"
"L81557","locks","jenkins.util.io.FileLockerRule.locks;Ljava/util/Map;","L81554","L103","C:\GIT\pris2\SourceMeter\Guille\jenkins-jenkins-2.328\core\src\test\java\jenkins\util\io\FileLockerRule.java","50","5","50","64","0","0","0","0","0","0","0","0","0","0","0","0","0","0","0","0","0","0","0","0","0","0","0","0"
"L81576","tmp","jenkins.util.io.PathRemoverTest.tmp;LTemporaryFolder;","L81574","L103","C:\GIT\pris2\SourceMeter\Guille\jenkins-jenkins-2.328\core\src\test\java\jenkins\util\io\PathRemoverTest.java","70","5","70","62","0","0","0","0","0","0","0","0","0","0","0","0","0","0","0","0","0","0","0","0","0","0","0","0"
"L81577","timeout","jenkins.util.io.PathRemoverTest.timeout;LTimeout;","L81574","L103","C:\GIT\pris2\SourceMeter\Guille\jenkins-jenkins-2.328\core\src\test\java\jenkins\util\io\PathRemoverTest.java","71","5","71","70","0","0","0","0","0","0","0","0","0","0","0","0","0","0","0","0","0","0","0","0","0","0","0","0"
"L81578","locker","jenkins.util.io.PathRemoverTest.locker;Ljenkins/util/io/FileLockerRule;","L81574","L103","C:\GIT\pris2\SourceMeter\Guille\jenkins-jenkins-2.328\core\src\test\java\jenkins\util\io\PathRemoverTest.java","72","5","72","63","0","0","0","0","0","0","0","0","0","0","0","0","0","0","0","0","0","0","0","0","0","0","0","0"
"L82156","node","jenkins.util.TreeStringBuilder$Child.node;Ljenkins/util/TreeString;","L82153","L103","C:\GIT\pris2\SourceMeter\Guille\jenkins-jenkins-2.328\core\src\main\java\jenkins\util\TreeStringBuilder.java","27","9","27","39","0","0","0","0","0","0","0","0","0","0","0","0","0","0","0","0","0","0","0","0","0","0","0","0"
"L82157","children","jenkins.util.TreeStringBuilder$Child.children;Ljava/util/Map;","L82153","L103","C:\GIT\pris2\SourceMeter\Guille\jenkins-jenkins-2.328\core\src\main\java\jenkins\util\TreeStringBuilder.java","29","9","29","59","0","0","0","0","0","0","0","0","0","0","0","0","0","0","0","0","0","0","0","0","0","0","0","0"
"L82289","serialVersionUID","jenkins.util.VirtualFile$CollectFiles.serialVersionUID;J","L82272","L103","C:\GIT\pris2\SourceMeter\Guille\jenkins-jenkins-2.328\core\src\main\java\jenkins\util\VirtualFile.java","304","9","304","56","0","0","0","0","0","0","0","0","0","0","0","0","0","0","0","0","0","0","0","0","0","0","0","0"
"L82290","root","jenkins.util.VirtualFile$CollectFiles.root;Ljenkins/util/VirtualFile;","L82272","L103","C:\GIT\pris2\SourceMeter\Guille\jenkins-jenkins-2.328\core\src\main\java\jenkins\util\VirtualFile.java","305","9","305","40","0","0","0","0","0","0","0","0","0","0","0","0","0","0","0","0","0","0","0","0","0","0","0","0"
"L82356","f","jenkins.util.VirtualFile$FileVF.f;Ljava/io/File;","L82351","L103","C:\GIT\pris2\SourceMeter\Guille\jenkins-jenkins-2.328\core\src\main\java\jenkins\util\VirtualFile.java","561","9","561","30","0","0","0","0","0","0","0","0","0","0","0","0","0","0","0","0","0","0","0","0","0","0","0","0"
"L82357","root","jenkins.util.VirtualFile$FileVF.root;Ljava/io/File;","L82351","L103","C:\GIT\pris2\SourceMeter\Guille\jenkins-jenkins-2.328\core\src\main\java\jenkins\util\VirtualFile.java","562","9","562","33","0","0","0","0","0","0","0","0","0","0","0","0","0","0","0","0","0","0","0","0","0","0","0","0"
"L82358","cacheDescendant","jenkins.util.VirtualFile$FileVF.cacheDescendant;Z","L82351","L103","C:\GIT\pris2\SourceMeter\Guille\jenkins-jenkins-2.328\core\src\main\java\jenkins\util\VirtualFile.java","563","9","563","49","0","0","0","0","0","0","0","0","0","0","0","0","0","0","0","0","0","0","0","0","0","0","0","0"
"L82451","f","jenkins.util.VirtualFile$FilePathVF.f;Lhudson/FilePath;","L82446","L103","C:\GIT\pris2\SourceMeter\Guille\jenkins-jenkins-2.328\core\src\main\java\jenkins\util\VirtualFile.java","857","9","857","34","0","0","0","0","0","0","0","0","0","0","0","0","0","0","0","0","0","0","0","0","0","0","0","0"
"L82452","root","jenkins.util.VirtualFile$FilePathVF.root;Lhudson/FilePath;","L82446","L103","C:\GIT\pris2\SourceMeter\Guille\jenkins-jenkins-2.328\core\src\main\java\jenkins\util\VirtualFile.java","858","9","858","37","0","0","0","0","0","0","0","0","0","0","0","0","0","0","0","0","0","0","0","0","0","0","0","0"
"L82453","cacheDescendant","jenkins.util.VirtualFile$FilePathVF.cacheDescendant;Z","L82446","L103","C:\GIT\pris2\SourceMeter\Guille\jenkins-jenkins-2.328\core\src\main\java\jenkins\util\VirtualFile.java","859","9","859","49","0","0","0","0","0","0","0","0","0","0","0","0","0","0","0","0","0","0","0","0","0","0","0","0"
"L82533","includes","jenkins.util.VirtualFile$Scanner.includes;Ljava/lang/String;","L82388","L103","C:\GIT\pris2\SourceMeter\Guille\jenkins-jenkins-2.328\core\src\main\java\jenkins\util\VirtualFile.java","1145","9","1145","39","0","0","0","0","0","0","0","0","0","0","0","0","0","0","0","0","0","0","0","0","0","0","0","0"
"L82534","excludes","jenkins.util.VirtualFile$Scanner.excludes;Ljava/lang/String;","L82388","L103","C:\GIT\pris2\SourceMeter\Guille\jenkins-jenkins-2.328\core\src\main\java\jenkins\util\VirtualFile.java","1145","9","1145","49","0","0","0","0","0","0","0","0","0","0","0","0","0","0","0","0","0","0","0","0","0","0","0","0"
"L82535","useDefaultExcludes","jenkins.util.VirtualFile$Scanner.useDefaultExcludes;Z","L82388","L103","C:\GIT\pris2\SourceMeter\Guille\jenkins-jenkins-2.328\core\src\main\java\jenkins\util\VirtualFile.java","1146","9","1146","50","0","0","0","0","0","0","0","0","0","0","0","0","0","0","0","0","0","0","0","0","0","0","0","0"
"L82536","verificationRoot","jenkins.util.VirtualFile$Scanner.verificationRoot;Ljava/lang/String;","L82388","L103","C:\GIT\pris2\SourceMeter\Guille\jenkins-jenkins-2.328\core\src\main\java\jenkins\util\VirtualFile.java","1147","9","1147","47","0","0","0","0","0","0","0","0","0","0","0","0","0","0","0","0","0","0","0","0","0","0","0","0"
"L82537","noFollowLinks","jenkins.util.VirtualFile$Scanner.noFollowLinks;Z","L82388","L103","C:\GIT\pris2\SourceMeter\Guille\jenkins-jenkins-2.328\core\src\main\java\jenkins\util\VirtualFile.java","1148","9","1148","45","0","0","0","0","0","0","0","0","0","0","0","0","0","0","0","0","0","0","0","0","0","0","0","0"
"L82568","DEFAULT_ILLEGAL_FUNCTIONS","jenkins.util.xml.FilteredFunctionContext.DEFAULT_ILLEGAL_FUNCTIONS;Ljava/util/Set;","L28172","L103","C:\GIT\pris2\SourceMeter\Guille\jenkins-jenkins-2.328\core\src\main\java\jenkins\util\xml\FilteredFunctionContext.java","54","5","56","8","0","0","0","0","0","0","0","0","0","0","0","0","0","0","0","0","0","0","0","0","0","0","0","0"
"L82570","base","jenkins.util.xml.FilteredFunctionContext.base;LFunctionContext;","L28172","L103","C:\GIT\pris2\SourceMeter\Guille\jenkins-jenkins-2.328\core\src\main\java\jenkins\util\xml\FilteredFunctionContext.java","57","5","57","40","0","0","0","0","0","0","0","0","0","0","0","0","0","0","0","0","0","0","0","0","0","0","0","0"
"L82571","illegalFunctions","jenkins.util.xml.FilteredFunctionContext.illegalFunctions;Ljava/util/Set;","L28172","L103","C:\GIT\pris2\SourceMeter\Guille\jenkins-jenkins-2.328\core\src\main\java\jenkins\util\xml\FilteredFunctionContext.java","58","5","58","48","0","0","0","0","0","0","0","0","0","0","0","0","0","0","0","0","0","0","0","0","0","0","0","0"
"L51017","INSTANCE","jenkins.util.xml.RestrictiveEntityResolver.INSTANCE;Ljenkins/util/xml/RestrictiveEntityResolver;","L82582","L103","C:\GIT\pris2\SourceMeter\Guille\jenkins-jenkins-2.328\core\src\main\java\jenkins\util\xml\RestrictiveEntityResolver.java","17","5","17","94","0","0","0","0","0","0","0","0","0","0","0","0","0","0","0","0","0","0","0","0","0","0","0","0"
"L82596","LOGGER","jenkins.util.xml.XMLUtils.LOGGER;Ljava/util/logging/Logger;","L82593","L103","C:\GIT\pris2\SourceMeter\Guille\jenkins-jenkins-2.328\core\src\main\java\jenkins\util\xml\XMLUtils.java","44","5","44","105","0","0","0","0","0","0","0","0","0","0","0","0","0","0","0","0","0","0","0","0","0","0","0","0"
"L82601","DISABLED_PROPERTY_NAME","jenkins.util.xml.XMLUtils.DISABLED_PROPERTY_NAME;Ljava/lang/String;","L82593","L103","C:\GIT\pris2\SourceMeter\Guille\jenkins-jenkins-2.328\core\src\main\java\jenkins\util\xml\XMLUtils.java","45","5","45","109","0","0","0","0","0","0","0","0","0","0","0","0","0","0","0","0","0","0","0","0","0","0","0","0"
"L82602","FEATURE_HTTP_XML_ORG_SAX_FEATURES_EXTERNAL_GENERAL_ENTITIES","jenkins.util.xml.XMLUtils.FEATURE_HTTP_XML_ORG_SAX_FEATURES_EXTERNAL_GENERAL_ENTITIES;Ljava/lang/String;","L82593","L103","C:\GIT\pris2\SourceMeter\Guille\jenkins-jenkins-2.328\core\src\main\java\jenkins\util\xml\XMLUtils.java","47","5","47","151","0","0","0","0","0","0","0","0","0","0","0","0","0","0","0","0","0","0","0","0","0","0","0","0"
"L82603","FEATURE_HTTP_XML_ORG_SAX_FEATURES_EXTERNAL_PARAMETER_ENTITIES","jenkins.util.xml.XMLUtils.FEATURE_HTTP_XML_ORG_SAX_FEATURES_EXTERNAL_PARAMETER_ENTITIES;Ljava/lang/String;","L82593","L103","C:\GIT\pris2\SourceMeter\Guille\jenkins-jenkins-2.328\core\src\main\java\jenkins\util\xml\XMLUtils.java","48","5","48","155","0","0","0","0","0","0","0","0","0","0","0","0","0","0","0","0","0","0","0","0","0","0","0","0"
"L82737","serialVersionUID","jenkins.util.xstream.CriticalXStreamException.serialVersionUID;J","L7429","L103","C:\GIT\pris2\SourceMeter\Guille\jenkins-jenkins-2.328\core\src\main\java\jenkins\util\xstream\CriticalXStreamException.java","36","5","36","53","0","0","0","0","0","0","0","0","0","0","0","0","0","0","0","0","0","0","0","0","0","0","0","0"
"L82744","tagName","jenkins.util.xstream.XStreamDOM.tagName;Ljava/lang/String;","L82742","L103","C:\GIT\pris2\SourceMeter\Guille\jenkins-jenkins-2.328\core\src\main\java\jenkins\util\xstream\XStreamDOM.java","123","5","123","34","0","0","0","0","0","0","0","0","0","0","0","0","0","0","0","0","0","0","0","0","0","0","0","0"
"L82745","attributes","jenkins.util.xstream.XStreamDOM.attributes;[Ljava/lang/String;","L82742","L103","C:\GIT\pris2\SourceMeter\Guille\jenkins-jenkins-2.328\core\src\main\java\jenkins\util\xstream\XStreamDOM.java","125","5","125","39","0","0","0","0","0","0","0","0","0","0","0","0","0","0","0","0","0","0","0","0","0","0","0","0"
"L82746","value","jenkins.util.xstream.XStreamDOM.value;Ljava/lang/String;","L82742","L103","C:\GIT\pris2\SourceMeter\Guille\jenkins-jenkins-2.328\core\src\main\java\jenkins\util\xstream\XStreamDOM.java","128","5","128","32","0","0","0","0","0","0","0","0","0","0","0","0","0","0","0","0","0","0","0","0","0","0","0","0"
"L82748","children","jenkins.util.xstream.XStreamDOM.children;Ljava/util/List;","L82742","L103","C:\GIT\pris2\SourceMeter\Guille\jenkins-jenkins-2.328\core\src\main\java\jenkins\util\xstream\XStreamDOM.java","129","5","129","45","0","0","0","0","0","0","0","0","0","0","0","0","0","0","0","0","0","0","0","0","0","0","0","0"
"L82940","REPLACER","jenkins.util.xstream.XStreamDOM.REPLACER;LXmlFriendlyReplacer;","L82742","L103","C:\GIT\pris2\SourceMeter\Guille\jenkins-jenkins-2.328\core\src\main\java\jenkins\util\xstream\XStreamDOM.java","567","5","569","82","0","0","0","0","0","0","0","0","0","0","0","0","0","0","0","0","0","0","0","0","0","0","0","0"
"L82959","xs","jenkins.util.xstream.XStreamDOMTest.xs;Lhudson/util/XStream2;","L82956","L103","C:\GIT\pris2\SourceMeter\Guille\jenkins-jenkins-2.328\core\src\test\java\jenkins\util\xstream\XStreamDOMTest.java","54","5","54","25","0","0","0","0","0","0","0","0","0","0","0","0","0","0","0","0","0","0","0","0","0","0","0","0"
"L83067","count","jenkins.util.MarkFindingOutputStreamTest$MarkCountingOutputStream.count;I","L83044","L103","C:\GIT\pris2\SourceMeter\Guille\jenkins-jenkins-2.328\core\src\test\java\jenkins\util\MarkFindingOutputStreamTest.java","87","9","87","23","0","0","0","0","0","0","0","0","0","0","0","0","0","0","0","0","0","0","0","0","0","0","0","0"
"L83172","paths","jenkins.util.VirtualFileTest$Ram.paths;Ljava/util/Set;","L83164","L103","C:\GIT\pris2\SourceMeter\Guille\jenkins-jenkins-2.328\core\src\test\java\jenkins\util\VirtualFileTest.java","149","9","149","41","0","0","0","0","0","0","0","0","0","0","0","0","0","0","0","0","0","0","0","0","0","0","0","0"
"L83173","path","jenkins.util.VirtualFileTest$Ram.path;Ljava/lang/String;","L83164","L103","C:\GIT\pris2\SourceMeter\Guille\jenkins-jenkins-2.328\core\src\test\java\jenkins\util\VirtualFileTest.java","150","9","150","35","0","0","0","0","0","0","0","0","0","0","0","0","0","0","0","0","0","0","0","0","0","0","0","0"
"L83282","description","jenkins.util.VirtualFileTest$VFMatcher.description;Ljava/lang/String;","L83281","L103","C:\GIT\pris2\SourceMeter\Guille\jenkins-jenkins-2.328\core\src\test\java\jenkins\util\VirtualFileTest.java","977","9","977","42","0","0","0","0","0","0","0","0","0","0","0","0","0","0","0","0","0","0","0","0","0","0","0","0"
"L83366","file","jenkins.util.VirtualFileTest$VirtualFileMinimalImplementation.file;Ljava/io/File;","L83234","L103","C:\GIT\pris2\SourceMeter\Guille\jenkins-jenkins-2.328\core\src\test\java\jenkins\util\VirtualFileTest.java","1512","9","1512","27","0","0","0","0","0","0","0","0","0","0","0","0","0","0","0","0","0","0","0","0","0","0","0","0"
"L83367","root","jenkins.util.VirtualFileTest$VirtualFileMinimalImplementation.root;Ljava/io/File;","L83234","L103","C:\GIT\pris2\SourceMeter\Guille\jenkins-jenkins-2.328\core\src\test\java\jenkins\util\VirtualFileTest.java","1513","9","1513","27","0","0","0","0","0","0","0","0","0","0","0","0","0","0","0","0","0","0","0","0","0","0","0","0"
"L83418","duplexServices","jenkins.util.FullDuplexHttpServiceTest$Endpoint.duplexServices;Ljava/util/Map;","L83416","L103","C:\GIT\pris2\SourceMeter\Guille\jenkins-jenkins-2.328\test\src\test\java\jenkins\util\FullDuplexHttpServiceTest.java","76","9","76","99","0","0","0","0","0","0","0","0","0","0","0","0","0","0","0","0","0","0","0","0","0","0","0","0"
"L83912","queueId","jenkins.widgets.HistoryPageFilterTest$MockRun.queueId;J","L83876","L103","C:\GIT\pris2\SourceMeter\Guille\jenkins-jenkins-2.328\core\src\test\java\jenkins\widgets\HistoryPageFilterTest.java","412","9","412","36","0","0","0","0","0","0","0","0","0","0","0","0","0","0","0","0","0","0","0","0","0","0","0","0"
"L83929","buildNumber","jenkins.widgets.HistoryPageFilterTest$MockBuild.buildNumber;I","L83887","L103","C:\GIT\pris2\SourceMeter\Guille\jenkins-jenkins-2.328\core\src\test\java\jenkins\widgets\HistoryPageFilterTest.java","471","9","471","39","0","0","0","0","0","0","0","0","0","0","0","0","0","0","0","0","0","0","0","0","0","0","0","0"
"L83930","buildVariables","jenkins.widgets.HistoryPageFilterTest$MockBuild.buildVariables;Ljava/util/Map;","L83887","L103","C:\GIT\pris2\SourceMeter\Guille\jenkins-jenkins-2.328\core\src\test\java\jenkins\widgets\HistoryPageFilterTest.java","473","9","473","77","0","0","0","0","0","0","0","0","0","0","0","0","0","0","0","0","0","0","0","0","0","0","0","0"
"L84000","runMap","jenkins.widgets.BuildTimeTrendTest$NonAbstractJob.runMap;Lhudson/model/RunMap;","L83977","L103","C:\GIT\pris2\SourceMeter\Guille\jenkins-jenkins-2.328\test\src\test\java\jenkins\widgets\BuildTimeTrendTest.java","198","9","198","49","0","0","0","0","0","0","0","0","0","0","0","0","0","0","0","0","0","0","0","0","0","0","0","0"
"L84063","queueId","jenkins.widgets.HistoryPageFilterCaseSensitiveSearchTest$MockRun.queueId;J","L84051","L103","C:\GIT\pris2\SourceMeter\Guille\jenkins-jenkins-2.328\test\src\test\java\jenkins\widgets\HistoryPageFilterCaseSensitiveSearchTest.java","90","9","90","36","0","0","0","0","0","0","0","0","0","0","0","0","0","0","0","0","0","0","0","0","0","0","0","0"
"L84577","authentication","org.acegisecurity.context.SecurityContextImpl.authentication;Lorg/acegisecurity/Authentication;","L84574","L103","C:\GIT\pris2\SourceMeter\Guille\jenkins-jenkins-2.328\core\src\main\java\org\acegisecurity\context\SecurityContextImpl.java","35","5","35","43","0","0","0","0","0","0","0","0","0","0","0","0","0","0","0","0","0","0","0","0","0","0","0","0"
"L84673","authorities","org.acegisecurity.providers.AbstractAuthenticationToken.authorities;[Lorg/acegisecurity/GrantedAuthority;","L84671","L103","C:\GIT\pris2\SourceMeter\Guille\jenkins-jenkins-2.328\core\src\main\java\org\acegisecurity\providers\AbstractAuthenticationToken.java","39","5","39","50","0","0","0","0","0","0","0","0","0","0","0","0","0","0","0","0","0","0","0","0","0","0","0","0"
"L84674","details","org.acegisecurity.providers.AbstractAuthenticationToken.details;Ljava/lang/Object;","L84671","L103","C:\GIT\pris2\SourceMeter\Guille\jenkins-jenkins-2.328\core\src\main\java\org\acegisecurity\providers\AbstractAuthenticationToken.java","40","5","40","28","0","0","0","0","0","0","0","0","0","0","0","0","0","0","0","0","0","0","0","0","0","0","0","0"
"L84675","authenticated","org.acegisecurity.providers.AbstractAuthenticationToken.authenticated;Z","L84671","L103","C:\GIT\pris2\SourceMeter\Guille\jenkins-jenkins-2.328\core\src\main\java\org\acegisecurity\providers\AbstractAuthenticationToken.java","41","5","41","35","0","0","0","0","0","0","0","0","0","0","0","0","0","0","0","0","0","0","0","0","0","0","0","0"
"L84778","delegate","org.acegisecurity.providers.UsernamePasswordAuthenticationToken.delegate;Lorg/springframework/security/authentication/UsernamePasswordAuthenticationToken;","L54089","L103","C:\GIT\pris2\SourceMeter\Guille\jenkins-jenkins-2.328\core\src\main\java\org\acegisecurity\providers\UsernamePasswordAuthenticationToken.java","40","5","40","108","0","0","0","0","0","0","0","0","0","0","0","0","0","0","0","0","0","0","0","0","0","0","0","0"
"L84877","serialVersionUID","org.acegisecurity.userdetails.User.serialVersionUID;J","L75602","L103","C:\GIT\pris2\SourceMeter\Guille\jenkins-jenkins-2.328\core\src\main\java\org\acegisecurity\userdetails\User.java","35","5","35","52","0","0","0","0","0","0","0","0","0","0","0","0","0","0","0","0","0","0","0","0","0","0","0","0"
"L84878","username","org.acegisecurity.userdetails.User.username;Ljava/lang/String;","L75602","L103","C:\GIT\pris2\SourceMeter\Guille\jenkins-jenkins-2.328\core\src\main\java\org\acegisecurity\userdetails\User.java","37","5","37","35","0","0","0","0","0","0","0","0","0","0","0","0","0","0","0","0","0","0","0","0","0","0","0","0"
"L84879","password","org.acegisecurity.userdetails.User.password;Ljava/lang/String;","L75602","L103","C:\GIT\pris2\SourceMeter\Guille\jenkins-jenkins-2.328\core\src\main\java\org\acegisecurity\userdetails\User.java","38","5","38","35","0","0","0","0","0","0","0","0","0","0","0","0","0","0","0","0","0","0","0","0","0","0","0","0"
"L84880","enabled","org.acegisecurity.userdetails.User.enabled;Z","L75602","L103","C:\GIT\pris2\SourceMeter\Guille\jenkins-jenkins-2.328\core\src\main\java\org\acegisecurity\userdetails\User.java","39","5","39","35","0","0","0","0","0","0","0","0","0","0","0","0","0","0","0","0","0","0","0","0","0","0","0","0"
"L84881","accountNonExpired","org.acegisecurity.userdetails.User.accountNonExpired;Z","L75602","L103","C:\GIT\pris2\SourceMeter\Guille\jenkins-jenkins-2.328\core\src\main\java\org\acegisecurity\userdetails\User.java","40","5","40","45","0","0","0","0","0","0","0","0","0","0","0","0","0","0","0","0","0","0","0","0","0","0","0","0"
"L84882","credentialsNonExpired","org.acegisecurity.userdetails.User.credentialsNonExpired;Z","L75602","L103","C:\GIT\pris2\SourceMeter\Guille\jenkins-jenkins-2.328\core\src\main\java\org\acegisecurity\userdetails\User.java","41","5","41","49","0","0","0","0","0","0","0","0","0","0","0","0","0","0","0","0","0","0","0","0","0","0","0","0"
"L84883","accountNonLocked","org.acegisecurity.userdetails.User.accountNonLocked;Z","L75602","L103","C:\GIT\pris2\SourceMeter\Guille\jenkins-jenkins-2.328\core\src\main\java\org\acegisecurity\userdetails\User.java","42","5","42","44","0","0","0","0","0","0","0","0","0","0","0","0","0","0","0","0","0","0","0","0","0","0","0","0"
"L84884","authorities","org.acegisecurity.userdetails.User.authorities;[Lorg/acegisecurity/GrantedAuthority;","L75602","L103","C:\GIT\pris2\SourceMeter\Guille\jenkins-jenkins-2.328\core\src\main\java\org\acegisecurity\userdetails\User.java","43","5","43","44","0","0","0","0","0","0","0","0","0","0","0","0","0","0","0","0","0","0","0","0","0","0","0","0"
"L84939","delegate","org.acegisecurity.userdetails.UserDetailsSpringImpl.delegate;Lorg/acegisecurity/userdetails/UserDetails;","L84933","L103","C:\GIT\pris2\SourceMeter\Guille\jenkins-jenkins-2.328\core\src\main\java\org\acegisecurity\userdetails\UserDetailsSpringImpl.java","33","5","33","32","0","0","0","0","0","0","0","0","0","0","0","0","0","0","0","0","0","0","0","0","0","0","0","0"
"L85057","myField","org.acegisecurity.util.OuterClassWithPublicFinalField.myField;Ljava/lang/String;","L85036","L103","C:\GIT\pris2\SourceMeter\Guille\jenkins-jenkins-2.328\core\src\test\java\org\acegisecurity\util\OuterClassWithPublicFinalField.java","5","5","5","46","0","0","0","0","0","0","0","0","0","0","0","0","0","0","0","0","0","0","0","0","0","0","0","0"
"L85462","r","org.kohsuke.stapler.MockStaplerRequestBuilder.r;LJenkinsRule;","L63391","L103","C:\GIT\pris2\SourceMeter\Guille\jenkins-jenkins-2.328\test\src\test\java\org\kohsuke\stapler\MockStaplerRequestBuilder.java","42","5","42","33","0","0","0","0","0","0","0","0","0","0","0","0","0","0","0","0","0","0","0","0","0","0","0","0"
"L85463","ancestors","org.kohsuke.stapler.MockStaplerRequestBuilder.ancestors;Ljava/util/List;","L63391","L103","C:\GIT\pris2\SourceMeter\Guille\jenkins-jenkins-2.328\test\src\test\java\org\kohsuke\stapler\MockStaplerRequestBuilder.java","44","5","44","68","0","0","0","0","0","0","0","0","0","0","0","0","0","0","0","0","0","0","0","0","0","0","0","0"
"L85464","tokens","org.kohsuke.stapler.MockStaplerRequestBuilder.tokens;LTokenList;","L63391","L103","C:\GIT\pris2\SourceMeter\Guille\jenkins-jenkins-2.328\test\src\test\java\org\kohsuke\stapler\MockStaplerRequestBuilder.java","45","5","45","36","0","0","0","0","0","0","0","0","0","0","0","0","0","0","0","0","0","0","0","0","0","0","0","0"
"L85465","getters","org.kohsuke.stapler.MockStaplerRequestBuilder.getters;Ljava/util/Map;","L63391","L103","C:\GIT\pris2\SourceMeter\Guille\jenkins-jenkins-2.328\test\src\test\java\org\kohsuke\stapler\MockStaplerRequestBuilder.java","46","5","46","57","0","0","0","0","0","0","0","0","0","0","0","0","0","0","0","0","0","0","0","0","0","0","0","0"
"L85466","stapler","org.kohsuke.stapler.MockStaplerRequestBuilder.stapler;LStapler;","L63391","L103","C:\GIT\pris2\SourceMeter\Guille\jenkins-jenkins-2.328\test\src\test\java\org\kohsuke\stapler\MockStaplerRequestBuilder.java","47","5","47","29","0","0","0","0","0","0","0","0","0","0","0","0","0","0","0","0","0","0","0","0","0","0","0","0"
"L85483","j","org.kohsuke.stapler.Security1097Test.j;LJenkinsRule;","L85481","L103","C:\GIT\pris2\SourceMeter\Guille\jenkins-jenkins-2.328\test\src\test\java\org\kohsuke\stapler\Security1097Test.java","19","5","20","46","0","0","0","0","0","0","0","0","0","0","0","0","0","0","0","0","0","0","0","0","0","0","0","0"
"L86256","compoundField","lib.form.ComboBoxTest$CompoundFieldComboBoxBuilder.compoundField;Llib/form/ComboBoxTest$CompoundField;","L86254","L103","C:\GIT\pris2\SourceMeter\Guille\jenkins-jenkins-2.328\test\src\test\java\lib\form\ComboBoxTest.java","63","9","63","45","0","0","0","0","0","0","0","0","0","0","0","0","0","0","0","0","0","0","0","0","0","0","0","0"
"L86260","foo","lib.form.ComboBoxTest$CompoundFieldComboBoxBuilder.foo;Ljava/lang/String;","L86254","L103","C:\GIT\pris2\SourceMeter\Guille\jenkins-jenkins-2.328\test\src\test\java\lib\form\ComboBoxTest.java","64","9","64","28","0","0","0","0","0","0","0","0","0","0","0","0","0","0","0","0","0","0","0","0","0","0","0","0"
"L86282","abc","lib.form.ComboBoxTest$CompoundField.abc;Ljava/lang/String;","L86257","L103","C:\GIT\pris2\SourceMeter\Guille\jenkins-jenkins-2.328\test\src\test\java\lib\form\ComboBoxTest.java","104","9","104","34","0","0","0","0","0","0","0","0","0","0","0","0","0","0","0","0","0","0","0","0","0","0","0","0"
"L86283","xyz","lib.form.ComboBoxTest$CompoundField.xyz;Ljava/lang/String;","L86257","L103","C:\GIT\pris2\SourceMeter\Guille\jenkins-jenkins-2.328\test\src\test\java\lib\form\ComboBoxTest.java","105","9","105","34","0","0","0","0","0","0","0","0","0","0","0","0","0","0","0","0","0","0","0","0","0","0","0","0"
"L86342","f","lib.form.EnumSetTest$EnumSetTestDescribable.f;Ljava/util/EnumSet;","L86336","L103","C:\GIT\pris2\SourceMeter\Guille\jenkins-jenkins-2.328\test\src\test\java\lib\form\EnumSetTest.java","36","9","36","30","0","0","0","0","0","0","0","0","0","0","0","0","0","0","0","0","0","0","0","0","0","0","0","0"
"L86379","enum1","lib.form.EnumTest$Form.enum1;Lhudson/model/BallColor;","L86372","L103","C:\GIT\pris2\SourceMeter\Guille\jenkins-jenkins-2.328\test\src\test\java\lib\form\EnumTest.java","61","9","61","51","0","0","0","0","0","0","0","0","0","0","0","0","0","0","0","0","0","0","0","0","0","0","0","0"
"L86380","enum2","lib.form.EnumTest$Form.enum2;Lhudson/model/BallColor;","L86372","L103","C:\GIT\pris2\SourceMeter\Guille\jenkins-jenkins-2.328\test\src\test\java\lib\form\EnumTest.java","62","9","62","39","0","0","0","0","0","0","0","0","0","0","0","0","0","0","0","0","0","0","0","0","0","0","0","0"
"L86413","paramName","lib.form.ExpandableTextboxTest$TestRootAction.paramName;Ljava/lang/String;","L86405","L103","C:\GIT\pris2\SourceMeter\Guille\jenkins-jenkins-2.328\test\src\test\java\lib\form\ExpandableTextboxTest.java","129","9","129","33","0","0","0","0","0","0","0","0","0","0","0","0","0","0","0","0","0","0","0","0","0","0","0","0"
"L86431","xss","lib.form.ExpandableTextboxTest$XssProperty.xss;Ljava/lang/String;","L86426","L103","C:\GIT\pris2\SourceMeter\Guille\jenkins-jenkins-2.328\test\src\test\java\lib\form\ExpandableTextboxTest.java","176","9","176","28","0","0","0","0","0","0","0","0","0","0","0","0","0","0","0","0","0","0","0","0","0","0","0","0"
"L86468","descriptorList","lib.form.HeteroListTest$RootActionImpl.descriptorList;Ljava/util/List;","L86459","L103","C:\GIT\pris2\SourceMeter\Guille\jenkins-jenkins-2.328\test\src\test\java\lib\form\HeteroListTest.java","229","9","229","51","0","0","0","0","0","0","0","0","0","0","0","0","0","0","0","0","0","0","0","0","0","0","0","0"
"L86680","injection","lib.form.OptionTest$UsingJellyView.injection;Ljava/lang/String;","L86638","L103","C:\GIT\pris2\SourceMeter\Guille\jenkins-jenkins-2.328\test\src\test\java\lib\form\OptionTest.java","305","9","305","34","0","0","0","0","0","0","0","0","0","0","0","0","0","0","0","0","0","0","0","0","0","0","0","0"
"L86681","mode","lib.form.OptionTest$UsingJellyView.mode;I","L86638","L103","C:\GIT\pris2\SourceMeter\Guille\jenkins-jenkins-2.328\test\src\test\java\lib\form\OptionTest.java","306","9","306","26","0","0","0","0","0","0","0","0","0","0","0","0","0","0","0","0","0","0","0","0","0","0","0","0"
"L86682","withValue","lib.form.OptionTest$UsingJellyView.withValue;Z","L86638","L103","C:\GIT\pris2\SourceMeter\Guille\jenkins-jenkins-2.328\test\src\test\java\lib\form\OptionTest.java","307","9","307","35","0","0","0","0","0","0","0","0","0","0","0","0","0","0","0","0","0","0","0","0","0","0","0","0"
"L86696","injection","lib.form.OptionTest$UsingGroovyView.injection;Ljava/lang/String;","L86666","L103","C:\GIT\pris2\SourceMeter\Guille\jenkins-jenkins-2.328\test\src\test\java\lib\form\OptionTest.java","351","9","351","34","0","0","0","0","0","0","0","0","0","0","0","0","0","0","0","0","0","0","0","0","0","0","0","0"
"L86697","mode","lib.form.OptionTest$UsingGroovyView.mode;I","L86666","L103","C:\GIT\pris2\SourceMeter\Guille\jenkins-jenkins-2.328\test\src\test\java\lib\form\OptionTest.java","352","9","352","26","0","0","0","0","0","0","0","0","0","0","0","0","0","0","0","0","0","0","0","0","0","0","0","0"
"L86698","withValue","lib.form.OptionTest$UsingGroovyView.withValue;Z","L86666","L103","C:\GIT\pris2\SourceMeter\Guille\jenkins-jenkins-2.328\test\src\test\java\lib\form\OptionTest.java","353","9","353","35","0","0","0","0","0","0","0","0","0","0","0","0","0","0","0","0","0","0","0","0","0","0","0","0"
"L86715","secret","lib.form.PasswordTest$SecretNotPlainText.secret;Lhudson/util/Secret;","L86718","L103","C:\GIT\pris2\SourceMeter\Guille\jenkins-jenkins-2.328\test\src\test\java\lib\form\PasswordTest.java","108","9","108","37","0","0","0","0","0","0","0","0","0","0","0","0","0","0","0","0","0","0","0","0","0","0","0","0"
"L86729","secret","lib.form.PasswordTest$VulnerableProperty.secret;Lhudson/util/Secret;","L86724","L103","C:\GIT\pris2\SourceMeter\Guille\jenkins-jenkins-2.328\test\src\test\java\lib\form\PasswordTest.java","237","9","237","36","0","0","0","0","0","0","0","0","0","0","0","0","0","0","0","0","0","0","0","0","0","0","0","0"
"L86748","secretWithStringGetterAndSetter","lib.form.PasswordTest$PasswordHolderConfiguration.secretWithStringGetterAndSetter;Lhudson/util/Secret;","L86754","L103","C:\GIT\pris2\SourceMeter\Guille\jenkins-jenkins-2.328\test\src\test\java\lib\form\PasswordTest.java","308","9","308","56","0","0","0","0","0","0","0","0","0","0","0","0","0","0","0","0","0","0","0","0","0","0","0","0"
"L86746","secretWithSecretGetterAndSetter","lib.form.PasswordTest$PasswordHolderConfiguration.secretWithSecretGetterAndSetter;Lhudson/util/Secret;","L86754","L103","C:\GIT\pris2\SourceMeter\Guille\jenkins-jenkins-2.328\test\src\test\java\lib\form\PasswordTest.java","309","9","309","56","0","0","0","0","0","0","0","0","0","0","0","0","0","0","0","0","0","0","0","0","0","0","0","0"
"L86752","stringWithStringGetterAndSetter","lib.form.PasswordTest$PasswordHolderConfiguration.stringWithStringGetterAndSetter;Ljava/lang/String;","L86754","L103","C:\GIT\pris2\SourceMeter\Guille\jenkins-jenkins-2.328\test\src\test\java\lib\form\PasswordTest.java","310","9","310","56","0","0","0","0","0","0","0","0","0","0","0","0","0","0","0","0","0","0","0","0","0","0","0","0"
"L86750","stringWithSecretGetterAndSetter","lib.form.PasswordTest$PasswordHolderConfiguration.stringWithSecretGetterAndSetter;Ljava/lang/String;","L86754","L103","C:\GIT\pris2\SourceMeter\Guille\jenkins-jenkins-2.328\test\src\test\java\lib\form\PasswordTest.java","311","9","311","56","0","0","0","0","0","0","0","0","0","0","0","0","0","0","0","0","0","0","0","0","0","0","0","0"
"L86782","secretWithStringGetterStringSetter","lib.form.PasswordTest$PasswordHolderBuildStep.secretWithStringGetterStringSetter;Lhudson/util/Secret;","L86771","L103","C:\GIT\pris2\SourceMeter\Guille\jenkins-jenkins-2.328\test\src\test\java\lib\form\PasswordTest.java","454","9","454","59","0","0","0","0","0","0","0","0","0","0","0","0","0","0","0","0","0","0","0","0","0","0","0","0"
"L86778","secretWithSecretGetterStringSetter","lib.form.PasswordTest$PasswordHolderBuildStep.secretWithSecretGetterStringSetter;Lhudson/util/Secret;","L86771","L103","C:\GIT\pris2\SourceMeter\Guille\jenkins-jenkins-2.328\test\src\test\java\lib\form\PasswordTest.java","455","9","455","59","0","0","0","0","0","0","0","0","0","0","0","0","0","0","0","0","0","0","0","0","0","0","0","0"
"L86780","secretWithStringGetterSecretSetter","lib.form.PasswordTest$PasswordHolderBuildStep.secretWithStringGetterSecretSetter;Lhudson/util/Secret;","L86771","L103","C:\GIT\pris2\SourceMeter\Guille\jenkins-jenkins-2.328\test\src\test\java\lib\form\PasswordTest.java","456","9","456","59","0","0","0","0","0","0","0","0","0","0","0","0","0","0","0","0","0","0","0","0","0","0","0","0"
"L86776","secretWithSecretGetterSecretSetter","lib.form.PasswordTest$PasswordHolderBuildStep.secretWithSecretGetterSecretSetter;Lhudson/util/Secret;","L86771","L103","C:\GIT\pris2\SourceMeter\Guille\jenkins-jenkins-2.328\test\src\test\java\lib\form\PasswordTest.java","457","9","457","59","0","0","0","0","0","0","0","0","0","0","0","0","0","0","0","0","0","0","0","0","0","0","0","0"
"L86790","stringWithStringGetterStringSetter","lib.form.PasswordTest$PasswordHolderBuildStep.stringWithStringGetterStringSetter;Ljava/lang/String;","L86771","L103","C:\GIT\pris2\SourceMeter\Guille\jenkins-jenkins-2.328\test\src\test\java\lib\form\PasswordTest.java","458","9","458","59","0","0","0","0","0","0","0","0","0","0","0","0","0","0","0","0","0","0","0","0","0","0","0","0"
"L86786","stringWithSecretGetterStringSetter","lib.form.PasswordTest$PasswordHolderBuildStep.stringWithSecretGetterStringSetter;Ljava/lang/String;","L86771","L103","C:\GIT\pris2\SourceMeter\Guille\jenkins-jenkins-2.328\test\src\test\java\lib\form\PasswordTest.java","459","9","459","59","0","0","0","0","0","0","0","0","0","0","0","0","0","0","0","0","0","0","0","0","0","0","0","0"
"L86788","stringWithStringGetterSecretSetter","lib.form.PasswordTest$PasswordHolderBuildStep.stringWithStringGetterSecretSetter;Ljava/lang/String;","L86771","L103","C:\GIT\pris2\SourceMeter\Guille\jenkins-jenkins-2.328\test\src\test\java\lib\form\PasswordTest.java","460","9","460","59","0","0","0","0","0","0","0","0","0","0","0","0","0","0","0","0","0","0","0","0","0","0","0","0"
"L86784","stringWithSecretGetterSecretSetter","lib.form.PasswordTest$PasswordHolderBuildStep.stringWithSecretGetterSecretSetter;Ljava/lang/String;","L86771","L103","C:\GIT\pris2\SourceMeter\Guille\jenkins-jenkins-2.328\test\src\test\java\lib\form\PasswordTest.java","461","9","461","59","0","0","0","0","0","0","0","0","0","0","0","0","0","0","0","0","0","0","0","0","0","0","0","0"
"L86846","mySecret","lib.form.PasswordTest$StringlyTypedSecretsBuilder.mySecret;Ljava/lang/String;","L86841","L103","C:\GIT\pris2\SourceMeter\Guille\jenkins-jenkins-2.328\test\src\test\java\lib\form\PasswordTest.java","600","9","600","33","0","0","0","0","0","0","0","0","0","0","0","0","0","0","0","0","0","0","0","0","0","0","0","0"
"L86881","secret","lib.form.PasswordTest$SecuredAction.secret;Lhudson/util/Secret;","L86876","L103","C:\GIT\pris2\SourceMeter\Guille\jenkins-jenkins-2.328\test\src\test\java\lib\form\PasswordTest.java","739","9","739","68","0","0","0","0","0","0","0","0","0","0","0","0","0","0","0","0","0","0","0","0","0","0","0","0"
"L86931","greatProperty","lib.form.RepeatablePropertyTest$ExcitingObject.greatProperty;Ljava/lang/String;","L86906","L103","C:\GIT\pris2\SourceMeter\Guille\jenkins-jenkins-2.328\test\src\test\java\lib\form\RepeatablePropertyTest.java","154","9","154","44","0","0","0","0","0","0","0","0","0","0","0","0","0","0","0","0","0","0","0","0","0","0","0","0"
"L86957","containerName","lib.form.RepeatablePropertyTest$ExcitingObjectContainer.containerName;Ljava/lang/String;","L86951","L103","C:\GIT\pris2\SourceMeter\Guille\jenkins-jenkins-2.328\test\src\test\java\lib\form\RepeatablePropertyTest.java","199","9","199","30","0","0","0","0","0","0","0","0","0","0","0","0","0","0","0","0","0","0","0","0","0","0","0","0"
"L86958","excitingObjectList","lib.form.RepeatablePropertyTest$ExcitingObjectContainer.excitingObjectList;Ljava/util/List;","L86951","L103","C:\GIT\pris2\SourceMeter\Guille\jenkins-jenkins-2.328\test\src\test\java\lib\form\RepeatablePropertyTest.java","200","9","200","49","0","0","0","0","0","0","0","0","0","0","0","0","0","0","0","0","0","0","0","0","0","0","0","0"
"L86897","testRepeatable","lib.form.RepeatablePropertyTest$RootActionImpl.testRepeatable;Ljava/util/ArrayList;","L86891","L103","C:\GIT\pris2\SourceMeter\Guille\jenkins-jenkins-2.328\test\src\test\java\lib\form\RepeatablePropertyTest.java","224","9","224","57","0","0","0","0","0","0","0","0","0","0","0","0","0","0","0","0","0","0","0","0","0","0","0","0"
"L86912","defaults","lib.form.RepeatablePropertyTest$RootActionImpl.defaults;Ljava/util/ArrayList;","L86891","L103","C:\GIT\pris2\SourceMeter\Guille\jenkins-jenkins-2.328\test\src\test\java\lib\form\RepeatablePropertyTest.java","225","9","225","51","0","0","0","0","0","0","0","0","0","0","0","0","0","0","0","0","0","0","0","0","0","0","0","0"
"L86919","testRepeatableContainer","lib.form.RepeatablePropertyTest$RootActionImpl.testRepeatableContainer;Ljava/util/List;","L86891","L103","C:\GIT\pris2\SourceMeter\Guille\jenkins-jenkins-2.328\test\src\test\java\lib\form\RepeatablePropertyTest.java","226","9","226","70","0","0","0","0","0","0","0","0","0","0","0","0","0","0","0","0","0","0","0","0","0","0","0","0"
"L87022","txt","lib.form.RepeatableTest$Foo.txt;Ljava/lang/String;","L87020","L103","C:\GIT\pris2\SourceMeter\Guille\jenkins-jenkins-2.328\test\src\test\java\lib\form\RepeatableTest.java","136","9","136","27","0","0","0","0","0","0","0","0","0","0","0","0","0","0","0","0","0","0","0","0","0","0","0","0"
"L87023","bool","lib.form.RepeatableTest$Foo.bool;Z","L87020","L103","C:\GIT\pris2\SourceMeter\Guille\jenkins-jenkins-2.328\test\src\test\java\lib\form\RepeatableTest.java","137","9","137","29","0","0","0","0","0","0","0","0","0","0","0","0","0","0","0","0","0","0","0","0","0","0","0","0"
"L87067","txt","lib.form.RepeatableTest$FooRadio.txt;Ljava/lang/String;","L87066","L103","C:\GIT\pris2\SourceMeter\Guille\jenkins-jenkins-2.328\test\src\test\java\lib\form\RepeatableTest.java","279","9","279","27","0","0","0","0","0","0","0","0","0","0","0","0","0","0","0","0","0","0","0","0","0","0","0","0"
"L87068","radio","lib.form.RepeatableTest$FooRadio.radio;Ljava/lang/String;","L87066","L103","C:\GIT\pris2\SourceMeter\Guille\jenkins-jenkins-2.328\test\src\test\java\lib\form\RepeatableTest.java","279","9","279","34","0","0","0","0","0","0","0","0","0","0","0","0","0","0","0","0","0","0","0","0","0","0","0","0"
"L87088","name","lib.form.RepeatableTest$Fruit.name;Ljava/lang/String;","L87081","L103","C:\GIT\pris2\SourceMeter\Guille\jenkins-jenkins-2.328\test\src\test\java\lib\form\RepeatableTest.java","327","9","327","31","0","0","0","0","0","0","0","0","0","0","0","0","0","0","0","0","0","0","0","0","0","0","0","0"
"L87103","seeds","lib.form.RepeatableTest$Apple.seeds;I","L87102","L103","C:\GIT\pris2\SourceMeter\Guille\jenkins-jenkins-2.328\test\src\test\java\lib\form\RepeatableTest.java","344","9","344","27","0","0","0","0","0","0","0","0","0","0","0","0","0","0","0","0","0","0","0","0","0","0","0","0"
"L87108","D","lib.form.RepeatableTest$Apple.D;Llib/form/RepeatableTest$FruitDescriptor;","L87102","L103","C:\GIT\pris2\SourceMeter\Guille\jenkins-jenkins-2.328\test\src\test\java\lib\form\RepeatableTest.java","351","9","351","93","0","0","0","0","0","0","0","0","0","0","0","0","0","0","0","0","0","0","0","0","0","0","0","0"
"L87115","yellow","lib.form.RepeatableTest$Banana.yellow;Z","L87114","L103","C:\GIT\pris2\SourceMeter\Guille\jenkins-jenkins-2.328\test\src\test\java\lib\form\RepeatableTest.java","357","9","357","32","0","0","0","0","0","0","0","0","0","0","0","0","0","0","0","0","0","0","0","0","0","0","0","0"
"L87119","D","lib.form.RepeatableTest$Banana.D;Llib/form/RepeatableTest$FruitDescriptor;","L87114","L103","C:\GIT\pris2\SourceMeter\Guille\jenkins-jenkins-2.328\test\src\test\java\lib\form\RepeatableTest.java","364","9","364","94","0","0","0","0","0","0","0","0","0","0","0","0","0","0","0","0","0","0","0","0","0","0","0","0"
"L87124","fruit","lib.form.RepeatableTest$Fruity.fruit;Llib/form/RepeatableTest$Fruit;","L87123","L103","C:\GIT\pris2\SourceMeter\Guille\jenkins-jenkins-2.328\test\src\test\java\lib\form\RepeatableTest.java","370","9","370","28","0","0","0","0","0","0","0","0","0","0","0","0","0","0","0","0","0","0","0","0","0","0","0","0"
"L87125","word","lib.form.RepeatableTest$Fruity.word;Ljava/lang/String;","L87123","L103","C:\GIT\pris2\SourceMeter\Guille\jenkins-jenkins-2.328\test\src\test\java\lib\form\RepeatableTest.java","371","9","371","28","0","0","0","0","0","0","0","0","0","0","0","0","0","0","0","0","0","0","0","0","0","0","0","0"
"L87141","title","lib.form.RepeatableTest$FooList.title;Ljava/lang/String;","L87139","L103","C:\GIT\pris2\SourceMeter\Guille\jenkins-jenkins-2.328\test\src\test\java\lib\form\RepeatableTest.java","405","9","405","29","0","0","0","0","0","0","0","0","0","0","0","0","0","0","0","0","0","0","0","0","0","0","0","0"
"L87142","list","lib.form.RepeatableTest$FooList.list;[Llib/form/RepeatableTest$Foo;","L87139","L103","C:\GIT\pris2\SourceMeter\Guille\jenkins-jenkins-2.328\test\src\test\java\lib\form\RepeatableTest.java","406","9","406","40","0","0","0","0","0","0","0","0","0","0","0","0","0","0","0","0","0","0","0","0","0","0","0","0"
"L87010","formData","lib.form.RepeatableTest$RootActionImpl.formData;LJSONObject;","L86995","L103","C:\GIT\pris2\SourceMeter\Guille\jenkins-jenkins-2.328\test\src\test\java\lib\form\RepeatableTest.java","642","9","642","37","0","0","0","0","0","0","0","0","0","0","0","0","0","0","0","0","0","0","0","0","0","0","0","0"
"L87133","bindClass","lib.form.RepeatableTest$RootActionImpl.bindClass;Ljava/lang/Class;","L86995","L103","C:\GIT\pris2\SourceMeter\Guille\jenkins-jenkins-2.328\test\src\test\java\lib\form\RepeatableTest.java","643","9","643","36","0","0","0","0","0","0","0","0","0","0","0","0","0","0","0","0","0","0","0","0","0","0","0","0"
"L87137","bindResult","lib.form.RepeatableTest$RootActionImpl.bindResult;Ljava/util/List;","L86995","L103","C:\GIT\pris2\SourceMeter\Guille\jenkins-jenkins-2.328\test\src\test\java\lib\form\RepeatableTest.java","644","9","644","36","0","0","0","0","0","0","0","0","0","0","0","0","0","0","0","0","0","0","0","0","0","0","0","0"
"L87031","list","lib.form.RepeatableTest$RootActionImpl.list;Ljava/util/List;","L86995","L103","C:\GIT\pris2\SourceMeter\Guille\jenkins-jenkins-2.328\test\src\test\java\lib\form\RepeatableTest.java","645","9","645","54","0","0","0","0","0","0","0","0","0","0","0","0","0","0","0","0","0","0","0","0","0","0","0","0"
"L87045","defaults","lib.form.RepeatableTest$RootActionImpl.defaults;Ljava/util/List;","L86995","L103","C:\GIT\pris2\SourceMeter\Guille\jenkins-jenkins-2.328\test\src\test\java\lib\form\RepeatableTest.java","646","9","646","45","0","0","0","0","0","0","0","0","0","0","0","0","0","0","0","0","0","0","0","0","0","0","0","0"
"L87039","minimum","lib.form.RepeatableTest$RootActionImpl.minimum;Ljava/lang/Integer;","L86995","L103","C:\GIT\pris2\SourceMeter\Guille\jenkins-jenkins-2.328\test\src\test\java\lib\form\RepeatableTest.java","647","9","647","39","0","0","0","0","0","0","0","0","0","0","0","0","0","0","0","0","0","0","0","0","0","0","0","0"
"L87223","textbox2","lib.form.RowVisibilityGroupTest$Nested.textbox2;Ljava/lang/String;","L87218","L103","C:\GIT\pris2\SourceMeter\Guille\jenkins-jenkins-2.328\test\src\test\java\lib\form\RowVisibilityGroupTest.java","121","9","121","32","0","0","0","0","0","0","0","0","0","0","0","0","0","0","0","0","0","0","0","0","0","0","0","0"
"L87232","textbox1","lib.form.RowVisibilityGroupTest$Drink.textbox1;Ljava/lang/String;","L87226","L103","C:\GIT\pris2\SourceMeter\Guille\jenkins-jenkins-2.328\test\src\test\java\lib\form\RowVisibilityGroupTest.java","130","9","130","32","0","0","0","0","0","0","0","0","0","0","0","0","0","0","0","0","0","0","0","0","0","0","0","0"
"L87233","inner","lib.form.RowVisibilityGroupTest$Drink.inner;Llib/form/RowVisibilityGroupTest$Nested;","L87226","L103","C:\GIT\pris2\SourceMeter\Guille\jenkins-jenkins-2.328\test\src\test\java\lib\form\RowVisibilityGroupTest.java","131","9","131","29","0","0","0","0","0","0","0","0","0","0","0","0","0","0","0","0","0","0","0","0","0","0","0","0"
"L87257","drink","lib.form.RowVisibilityGroupTest$RootActionImpl.drink;Llib/form/RowVisibilityGroupTest$Drink;","L87208","L103","C:\GIT\pris2\SourceMeter\Guille\jenkins-jenkins-2.328\test\src\test\java\lib\form\RowVisibilityGroupTest.java","162","9","162","28","0","0","0","0","0","0","0","0","0","0","0","0","0","0","0","0","0","0","0","0","0","0","0","0"
"L87211","beer","lib.form.RowVisibilityGroupTest$RootActionImpl.beer;Llib/form/RowVisibilityGroupTest$Beer;","L87208","L103","C:\GIT\pris2\SourceMeter\Guille\jenkins-jenkins-2.328\test\src\test\java\lib\form\RowVisibilityGroupTest.java","163","9","163","27","0","0","0","0","0","0","0","0","0","0","0","0","0","0","0","0","0","0","0","0","0","0","0","0"
"L87305","secret","lib.form.SecretTextareaTest$TestBuilder.secret;Lhudson/util/Secret;","L87299","L103","C:\GIT\pris2\SourceMeter\Guille\jenkins-jenkins-2.328\test\src\test\java\lib\form\SecretTextareaTest.java","126","9","126","37","0","0","0","0","0","0","0","0","0","0","0","0","0","0","0","0","0","0","0","0","0","0","0","0"
"L87306","description","lib.form.SecretTextareaTest$TestBuilder.description;Ljava/lang/String;","L87299","L103","C:\GIT\pris2\SourceMeter\Guille\jenkins-jenkins-2.328\test\src\test\java\lib\form\SecretTextareaTest.java","127","9","127","41","0","0","0","0","0","0","0","0","0","0","0","0","0","0","0","0","0","0","0","0","0","0","0","0"
"L87359","text","lib.form.TextAreaTest$TextareaTestBuilder.text;Ljava/lang/String;","L87354","L103","C:\GIT\pris2\SourceMeter\Guille\jenkins-jenkins-2.328\test\src\test\java\lib\form\TextAreaTest.java","109","9","109","29","0","0","0","0","0","0","0","0","0","0","0","0","0","0","0","0","0","0","0","0","0","0","0","0"
"L87523","paramHref","lib.layout.ConfirmationLinkTest$TestRootAction.paramHref;Ljava/lang/String;","L87508","L103","C:\GIT\pris2\SourceMeter\Guille\jenkins-jenkins-2.328\test\src\test\java\lib\layout\ConfirmationLinkTest.java","178","9","178","38","0","0","0","0","0","0","0","0","0","0","0","0","0","0","0","0","0","0","0","0","0","0","0","0"
"L87525","paramMessage","lib.layout.ConfirmationLinkTest$TestRootAction.paramMessage;Ljava/lang/String;","L87508","L103","C:\GIT\pris2\SourceMeter\Guille\jenkins-jenkins-2.328\test\src\test\java\lib\layout\ConfirmationLinkTest.java","179","9","179","41","0","0","0","0","0","0","0","0","0","0","0","0","0","0","0","0","0","0","0","0","0","0","0","0"
"L87527","paramClass","lib.layout.ConfirmationLinkTest$TestRootAction.paramClass;Ljava/lang/String;","L87508","L103","C:\GIT\pris2\SourceMeter\Guille\jenkins-jenkins-2.328\test\src\test\java\lib\layout\ConfirmationLinkTest.java","180","9","180","34","0","0","0","0","0","0","0","0","0","0","0","0","0","0","0","0","0","0","0","0","0","0","0","0"
"L87529","paramPost","lib.layout.ConfirmationLinkTest$TestRootAction.paramPost;Ljava/lang/Object;","L87508","L103","C:\GIT\pris2\SourceMeter\Guille\jenkins-jenkins-2.328\test\src\test\java\lib\layout\ConfirmationLinkTest.java","181","9","181","33","0","0","0","0","0","0","0","0","0","0","0","0","0","0","0","0","0","0","0","0","0","0","0","0"
"L87642","paramHref","lib.layout.StopButtonTest$TestRootAction.paramHref;Ljava/lang/String;","L87629","L103","C:\GIT\pris2\SourceMeter\Guille\jenkins-jenkins-2.328\test\src\test\java\lib\layout\StopButtonTest.java","126","9","126","38","0","0","0","0","0","0","0","0","0","0","0","0","0","0","0","0","0","0","0","0","0","0","0","0"
"L87644","paramAlt","lib.layout.StopButtonTest$TestRootAction.paramAlt;Ljava/lang/String;","L87629","L103","C:\GIT\pris2\SourceMeter\Guille\jenkins-jenkins-2.328\test\src\test\java\lib\layout\StopButtonTest.java","127","9","127","37","0","0","0","0","0","0","0","0","0","0","0","0","0","0","0","0","0","0","0","0","0","0","0","0"
"L87646","paramConfirm","lib.layout.StopButtonTest$TestRootAction.paramConfirm;Ljava/lang/String;","L87629","L103","C:\GIT\pris2\SourceMeter\Guille\jenkins-jenkins-2.328\test\src\test\java\lib\layout\StopButtonTest.java","128","9","128","36","0","0","0","0","0","0","0","0","0","0","0","0","0","0","0","0","0","0","0","0","0","0","0","0"
"L87670","tooltipContent","lib.layout.SvgIconTest$TestRootAction.tooltipContent;Ljava/lang/String;","L87666","L103","C:\GIT\pris2\SourceMeter\Guille\jenkins-jenkins-2.328\test\src\test\java\lib\layout\SvgIconTest.java","124","9","124","43","0","0","0","0","0","0","0","0","0","0","0","0","0","0","0","0","0","0","0","0","0","0","0","0"
"L87696","called","lib.layout.TaskTest$MockAction.called;Z","L87698","L103","C:\GIT\pris2\SourceMeter\Guille\jenkins-jenkins-2.328\test\src\test\java\lib\layout\TaskTest.java","57","9","57","40","0","0","0","0","0","0","0","0","0","0","0","0","0","0","0","0","0","0","0","0","0","0","0","0"
"L87735","userStorage","test.security.realm.InMemorySecurityRealm.userStorage;Ljava/util/Map;","L56444","L103","C:\GIT\pris2\SourceMeter\Guille\jenkins-jenkins-2.328\test\src\test\java\test\security\realm\InMemorySecurityRealm.java","43","5","43","68","0","0","0","0","0","0","0","0","0","0","0","0","0","0","0","0","0","0","0","0","0","0","0","0"
"L1511","code","hudson.cli.PlainCLIProtocolTest$1Client.code;I","L1510","L103","C:\GIT\pris2\SourceMeter\Guille\jenkins-jenkins-2.328\cli\src\test\java\hudson\cli\PlainCLIProtocolTest.java","43","13","43","27","0","0","0","0","0","0","0","0","0","0","0","0","0","0","0","0","0","0","0","0","0","0","0","0"
"L1512","stdout","hudson.cli.PlainCLIProtocolTest$1Client.stdout;Ljava/io/ByteArrayOutputStream;","L1510","L103","C:\GIT\pris2\SourceMeter\Guille\jenkins-jenkins-2.328\cli\src\test\java\hudson\cli\PlainCLIProtocolTest.java","44","13","44","78","0","0","0","0","0","0","0","0","0","0","0","0","0","0","0","0","0","0","0","0","0","0","0","0"
"L1534","arg","hudson.cli.PlainCLIProtocolTest$1Server.arg;Ljava/lang/String;","L1531","L103","C:\GIT\pris2\SourceMeter\Guille\jenkins-jenkins-2.328\cli\src\test\java\hudson\cli\PlainCLIProtocolTest.java","82","13","82","24","0","0","0","0","0","0","0","0","0","0","0","0","0","0","0","0","0","0","0","0","0","0","0","0"
"L1535","started","hudson.cli.PlainCLIProtocolTest$1Server.started;Z","L1531","L103","C:\GIT\pris2\SourceMeter\Guille\jenkins-jenkins-2.328\cli\src\test\java\hudson\cli\PlainCLIProtocolTest.java","83","13","83","29","0","0","0","0","0","0","0","0","0","0","0","0","0","0","0","0","0","0","0","0","0","0","0","0"
"L1536","stdin","hudson.cli.PlainCLIProtocolTest$1Server.stdin;Ljava/io/ByteArrayOutputStream;","L1531","L103","C:\GIT\pris2\SourceMeter\Guille\jenkins-jenkins-2.328\cli\src\test\java\hudson\cli\PlainCLIProtocolTest.java","84","13","84","77","0","0","0","0","0","0","0","0","0","0","0","0","0","0","0","0","0","0","0","0","0","0","0","0"
"L2012","connection","hudson.cli.CLIAction$1.connection;Lhudson/cli/CLIAction$ServerSideImpl;","L2009","L103","C:\GIT\pris2\SourceMeter\Guille\jenkins-jenkins-2.328\core\src\main\java\hudson\cli\CLIAction.java","123","13","123","39","0","0","0","0","0","0","0","0","0","0","0","0","0","0","0","0","0","0","0","0","0","0","0","0"
"L2016","sentBytes","hudson.cli.CLIAction$1.sentBytes;J","L2009","L103","C:\GIT\pris2\SourceMeter\Guille\jenkins-jenkins-2.328\core\src\main\java\hudson\cli\CLIAction.java","124","13","124","28","0","0","0","0","0","0","0","0","0","0","0","0","0","0","0","0","0","0","0","0","0","0","0","0"
"L2017","sentCount","hudson.cli.CLIAction$1.sentCount;J","L2009","L103","C:\GIT\pris2\SourceMeter\Guille\jenkins-jenkins-2.328\core\src\main\java\hudson\cli\CLIAction.java","124","13","124","39","0","0","0","0","0","0","0","0","0","0","0","0","0","0","0","0","0","0","0","0","0","0","0","0"
"L2018","receivedBytes","hudson.cli.CLIAction$1.receivedBytes;J","L2009","L103","C:\GIT\pris2\SourceMeter\Guille\jenkins-jenkins-2.328\core\src\main\java\hudson\cli\CLIAction.java","124","13","124","54","0","0","0","0","0","0","0","0","0","0","0","0","0","0","0","0","0","0","0","0","0","0","0","0"
"L2019","receivedCount","hudson.cli.CLIAction$1.receivedCount;J","L2009","L103","C:\GIT\pris2\SourceMeter\Guille\jenkins-jenkins-2.328\core\src\main\java\hudson\cli\CLIAction.java","124","13","124","69","0","0","0","0","0","0","0","0","0","0","0","0","0","0","0","0","0","0","0","0","0","0","0","0"
"L2739","lastNlines","hudson.cli.ConsoleCommand$1RingBuffer.lastNlines;[J","L2738","L103","C:\GIT\pris2\SourceMeter\Guille\jenkins-jenkins-2.328\core\src\main\java\hudson\cli\ConsoleCommand.java","99","13","99","45","0","0","0","0","0","0","0","0","0","0","0","0","0","0","0","0","0","0","0","0","0","0","0","0"
"L2741","ptr","hudson.cli.ConsoleCommand$1RingBuffer.ptr;I","L2738","L103","C:\GIT\pris2\SourceMeter\Guille\jenkins-jenkins-2.328\core\src\main\java\hudson\cli\ConsoleCommand.java","100","13","100","25","0","0","0","0","0","0","0","0","0","0","0","0","0","0","0","0","0","0","0","0","0","0","0","0"
"L3086","base","hudson.cli.declarative.MethodBinder$ArgumentImpl.base;LArgument;","L3073","L103","C:\GIT\pris2\SourceMeter\Guille\jenkins-jenkins-2.328\core\src\main\java\hudson\cli\declarative\MethodBinder.java","129","9","129","37","0","0","0","0","0","0","0","0","0","0","0","0","0","0","0","0","0","0","0","0","0","0","0","0"
"L3087","bias","hudson.cli.declarative.MethodBinder$ArgumentImpl.bias;I","L3073","L103","C:\GIT\pris2\SourceMeter\Guille\jenkins-jenkins-2.328\core\src\main\java\hudson\cli\declarative\MethodBinder.java","130","9","130","32","0","0","0","0","0","0","0","0","0","0","0","0","0","0","0","0","0","0","0","0","0","0","0","0"
"L3431","serialVersionUID","hudson.cli.GroovyshCommand$1.serialVersionUID;J","L3430","L103","C:\GIT\pris2\SourceMeter\Guille\jenkins-jenkins-2.328\core\src\main\java\hudson\cli\GroovyshCommand.java","95","13","95","61","0","0","0","0","0","0","0","0","0","0","0","0","0","0","0","0","0","0","0","0","0","0","0","0"
"L7370","last","hudson.util.CopyOnWriteList$1.last;Ljava/lang/Object;","L7369","L103","C:\GIT\pris2\SourceMeter\Guille\jenkins-jenkins-2.328\core\src\main\java\hudson\util\CopyOnWriteList.java","100","13","100","28","0","0","0","0","0","0","0","0","0","0","0","0","0","0","0","0","0","0","0","0","0","0","0","0"
"L9557","method","hudson.util.io.ArchiverFactory$TarArchiverFactory.method;Lhudson/FilePath$TarCompression;","L9535","L103","C:\GIT\pris2\SourceMeter\Guille\jenkins-jenkins-2.328\core\src\main\java\hudson\util\io\ArchiverFactory.java","76","9","76","45","0","0","0","0","0","0","0","0","0","0","0","0","0","0","0","0","0","0","0","0","0","0","0","0"
"L9574","serialVersionUID","hudson.util.io.ArchiverFactory$TarArchiverFactory.serialVersionUID;J","L9535","L103","C:\GIT\pris2\SourceMeter\Guille\jenkins-jenkins-2.328\core\src\main\java\hudson\util\io\ArchiverFactory.java","87","9","87","57","0","0","0","0","0","0","0","0","0","0","0","0","0","0","0","0","0","0","0","0","0","0","0","0"
"L9583","serialVersionUID","hudson.util.io.ArchiverFactory$ZipArchiverFactory.serialVersionUID;J","L9546","L103","C:\GIT\pris2\SourceMeter\Guille\jenkins-jenkins-2.328\core\src\main\java\hudson\util\io\ArchiverFactory.java","96","9","96","57","0","0","0","0","0","0","0","0","0","0","0","0","0","0","0","0","0","0","0","0","0","0","0","0"
"L9584","prefix","hudson.util.io.ArchiverFactory$ZipWithoutSymLinksArchiverFactory.prefix;Ljava/lang/String;","L9552","L103","C:\GIT\pris2\SourceMeter\Guille\jenkins-jenkins-2.328\core\src\main\java\hudson\util\io\ArchiverFactory.java","100","9","100","37","0","0","0","0","0","0","0","0","0","0","0","0","0","0","0","0","0","0","0","0","0","0","0","0"
"L9591","serialVersionUID","hudson.util.io.ArchiverFactory$ZipWithoutSymLinksArchiverFactory.serialVersionUID;J","L9552","L103","C:\GIT\pris2\SourceMeter\Guille\jenkins-jenkins-2.328\core\src\main\java\hudson\util\io\ArchiverFactory.java","111","9","111","57","0","0","0","0","0","0","0","0","0","0","0","0","0","0","0","0","0","0","0","0","0","0","0","0"
"L9627","serialVersionUID","hudson.util.io.ParserConfigurator$GetParserConfigurators.serialVersionUID;J","L9614","L103","C:\GIT\pris2\SourceMeter\Guille\jenkins-jenkins-2.328\core\src\main\java\hudson\util\io\ParserConfigurator.java","91","9","91","76","0","0","0","0","0","0","0","0","0","0","0","0","0","0","0","0","0","0","0","0","0","0","0","0"
"L9855","finish","hudson.util.io.TarArchiverTest$GrowingFileRunnable.finish;Z","L9844","L103","C:\GIT\pris2\SourceMeter\Guille\jenkins-jenkins-2.328\core\src\test\java\hudson\util\io\TarArchiverTest.java","142","9","142","40","0","0","0","0","0","0","0","0","0","0","0","0","0","0","0","0","0","0","0","0","0","0","0","0"
"L9856","ex","hudson.util.io.TarArchiverTest$GrowingFileRunnable.ex;Ljava/lang/Exception;","L9844","L103","C:\GIT\pris2\SourceMeter\Guille\jenkins-jenkins-2.328\core\src\test\java\hudson\util\io\TarArchiverTest.java","143","9","143","37","0","0","0","0","0","0","0","0","0","0","0","0","0","0","0","0","0","0","0","0","0","0","0","0"
"L9857","file","hudson.util.io.TarArchiverTest$GrowingFileRunnable.file;Ljava/io/File;","L9844","L103","C:\GIT\pris2\SourceMeter\Guille\jenkins-jenkins-2.328\core\src\test\java\hudson\util\io\TarArchiverTest.java","144","9","144","27","0","0","0","0","0","0","0","0","0","0","0","0","0","0","0","0","0","0","0","0","0","0","0","0"
"L10399","found","hudson.util.Iterators$7.found;Ljava/util/Set;","L10397","L103","C:\GIT\pris2\SourceMeter\Guille\jenkins-jenkins-2.328\core\src\main\java\hudson\util\Iterators.java","350","13","350","50","0","0","0","0","0","0","0","0","0","0","0","0","0","0","0","0","0","0","0","0","0","0","0","0"
"L10433","next","hudson.util.Iterators$8.next;Ljava/lang/Object;","L10432","L103","C:\GIT\pris2\SourceMeter\Guille\jenkins-jenkins-2.328\core\src\main\java\hudson\util\Iterators.java","378","13","378","28","0","0","0","0","0","0","0","0","0","0","0","0","0","0","0","0","0","0","0","0","0","0","0","0"
"L10434","end","hudson.util.Iterators$8.end;Z","L10432","L103","C:\GIT\pris2\SourceMeter\Guille\jenkins-jenkins-2.328\core\src\main\java\hudson\util\Iterators.java","379","13","379","33","0","0","0","0","0","0","0","0","0","0","0","0","0","0","0","0","0","0","0","0","0","0","0","0"
"L10435","index","hudson.util.Iterators$8.index;I","L10432","L103","C:\GIT\pris2\SourceMeter\Guille\jenkins-jenkins-2.328\core\src\main\java\hudson\util\Iterators.java","380","13","380","35","0","0","0","0","0","0","0","0","0","0","0","0","0","0","0","0","0","0","0","0","0","0","0","0"
"L10744","dwServiceType","hudson.util.jna.Advapi32$SERVICE_STATUS.dwServiceType;I","L10602","L103","C:\GIT\pris2\SourceMeter\Guille\jenkins-jenkins-2.328\core\src\main\java\hudson\util\jna\Advapi32.java","328","5","328","30","0","0","0","0","0","0","0","0","0","0","0","0","0","0","0","0","0","0","0","0","0","0","0","0"
"L10745","dwCurrentState","hudson.util.jna.Advapi32$SERVICE_STATUS.dwCurrentState;I","L10602","L103","C:\GIT\pris2\SourceMeter\Guille\jenkins-jenkins-2.328\core\src\main\java\hudson\util\jna\Advapi32.java","329","5","329","31","0","0","0","0","0","0","0","0","0","0","0","0","0","0","0","0","0","0","0","0","0","0","0","0"
"L10746","dwControlsAccepted","hudson.util.jna.Advapi32$SERVICE_STATUS.dwControlsAccepted;I","L10602","L103","C:\GIT\pris2\SourceMeter\Guille\jenkins-jenkins-2.328\core\src\main\java\hudson\util\jna\Advapi32.java","330","5","330","35","0","0","0","0","0","0","0","0","0","0","0","0","0","0","0","0","0","0","0","0","0","0","0","0"
"L10747","dwWin32ExitCode","hudson.util.jna.Advapi32$SERVICE_STATUS.dwWin32ExitCode;I","L10602","L103","C:\GIT\pris2\SourceMeter\Guille\jenkins-jenkins-2.328\core\src\main\java\hudson\util\jna\Advapi32.java","331","5","331","32","0","0","0","0","0","0","0","0","0","0","0","0","0","0","0","0","0","0","0","0","0","0","0","0"
"L10748","dwServiceSpecificExitCode","hudson.util.jna.Advapi32$SERVICE_STATUS.dwServiceSpecificExitCode;I","L10602","L103","C:\GIT\pris2\SourceMeter\Guille\jenkins-jenkins-2.328\core\src\main\java\hudson\util\jna\Advapi32.java","332","5","332","42","0","0","0","0","0","0","0","0","0","0","0","0","0","0","0","0","0","0","0","0","0","0","0","0"
"L10749","dwCheckPoint","hudson.util.jna.Advapi32$SERVICE_STATUS.dwCheckPoint;I","L10602","L103","C:\GIT\pris2\SourceMeter\Guille\jenkins-jenkins-2.328\core\src\main\java\hudson\util\jna\Advapi32.java","333","5","333","29","0","0","0","0","0","0","0","0","0","0","0","0","0","0","0","0","0","0","0","0","0","0","0","0"
"L10750","dwWaitHint","hudson.util.jna.Advapi32$SERVICE_STATUS.dwWaitHint;I","L10602","L103","C:\GIT\pris2\SourceMeter\Guille\jenkins-jenkins-2.328\core\src\main\java\hudson\util\jna\Advapi32.java","334","5","334","27","0","0","0","0","0","0","0","0","0","0","0","0","0","0","0","0","0","0","0","0","0","0","0","0"
"L10755","lpServiceName","hudson.util.jna.Advapi32$SERVICE_TABLE_ENTRY.lpServiceName;Ljava/lang/String;","L10752","L103","C:\GIT\pris2\SourceMeter\Guille\jenkins-jenkins-2.328\core\src\main\java\hudson\util\jna\Advapi32.java","353","5","353","33","0","0","0","0","0","0","0","0","0","0","0","0","0","0","0","0","0","0","0","0","0","0","0","0"
"L10756","lpServiceProc","hudson.util.jna.Advapi32$SERVICE_TABLE_ENTRY.lpServiceProc;Lhudson/util/jna/Advapi32$SERVICE_MAIN_FUNCTION;","L10752","L103","C:\GIT\pris2\SourceMeter\Guille\jenkins-jenkins-2.328\core\src\main\java\hudson\util\jna\Advapi32.java","354","5","354","48","0","0","0","0","0","0","0","0","0","0","0","0","0","0","0","0","0","0","0","0","0","0","0","0"
"L10766","lpDescription","hudson.util.jna.Advapi32$SERVICE_DESCRIPTION.lpDescription;Ljava/lang/String;","L10762","L103","C:\GIT\pris2\SourceMeter\Guille\jenkins-jenkins-2.328\core\src\main\java\hudson\util\jna\Advapi32.java","377","5","377","33","0","0","0","0","0","0","0","0","0","0","0","0","0","0","0","0","0","0","0","0","0","0","0","0"
"L11248","hIcon","hudson.util.jna.SHELLEXECUTEINFO$DUMMYUNIONNAME_union.hIcon;LPointer;","L11240","L103","C:\GIT\pris2\SourceMeter\Guille\jenkins-jenkins-2.328\core\src\main\java\hudson\util\jna\SHELLEXECUTEINFO.java","95","9","95","30","0","0","0","0","0","0","0","0","0","0","0","0","0","0","0","0","0","0","0","0","0","0","0","0"
"L11249","hMonitor","hudson.util.jna.SHELLEXECUTEINFO$DUMMYUNIONNAME_union.hMonitor;LPointer;","L11240","L103","C:\GIT\pris2\SourceMeter\Guille\jenkins-jenkins-2.328\core\src\main\java\hudson\util\jna\SHELLEXECUTEINFO.java","96","9","96","33","0","0","0","0","0","0","0","0","0","0","0","0","0","0","0","0","0","0","0","0","0","0","0","0"
"L11263","nLength","hudson.util.jna.WINBASE$SECURITY_ATTRIBUTES.nLength;I","L10693","L103","C:\GIT\pris2\SourceMeter\Guille\jenkins-jenkins-2.328\core\src\main\java\hudson\util\jna\WINBASE.java","40","5","40","24","0","0","0","0","0","0","0","0","0","0","0","0","0","0","0","0","0","0","0","0","0","0","0","0"
"L11264","lpSecurityDescriptor","hudson.util.jna.WINBASE$SECURITY_ATTRIBUTES.lpSecurityDescriptor;LPointer;","L10693","L103","C:\GIT\pris2\SourceMeter\Guille\jenkins-jenkins-2.328\core\src\main\java\hudson\util\jna\WINBASE.java","41","5","41","41","0","0","0","0","0","0","0","0","0","0","0","0","0","0","0","0","0","0","0","0","0","0","0","0"
"L11265","bInheritHandle","hudson.util.jna.WINBASE$SECURITY_ATTRIBUTES.bInheritHandle;Z","L10693","L103","C:\GIT\pris2\SourceMeter\Guille\jenkins-jenkins-2.328\core\src\main\java\hudson\util\jna\WINBASE.java","42","5","42","35","0","0","0","0","0","0","0","0","0","0","0","0","0","0","0","0","0","0","0","0","0","0","0","0"
"L11268","dwLowDateTime","hudson.util.jna.WINBASE$FILETIME.dwLowDateTime;I","L10715","L103","C:\GIT\pris2\SourceMeter\Guille\jenkins-jenkins-2.328\core\src\main\java\hudson\util\jna\WINBASE.java","58","5","58","30","0","0","0","0","0","0","0","0","0","0","0","0","0","0","0","0","0","0","0","0","0","0","0","0"
"L11269","dwHighDateTime","hudson.util.jna.WINBASE$FILETIME.dwHighDateTime;I","L10715","L103","C:\GIT\pris2\SourceMeter\Guille\jenkins-jenkins-2.328\core\src\main\java\hudson\util\jna\WINBASE.java","59","5","59","31","0","0","0","0","0","0","0","0","0","0","0","0","0","0","0","0","0","0","0","0","0","0","0","0"
"L12244","itr","hudson.util.PluginServletFilter$1.itr;Ljava/util/Iterator;","L12243","L103","C:\GIT\pris2\SourceMeter\Guille\jenkins-jenkins-2.328\core\src\main\java\hudson\util\PluginServletFilter.java","148","13","148","66","0","0","0","0","0","0","0","0","0","0","0","0","0","0","0","0","0","0","0","0","0","0","0","0"
"L12448","process","hudson.util.ProcessTree$OSProcess$CheckVetoes.process;Lhudson/util/ProcessTreeRemoting$IOSProcess;","L12403","L103","C:\GIT\pris2\SourceMeter\Guille\jenkins-jenkins-2.328\core\src\main\java\hudson\util\ProcessTree.java","376","13","376","40","0","0","0","0","0","0","0","0","0","0","0","0","0","0","0","0","0","0","0","0","0","0","0","0"
"L12704","ppid","hudson.util.ProcessTree$Linux$LinuxProcess.ppid;I","L12698","L103","C:\GIT\pris2\SourceMeter\Guille\jenkins-jenkins-2.328\core\src\main\java\hudson\util\ProcessTree.java","986","13","986","35","0","0","0","0","0","0","0","0","0","0","0","0","0","0","0","0","0","0","0","0","0","0","0","0"
"L12705","envVars","hudson.util.ProcessTree$Linux$LinuxProcess.envVars;Lhudson/EnvVars;","L12698","L103","C:\GIT\pris2\SourceMeter\Guille\jenkins-jenkins-2.328\core\src\main\java\hudson\util\ProcessTree.java","987","13","987","37","0","0","0","0","0","0","0","0","0","0","0","0","0","0","0","0","0","0","0","0","0","0","0","0"
"L12706","arguments","hudson.util.ProcessTree$Linux$LinuxProcess.arguments;Ljava/util/List;","L12698","L103","C:\GIT\pris2\SourceMeter\Guille\jenkins-jenkins-2.328\core\src\main\java\hudson\util\ProcessTree.java","988","13","988","44","0","0","0","0","0","0","0","0","0","0","0","0","0","0","0","0","0","0","0","0","0","0","0","0"
"L12729","PR_MODEL_ILP32","hudson.util.ProcessTree$AIX$AIXProcess.PR_MODEL_ILP32;B","L12724","L103","C:\GIT\pris2\SourceMeter\Guille\jenkins-jenkins-2.328\core\src\main\java\hudson\util\ProcessTree.java","1100","13","1100","58","0","0","0","0","0","0","0","0","0","0","0","0","0","0","0","0","0","0","0","0","0","0","0","0"
"L12730","PR_MODEL_LP64","hudson.util.ProcessTree$AIX$AIXProcess.PR_MODEL_LP64;B","L12724","L103","C:\GIT\pris2\SourceMeter\Guille\jenkins-jenkins-2.328\core\src\main\java\hudson\util\ProcessTree.java","1101","13","1101","57","0","0","0","0","0","0","0","0","0","0","0","0","0","0","0","0","0","0","0","0","0","0","0","0"
"L12731","LINE_LENGTH_LIMIT","hudson.util.ProcessTree$AIX$AIXProcess.LINE_LENGTH_LIMIT;I","L12724","L103","C:\GIT\pris2\SourceMeter\Guille\jenkins-jenkins-2.328\core\src\main\java\hudson\util\ProcessTree.java","1108","13","1109","88","0","0","0","0","0","0","0","0","0","0","0","0","0","0","0","0","0","0","0","0","0","0","0","0"
"L12733","b64","hudson.util.ProcessTree$AIX$AIXProcess.b64;Z","L12724","L103","C:\GIT\pris2\SourceMeter\Guille\jenkins-jenkins-2.328\core\src\main\java\hudson\util\ProcessTree.java","1114","13","1114","39","0","0","0","0","0","0","0","0","0","0","0","0","0","0","0","0","0","0","0","0","0","0","0","0"
"L12735","ppid","hudson.util.ProcessTree$AIX$AIXProcess.ppid;I","L12724","L103","C:\GIT\pris2\SourceMeter\Guille\jenkins-jenkins-2.328\core\src\main\java\hudson\util\ProcessTree.java","1116","13","1116","36","0","0","0","0","0","0","0","0","0","0","0","0","0","0","0","0","0","0","0","0","0","0","0","0"
"L12736","pr_envp","hudson.util.ProcessTree$AIX$AIXProcess.pr_envp;J","L12724","L103","C:\GIT\pris2\SourceMeter\Guille\jenkins-jenkins-2.328\core\src\main\java\hudson\util\ProcessTree.java","1118","13","1118","40","0","0","0","0","0","0","0","0","0","0","0","0","0","0","0","0","0","0","0","0","0","0","0","0"
"L12737","pr_argp","hudson.util.ProcessTree$AIX$AIXProcess.pr_argp;J","L12724","L103","C:\GIT\pris2\SourceMeter\Guille\jenkins-jenkins-2.328\core\src\main\java\hudson\util\ProcessTree.java","1119","13","1119","40","0","0","0","0","0","0","0","0","0","0","0","0","0","0","0","0","0","0","0","0","0","0","0","0"
"L12738","argc","hudson.util.ProcessTree$AIX$AIXProcess.argc;I","L12724","L103","C:\GIT\pris2\SourceMeter\Guille\jenkins-jenkins-2.328\core\src\main\java\hudson\util\ProcessTree.java","1120","13","1120","36","0","0","0","0","0","0","0","0","0","0","0","0","0","0","0","0","0","0","0","0","0","0","0","0"
"L12739","envVars","hudson.util.ProcessTree$AIX$AIXProcess.envVars;Lhudson/EnvVars;","L12724","L103","C:\GIT\pris2\SourceMeter\Guille\jenkins-jenkins-2.328\core\src\main\java\hudson\util\ProcessTree.java","1121","13","1121","37","0","0","0","0","0","0","0","0","0","0","0","0","0","0","0","0","0","0","0","0","0","0","0","0"
"L12740","arguments","hudson.util.ProcessTree$AIX$AIXProcess.arguments;Ljava/util/List;","L12724","L103","C:\GIT\pris2\SourceMeter\Guille\jenkins-jenkins-2.328\core\src\main\java\hudson\util\ProcessTree.java","1122","13","1122","44","0","0","0","0","0","0","0","0","0","0","0","0","0","0","0","0","0","0","0","0","0","0","0","0"
"L12796","PR_MODEL_ILP32","hudson.util.ProcessTree$Solaris$SolarisProcess.PR_MODEL_ILP32;B","L12791","L103","C:\GIT\pris2\SourceMeter\Guille\jenkins-jenkins-2.328\core\src\main\java\hudson\util\ProcessTree.java","1431","13","1431","58","0","0","0","0","0","0","0","0","0","0","0","0","0","0","0","0","0","0","0","0","0","0","0","0"
"L12797","PR_MODEL_LP64","hudson.util.ProcessTree$Solaris$SolarisProcess.PR_MODEL_LP64;B","L12791","L103","C:\GIT\pris2\SourceMeter\Guille\jenkins-jenkins-2.328\core\src\main\java\hudson\util\ProcessTree.java","1432","13","1432","57","0","0","0","0","0","0","0","0","0","0","0","0","0","0","0","0","0","0","0","0","0","0","0","0"
"L12798","LINE_LENGTH_LIMIT","hudson.util.ProcessTree$Solaris$SolarisProcess.LINE_LENGTH_LIMIT;I","L12791","L103","C:\GIT\pris2\SourceMeter\Guille\jenkins-jenkins-2.328\core\src\main\java\hudson\util\ProcessTree.java","1439","13","1440","92","0","0","0","0","0","0","0","0","0","0","0","0","0","0","0","0","0","0","0","0","0","0","0","0"
"L12800","b64","hudson.util.ProcessTree$Solaris$SolarisProcess.b64;Z","L12791","L103","C:\GIT\pris2\SourceMeter\Guille\jenkins-jenkins-2.328\core\src\main\java\hudson\util\ProcessTree.java","1445","13","1445","39","0","0","0","0","0","0","0","0","0","0","0","0","0","0","0","0","0","0","0","0","0","0","0","0"
"L12802","ppid","hudson.util.ProcessTree$Solaris$SolarisProcess.ppid;I","L12791","L103","C:\GIT\pris2\SourceMeter\Guille\jenkins-jenkins-2.328\core\src\main\java\hudson\util\ProcessTree.java","1447","13","1447","36","0","0","0","0","0","0","0","0","0","0","0","0","0","0","0","0","0","0","0","0","0","0","0","0"
"L12803","envp","hudson.util.ProcessTree$Solaris$SolarisProcess.envp;J","L12791","L103","C:\GIT\pris2\SourceMeter\Guille\jenkins-jenkins-2.328\core\src\main\java\hudson\util\ProcessTree.java","1451","13","1451","37","0","0","0","0","0","0","0","0","0","0","0","0","0","0","0","0","0","0","0","0","0","0","0","0"
"L12805","argp","hudson.util.ProcessTree$Solaris$SolarisProcess.argp;J","L12791","L103","C:\GIT\pris2\SourceMeter\Guille\jenkins-jenkins-2.328\core\src\main\java\hudson\util\ProcessTree.java","1455","13","1455","37","0","0","0","0","0","0","0","0","0","0","0","0","0","0","0","0","0","0","0","0","0","0","0","0"
"L12807","argc","hudson.util.ProcessTree$Solaris$SolarisProcess.argc;I","L12791","L103","C:\GIT\pris2\SourceMeter\Guille\jenkins-jenkins-2.328\core\src\main\java\hudson\util\ProcessTree.java","1456","13","1456","36","0","0","0","0","0","0","0","0","0","0","0","0","0","0","0","0","0","0","0","0","0","0","0","0"
"L12808","envVars","hudson.util.ProcessTree$Solaris$SolarisProcess.envVars;Lhudson/EnvVars;","L12791","L103","C:\GIT\pris2\SourceMeter\Guille\jenkins-jenkins-2.328\core\src\main\java\hudson\util\ProcessTree.java","1457","13","1457","37","0","0","0","0","0","0","0","0","0","0","0","0","0","0","0","0","0","0","0","0","0","0","0","0"
"L12809","arguments","hudson.util.ProcessTree$Solaris$SolarisProcess.arguments;Ljava/util/List;","L12791","L103","C:\GIT\pris2\SourceMeter\Guille\jenkins-jenkins-2.328\core\src\main\java\hudson\util\ProcessTree.java","1458","13","1458","44","0","0","0","0","0","0","0","0","0","0","0","0","0","0","0","0","0","0","0","0","0","0","0","0"
"L12872","ppid","hudson.util.ProcessTree$Darwin$DarwinProcess.ppid;I","L12867","L103","C:\GIT\pris2\SourceMeter\Guille\jenkins-jenkins-2.328\core\src\main\java\hudson\util\ProcessTree.java","1721","13","1721","36","0","0","0","0","0","0","0","0","0","0","0","0","0","0","0","0","0","0","0","0","0","0","0","0"
"L12873","envVars","hudson.util.ProcessTree$Darwin$DarwinProcess.envVars;Lhudson/EnvVars;","L12867","L103","C:\GIT\pris2\SourceMeter\Guille\jenkins-jenkins-2.328\core\src\main\java\hudson\util\ProcessTree.java","1722","13","1722","37","0","0","0","0","0","0","0","0","0","0","0","0","0","0","0","0","0","0","0","0","0","0","0","0"
"L12874","arguments","hudson.util.ProcessTree$Darwin$DarwinProcess.arguments;Ljava/util/List;","L12867","L103","C:\GIT\pris2\SourceMeter\Guille\jenkins-jenkins-2.328\core\src\main\java\hudson\util\ProcessTree.java","1723","13","1723","44","0","0","0","0","0","0","0","0","0","0","0","0","0","0","0","0","0","0","0","0","0","0","0","0"
"L12960","ppid","hudson.util.ProcessTree$FreeBSD$FreeBSDProcess.ppid;I","L12955","L103","C:\GIT\pris2\SourceMeter\Guille\jenkins-jenkins-2.328\core\src\main\java\hudson\util\ProcessTree.java","2010","13","2010","36","0","0","0","0","0","0","0","0","0","0","0","0","0","0","0","0","0","0","0","0","0","0","0","0"
"L12961","envVars","hudson.util.ProcessTree$FreeBSD$FreeBSDProcess.envVars;Lhudson/EnvVars;","L12955","L103","C:\GIT\pris2\SourceMeter\Guille\jenkins-jenkins-2.328\core\src\main\java\hudson\util\ProcessTree.java","2011","13","2011","37","0","0","0","0","0","0","0","0","0","0","0","0","0","0","0","0","0","0","0","0","0","0","0","0"
"L12962","arguments","hudson.util.ProcessTree$FreeBSD$FreeBSDProcess.arguments;Ljava/util/List;","L12955","L103","C:\GIT\pris2\SourceMeter\Guille\jenkins-jenkins-2.328\core\src\main\java\hudson\util\ProcessTree.java","2012","13","2012","44","0","0","0","0","0","0","0","0","0","0","0","0","0","0","0","0","0","0","0","0","0","0","0","0"
"L13023","proxy","hudson.util.ProcessTree$Remote$RemoteProcess.proxy;Lhudson/util/ProcessTreeRemoting$IOSProcess;","L13003","L103","C:\GIT\pris2\SourceMeter\Guille\jenkins-jenkins-2.328\core\src\main\java\hudson\util\ProcessTree.java","2188","13","2188","44","0","0","0","0","0","0","0","0","0","0","0","0","0","0","0","0","0","0","0","0","0","0","0","0"
"L13052","serialVersionUID","hudson.util.ProcessTree$Remote$RemoteProcess.serialVersionUID;J","L13003","L103","C:\GIT\pris2\SourceMeter\Guille\jenkins-jenkins-2.328\core\src\main\java\hudson\util\ProcessTree.java","2236","13","2236","61","0","0","0","0","0","0","0","0","0","0","0","0","0","0","0","0","0","0","0","0","0","0","0","0"
"L15087","depth","hudson.util.XStream2$1.depth;I","L15086","L103","C:\GIT\pris2\SourceMeter\Guille\jenkins-jenkins-2.328\core\src\main\java\hudson\util\XStream2.java","180","17","180","27","0","0","0","0","0","0","0","0","0","0","0","0","0","0","0","0","0","0","0","0","0","0","0","0"
"L21741","exceptionEncountered","hudson.FilePath$CopyRecursiveLocal$1.exceptionEncountered;Z","L21740","L103","C:\GIT\pris2\SourceMeter\Guille\jenkins-jenkins-2.328\core\src\main\java\hudson\FilePath.java","2804","17","2804","54","0","0","0","0","0","0","0","0","0","0","0","0","0","0","0","0","0","0","0","0","0","0","0","0"
"L21742","logMessageShown","hudson.FilePath$CopyRecursiveLocal$1.logMessageShown;Z","L21740","L103","C:\GIT\pris2\SourceMeter\Guille\jenkins-jenkins-2.328\core\src\main\java\hudson\FilePath.java","2805","17","2805","49","0","0","0","0","0","0","0","0","0","0","0","0","0","0","0","0","0","0","0","0","0","0","0","0"
"L21897","ticks","hudson.FilePath$ValidateAntFileMask$1.ticks;I","L21896","L103","C:\GIT\pris2\SourceMeter\Guille\jenkins-jenkins-2.328\core\src\main\java\hudson\FilePath.java","3206","21","3206","31","0","0","0","0","0","0","0","0","0","0","0","0","0","0","0","0","0","0","0","0","0","0","0","0"
"L21898","start","hudson.FilePath$ValidateAntFileMask$1.start;J","L21896","L103","C:\GIT\pris2\SourceMeter\Guille\jenkins-jenkins-2.328\core\src\main\java\hudson\FilePath.java","3207","21","3207","61","0","0","0","0","0","0","0","0","0","0","0","0","0","0","0","0","0","0","0","0","0","0","0","0"
"L24838","COLL","hudson.logging.LogRecorder$2.COLL;Ljava/text/Collator;","L24837","L103","C:\GIT\pris2\SourceMeter\Guille\jenkins-jenkins-2.328\core\src\main\java\hudson\logging\LogRecorder.java","551","13","551","58","0","0","0","0","0","0","0","0","0","0","0","0","0","0","0","0","0","0","0","0","0","0","0","0"
"L28387","prefix","hudson.model.AutoCompletionCandidates$1Visitor.prefix;Ljava/lang/String;","L28383","L103","C:\GIT\pris2\SourceMeter\Guille\jenkins-jenkins-2.328\core\src\main\java\hudson\model\AutoCompletionCandidates.java","116","13","116","27","0","0","0","0","0","0","0","0","0","0","0","0","0","0","0","0","0","0","0","0","0","0","0","0"
"L29838","nodes","hudson.model.ComputerSet$2.nodes;Ljava/util/List;","L29837","L103","C:\GIT\pris2\SourceMeter\Guille\jenkins-jenkins-2.328\core\src\main\java\hudson\model\ComputerSet.java","150","13","150","63","0","0","0","0","0","0","0","0","0","0","0","0","0","0","0","0","0","0","0","0","0","0","0","0"
"L31891","collectionConv","hudson.model.Fingerprint$RangeSet$ConverterImpl.collectionConv;LConverter;","L31889","L103","C:\GIT\pris2\SourceMeter\Guille\jenkins-jenkins-2.328\core\src\main\java\hudson\model\Fingerprint.java","764","13","764","52","0","0","0","0","0","0","0","0","0","0","0","0","0","0","0","0","0","0","0","0","0","0","0","0"
"L33165","stack","hudson.model.Items$AllItemsIterable$AllItemsIterator.stack;Ljava/util/Stack;","L33160","L103","C:\GIT\pris2\SourceMeter\Guille\jenkins-jenkins-2.328\core\src\main\java\hudson\model\Items.java","624","13","624","66","0","0","0","0","0","0","0","0","0","0","0","0","0","0","0","0","0","0","0","0","0","0","0","0"
"L33170","delegate","hudson.model.Items$AllItemsIterable$AllItemsIterator.delegate;Ljava/util/Iterator;","L33160","L103","C:\GIT\pris2\SourceMeter\Guille\jenkins-jenkins-2.328\core\src\main\java\hudson\model\Items.java","628","13","628","52","0","0","0","0","0","0","0","0","0","0","0","0","0","0","0","0","0","0","0","0","0","0","0","0"
"L33175","next","hudson.model.Items$AllItemsIterable$AllItemsIterator.next;Lhudson/model/Item;","L33160","L103","C:\GIT\pris2\SourceMeter\Guille\jenkins-jenkins-2.328\core\src\main\java\hudson\model\Items.java","632","13","632","35","0","0","0","0","0","0","0","0","0","0","0","0","0","0","0","0","0","0","0","0","0","0","0","0"
"L33698","e","hudson.model.Job$1FeedItem.e;Lhudson/scm/ChangeLogSet$Entry;","L33697","L103","C:\GIT\pris2\SourceMeter\Guille\jenkins-jenkins-2.328\core\src\main\java\hudson\model\Job.java","1086","13","1086","34","0","0","0","0","0","0","0","0","0","0","0","0","0","0","0","0","0","0","0","0","0","0","0","0"
"L33699","idx","hudson.model.Job$1FeedItem.idx;I","L33697","L103","C:\GIT\pris2\SourceMeter\Guille\jenkins-jenkins-2.328\core\src\main\java\hudson\model\Job.java","1087","13","1087","21","0","0","0","0","0","0","0","0","0","0","0","0","0","0","0","0","0","0","0","0","0","0","0","0"
"L34438","leafLabelConverter","hudson.model.labels.LabelAtom$LabelAtomConverter.leafLabelConverter;Lhudson/model/Label$ConverterImpl;","L34429","L103","C:\GIT\pris2\SourceMeter\Guille\jenkins-jenkins-2.328\core\src\main\java\hudson\model\labels\LabelAtom.java","305","9","305","84","0","0","0","0","0","0","0","0","0","0","0","0","0","0","0","0","0","0","0","0","0","0","0","0"
"L34445","IN_NESTED","hudson.model.labels.LabelAtom$LabelAtomConverter.IN_NESTED;Ljava/lang/Object;","L34429","L103","C:\GIT\pris2\SourceMeter\Guille\jenkins-jenkins-2.328\core\src\main\java\hudson\model\labels\LabelAtom.java","347","9","347","74","0","0","0","0","0","0","0","0","0","0","0","0","0","0","0","0","0","0","0","0","0","0","0","0"
"L34270","base","hudson.model.labels.LabelExpression$Not.base;Lhudson/model/Label;","L34202","L103","C:\GIT\pris2\SourceMeter\Guille\jenkins-jenkins-2.328\core\src\main\java\hudson\model\labels\LabelExpression.java","63","9","63","33","0","0","0","0","0","0","0","0","0","0","0","0","0","0","0","0","0","0","0","0","0","0","0","0"
"L34265","base","hudson.model.labels.LabelExpression$Paren.base;Lhudson/model/Label;","L34209","L103","C:\GIT\pris2\SourceMeter\Guille\jenkins-jenkins-2.328\core\src\main\java\hudson\model\labels\LabelExpression.java","90","9","90","33","0","0","0","0","0","0","0","0","0","0","0","0","0","0","0","0","0","0","0","0","0","0","0","0"
"L34291","lhs","hudson.model.labels.LabelExpression$Binary.lhs;Lhudson/model/Label;","L34287","L103","C:\GIT\pris2\SourceMeter\Guille\jenkins-jenkins-2.328\core\src\main\java\hudson\model\labels\LabelExpression.java","123","9","123","32","0","0","0","0","0","0","0","0","0","0","0","0","0","0","0","0","0","0","0","0","0","0","0","0"
"L34293","rhs","hudson.model.labels.LabelExpression$Binary.rhs;Lhudson/model/Label;","L34287","L103","C:\GIT\pris2\SourceMeter\Guille\jenkins-jenkins-2.328\core\src\main\java\hudson\model\labels\LabelExpression.java","123","9","123","37","0","0","0","0","0","0","0","0","0","0","0","0","0","0","0","0","0","0","0","0","0","0","0","0"
"L34687","abc","hudson.model.labels.LabelAtomPropertyTest$LabelAtomPropertyImpl.abc;Ljava/lang/String;","L34686","L103","C:\GIT\pris2\SourceMeter\Guille\jenkins-jenkins-2.328\test\src\test\java\hudson\model\labels\LabelAtomPropertyTest.java","45","9","45","33","0","0","0","0","0","0","0","0","0","0","0","0","0","0","0","0","0","0","0","0","0","0","0","0"
"L34742","labels","hudson.model.labels.LabelAtomTest$TestCloud.labels;Ljava/util/List;","L34736","L103","C:\GIT\pris2\SourceMeter\Guille\jenkins-jenkins-2.328\test\src\test\java\hudson\model\labels\LabelAtomTest.java","74","9","74","42","0","0","0","0","0","0","0","0","0","0","0","0","0","0","0","0","0","0","0","0","0","0","0","0"
"L35102","cnt","hudson.model.listeners.SCMListenerTest$L.cnt;I","L35104","L103","C:\GIT\pris2\SourceMeter\Guille\jenkins-jenkins-2.328\core\src\test\java\hudson\model\listeners\SCMListenerTest.java","74","9","74","17","0","0","0","0","0","0","0","0","0","0","0","0","0","0","0","0","0","0","0","0","0","0","0","0"
"L35654","definedExecutors","hudson.model.LoadStatistics$LoadStatisticsSnapshot$Builder.definedExecutors;I","L35575","L103","C:\GIT\pris2\SourceMeter\Guille\jenkins-jenkins-2.328\core\src\main\java\hudson\model\LoadStatistics.java","602","13","602","42","0","0","0","0","0","0","0","0","0","0","0","0","0","0","0","0","0","0","0","0","0","0","0","0"
"L35655","onlineExecutors","hudson.model.LoadStatistics$LoadStatisticsSnapshot$Builder.onlineExecutors;I","L35575","L103","C:\GIT\pris2\SourceMeter\Guille\jenkins-jenkins-2.328\core\src\main\java\hudson\model\LoadStatistics.java","603","13","603","41","0","0","0","0","0","0","0","0","0","0","0","0","0","0","0","0","0","0","0","0","0","0","0","0"
"L35656","connectingExecutors","hudson.model.LoadStatistics$LoadStatisticsSnapshot$Builder.connectingExecutors;I","L35575","L103","C:\GIT\pris2\SourceMeter\Guille\jenkins-jenkins-2.328\core\src\main\java\hudson\model\LoadStatistics.java","604","13","604","45","0","0","0","0","0","0","0","0","0","0","0","0","0","0","0","0","0","0","0","0","0","0","0","0"
"L35657","busyExecutors","hudson.model.LoadStatistics$LoadStatisticsSnapshot$Builder.busyExecutors;I","L35575","L103","C:\GIT\pris2\SourceMeter\Guille\jenkins-jenkins-2.328\core\src\main\java\hudson\model\LoadStatistics.java","605","13","605","39","0","0","0","0","0","0","0","0","0","0","0","0","0","0","0","0","0","0","0","0","0","0","0","0"
"L35658","idleExecutors","hudson.model.LoadStatistics$LoadStatisticsSnapshot$Builder.idleExecutors;I","L35575","L103","C:\GIT\pris2\SourceMeter\Guille\jenkins-jenkins-2.328\core\src\main\java\hudson\model\LoadStatistics.java","606","13","606","39","0","0","0","0","0","0","0","0","0","0","0","0","0","0","0","0","0","0","0","0","0","0","0","0"
"L35659","availableExecutors","hudson.model.LoadStatistics$LoadStatisticsSnapshot$Builder.availableExecutors;I","L35575","L103","C:\GIT\pris2\SourceMeter\Guille\jenkins-jenkins-2.328\core\src\main\java\hudson\model\LoadStatistics.java","607","13","607","44","0","0","0","0","0","0","0","0","0","0","0","0","0","0","0","0","0","0","0","0","0","0","0","0"
"L35660","queueLength","hudson.model.LoadStatistics$LoadStatisticsSnapshot$Builder.queueLength;I","L35575","L103","C:\GIT\pris2\SourceMeter\Guille\jenkins-jenkins-2.328\core\src\main\java\hudson\model\LoadStatistics.java","608","13","608","37","0","0","0","0","0","0","0","0","0","0","0","0","0","0","0","0","0","0","0","0","0","0","0","0"
"L38098","l","hudson.model.queue.CauseOfBlockage$NeedsMoreExecutorImpl.l;LLocalizable;","L38091","L103","C:\GIT\pris2\SourceMeter\Guille\jenkins-jenkins-2.328\core\src\main\java\hudson\model\queue\CauseOfBlockage.java","78","9","78","37","0","0","0","0","0","0","0","0","0","0","0","0","0","0","0","0","0","0","0","0","0","0","0","0"
"L38103","node","hudson.model.queue.CauseOfBlockage$BecauseNodeIsOffline.node;Lhudson/model/Node;","L37036","L103","C:\GIT\pris2\SourceMeter\Guille\jenkins-jenkins-2.328\core\src\main\java\hudson\model\queue\CauseOfBlockage.java","94","9","94","32","0","0","0","0","0","0","0","0","0","0","0","0","0","0","0","0","0","0","0","0","0","0","0","0"
"L38111","node","hudson.model.queue.CauseOfBlockage$BecauseNodeIsNotAcceptingTasks.node;Lhudson/model/Node;","L36110","L103","C:\GIT\pris2\SourceMeter\Guille\jenkins-jenkins-2.328\core\src\main\java\hudson\model\queue\CauseOfBlockage.java","119","9","119","32","0","0","0","0","0","0","0","0","0","0","0","0","0","0","0","0","0","0","0","0","0","0","0","0"
"L38118","label","hudson.model.queue.CauseOfBlockage$BecauseLabelIsOffline.label;Lhudson/model/Label;","L37826","L103","C:\GIT\pris2\SourceMeter\Guille\jenkins-jenkins-2.328\core\src\main\java\hudson\model\queue\CauseOfBlockage.java","144","9","144","34","0","0","0","0","0","0","0","0","0","0","0","0","0","0","0","0","0","0","0","0","0","0","0","0"
"L38126","node","hudson.model.queue.CauseOfBlockage$BecauseNodeIsBusy.node;Lhudson/model/Node;","L37841","L103","C:\GIT\pris2\SourceMeter\Guille\jenkins-jenkins-2.328\core\src\main\java\hudson\model\queue\CauseOfBlockage.java","174","9","174","32","0","0","0","0","0","0","0","0","0","0","0","0","0","0","0","0","0","0","0","0","0","0","0","0"
"L38133","label","hudson.model.queue.CauseOfBlockage$BecauseLabelIsBusy.label;Lhudson/model/Label;","L37836","L103","C:\GIT\pris2\SourceMeter\Guille\jenkins-jenkins-2.328\core\src\main\java\hudson\model\queue\CauseOfBlockage.java","196","9","196","34","0","0","0","0","0","0","0","0","0","0","0","0","0","0","0","0","0","0","0","0","0","0","0","0"
"L38275","base","hudson.model.queue.MappingWorksheet$ReadOnlyList.base;Ljava/util/List;","L38274","L103","C:\GIT\pris2\SourceMeter\Guille\jenkins-jenkins-2.328\core\src\main\java\hudson\model\queue\MappingWorksheet.java","96","9","96","38","0","0","0","0","0","0","0","0","0","0","0","0","0","0","0","0","0","0","0","0","0","0","0","0"
"L38287","index","hudson.model.queue.MappingWorksheet$ExecutorChunk.index;I","L35390","L103","C:\GIT\pris2\SourceMeter\Guille\jenkins-jenkins-2.328\core\src\main\java\hudson\model\queue\MappingWorksheet.java","114","9","114","32","0","0","0","0","0","0","0","0","0","0","0","0","0","0","0","0","0","0","0","0","0","0","0","0"
"L38288","computer","hudson.model.queue.MappingWorksheet$ExecutorChunk.computer;Lhudson/model/Computer;","L35390","L103","C:\GIT\pris2\SourceMeter\Guille\jenkins-jenkins-2.328\core\src\main\java\hudson\model\queue\MappingWorksheet.java","115","9","115","40","0","0","0","0","0","0","0","0","0","0","0","0","0","0","0","0","0","0","0","0","0","0","0","0"
"L38289","node","hudson.model.queue.MappingWorksheet$ExecutorChunk.node;Lhudson/model/Node;","L35390","L103","C:\GIT\pris2\SourceMeter\Guille\jenkins-jenkins-2.328\core\src\main\java\hudson\model\queue\MappingWorksheet.java","116","9","116","32","0","0","0","0","0","0","0","0","0","0","0","0","0","0","0","0","0","0","0","0","0","0","0","0"
"L38290","nodeAcl","hudson.model.queue.MappingWorksheet$ExecutorChunk.nodeAcl;Lhudson/security/ACL;","L35390","L103","C:\GIT\pris2\SourceMeter\Guille\jenkins-jenkins-2.328\core\src\main\java\hudson\model\queue\MappingWorksheet.java","117","9","117","34","0","0","0","0","0","0","0","0","0","0","0","0","0","0","0","0","0","0","0","0","0","0","0","0"
"L38331","index","hudson.model.queue.MappingWorksheet$WorkChunk.index;I","L38267","L103","C:\GIT\pris2\SourceMeter\Guille\jenkins-jenkins-2.328\core\src\main\java\hudson\model\queue\MappingWorksheet.java","174","9","174","32","0","0","0","0","0","0","0","0","0","0","0","0","0","0","0","0","0","0","0","0","0","0","0","0"
"L38308","assignedLabel","hudson.model.queue.MappingWorksheet$WorkChunk.assignedLabel;Lhudson/model/Label;","L38267","L103","C:\GIT\pris2\SourceMeter\Guille\jenkins-jenkins-2.328\core\src\main\java\hudson\model\queue\MappingWorksheet.java","181","9","181","42","0","0","0","0","0","0","0","0","0","0","0","0","0","0","0","0","0","0","0","0","0","0","0","0"
"L38333","lastBuiltOn","hudson.model.queue.MappingWorksheet$WorkChunk.lastBuiltOn;Lhudson/model/queue/MappingWorksheet$ExecutorChunk;","L38267","L103","C:\GIT\pris2\SourceMeter\Guille\jenkins-jenkins-2.328\core\src\main\java\hudson\model\queue\MappingWorksheet.java","188","9","188","48","0","0","0","0","0","0","0","0","0","0","0","0","0","0","0","0","0","0","0","0","0","0","0","0"
"L38351","mapping","hudson.model.queue.MappingWorksheet$Mapping.mapping;[Lhudson/model/queue/MappingWorksheet$ExecutorChunk;","L35370","L103","C:\GIT\pris2\SourceMeter\Guille\jenkins-jenkins-2.328\core\src\main\java\hudson\model\queue\MappingWorksheet.java","232","9","232","81","0","0","0","0","0","0","0","0","0","0","0","0","0","0","0","0","0","0","0","0","0","0","0","0"
"L38542","item","hudson.model.queue.ScheduleResult$Created.item;Lhudson/model/Queue$WaitingItem;","L38541","L103","C:\GIT\pris2\SourceMeter\Guille\jenkins-jenkins-2.328\core\src\main\java\hudson\model\queue\ScheduleResult.java","60","9","60","40","0","0","0","0","0","0","0","0","0","0","0","0","0","0","0","0","0","0","0","0","0","0","0","0"
"L38551","item","hudson.model.queue.ScheduleResult$Existing.item;Lhudson/model/Queue$Item;","L38550","L103","C:\GIT\pris2\SourceMeter\Guille\jenkins-jenkins-2.328\core\src\main\java\hudson\model\queue\ScheduleResult.java","83","9","83","33","0","0","0","0","0","0","0","0","0","0","0","0","0","0","0","0","0","0","0","0","0","0","0","0"
"L39808","checkpoints","hudson.model.Run$RunExecution$CheckpointSet.checkpoints;Ljava/util/Set;","L39805","L103","C:\GIT\pris2\SourceMeter\Guille\jenkins-jenkins-2.328\core\src\main\java\hudson\model\Run.java","1743","13","1743","73","0","0","0","0","0","0","0","0","0","0","0","0","0","0","0","0","0","0","0","0","0","0","0","0"
"L39816","allDone","hudson.model.Run$RunExecution$CheckpointSet.allDone;Z","L39805","L103","C:\GIT\pris2\SourceMeter\Guille\jenkins-jenkins-2.328\core\src\main\java\hudson\model\Run.java","1745","13","1745","37","0","0","0","0","0","0","0","0","0","0","0","0","0","0","0","0","0","0","0","0","0","0","0","0"
"L40133","last","hudson.model.RunMap$1.last;Lhudson/model/Run;","L40132","L103","C:\GIT\pris2\SourceMeter\Guille\jenkins-jenkins-2.328\core\src\main\java\hudson\model\RunMap.java","106","13","106","27","0","0","0","0","0","0","0","0","0","0","0","0","0","0","0","0","0","0","0","0","0","0","0","0"
"L40134","next","hudson.model.RunMap$1.next;Lhudson/model/Run;","L40132","L103","C:\GIT\pris2\SourceMeter\Guille\jenkins-jenkins-2.328\core\src\main\java\hudson\model\RunMap.java","107","13","107","36","0","0","0","0","0","0","0","0","0","0","0","0","0","0","0","0","0","0","0","0","0","0","0","0"
"L41700","id","hudson.model.UpdateCenter$RestartJenkinsJob$RestartJenkinsJobStatus.id;I","L41419","L103","C:\GIT\pris2\SourceMeter\Guille\jenkins-jenkins-2.328\core\src\main\java\hudson\model\UpdateCenter.java","1575","13","1576","58","0","0","0","0","0","0","0","0","0","0","0","0","0","0","0","0","0","0","0","0","0","0","0","0"
"L41843","id","hudson.model.UpdateCenter$DownloadJob$InstallationStatus.id;I","L41796","L103","C:\GIT\pris2\SourceMeter\Guille\jenkins-jenkins-2.328\core\src\main\java\hudson\model\UpdateCenter.java","1927","13","1927","58","0","0","0","0","0","0","0","0","0","0","0","0","0","0","0","0","0","0","0","0","0","0","0","0"
"L41846","problem","hudson.model.UpdateCenter$DownloadJob$Failure.problem;Ljava/lang/Throwable;","L41756","L103","C:\GIT\pris2\SourceMeter\Guille\jenkins-jenkins-2.328\core\src\main\java\hudson\model\UpdateCenter.java","1951","13","1951","44","0","0","0","0","0","0","0","0","0","0","0","0","0","0","0","0","0","0","0","0","0","0","0","0"
"L41853","message","hudson.model.UpdateCenter$DownloadJob$SuccessButRequiresRestart.message;LLocalizable;","L41851","L103","C:\GIT\pris2\SourceMeter\Guille\jenkins-jenkins-2.328\core\src\main\java\hudson\model\UpdateCenter.java","1966","13","1966","47","0","0","0","0","0","0","0","0","0","0","0","0","0","0","0","0","0","0","0","0","0","0","0","0"
"L41868","percentage","hudson.model.UpdateCenter$DownloadJob$Installing.percentage;I","L41615","L103","C:\GIT\pris2\SourceMeter\Guille\jenkins-jenkins-2.328\core\src\main\java\hudson\model\UpdateCenter.java","2014","13","2014","41","0","0","0","0","0","0","0","0","0","0","0","0","0","0","0","0","0","0","0","0","0","0","0","0"
"L42025","id","hudson.model.UpdateCenter$CompleteBatchJob$CompleteBatchJobStatus.id;I","L41990","L103","C:\GIT\pris2\SourceMeter\Guille\jenkins-jenkins-2.328\core\src\main\java\hudson\model\UpdateCenter.java","2348","13","2349","58","0","0","0","0","0","0","0","0","0","0","0","0","0","0","0","0","0","0","0","0","0","0","0","0"
"L42029","problemStackTrace","hudson.model.UpdateCenter$CompleteBatchJob$Failure.problemStackTrace;Ljava/lang/Throwable;","L42019","L103","C:\GIT\pris2\SourceMeter\Guille\jenkins-jenkins-2.328\core\src\main\java\hudson\model\UpdateCenter.java","2363","13","2363","54","0","0","0","0","0","0","0","0","0","0","0","0","0","0","0","0","0","0","0","0","0","0","0","0"
"L42383","CORE","hudson.model.UpdateSite$Warning$Type.CORE;Lhudson/model/UpdateSite$Warning$Type;","L42376","L103","C:\GIT\pris2\SourceMeter\Guille\jenkins-jenkins-2.328\core\src\main\java\hudson\model\UpdateSite.java","913","13","913","17","0","0","0","0","0","0","0","0","0","0","0","0","0","0","0","0","0","0","0","0","0","0","0","0"
"L42384","PLUGIN","hudson.model.UpdateSite$Warning$Type.PLUGIN;Lhudson/model/UpdateSite$Warning$Type;","L42376","L103","C:\GIT\pris2\SourceMeter\Guille\jenkins-jenkins-2.328\core\src\main\java\hudson\model\UpdateSite.java","914","13","914","19","0","0","0","0","0","0","0","0","0","0","0","0","0","0","0","0","0","0","0","0","0","0","0","0"
"L42385","UNKNOWN","hudson.model.UpdateSite$Warning$Type.UNKNOWN;Lhudson/model/UpdateSite$Warning$Type;","L42376","L103","C:\GIT\pris2\SourceMeter\Guille\jenkins-jenkins-2.328\core\src\main\java\hudson\model\UpdateSite.java","915","13","915","20","0","0","0","0","0","0","0","0","0","0","0","0","0","0","0","0","0","0","0","0","0","0","0","0"
"L43632","people","hudson.model.View$AsynchPeople$People.people;Lhudson/model/View$People;","L43626","L103","C:\GIT\pris2\SourceMeter\Guille\jenkins-jenkins-2.328\core\src\main\java\hudson\model\View.java","947","13","947","40","0","0","0","0","0","0","0","0","0","0","0","0","0","0","0","0","0","0","0","0","0","0","0","0"
"L45399","secret","hudson.model.ApiTest$CustomObject$CustomData.secret;Ljava/lang/String;","L45394","L103","C:\GIT\pris2\SourceMeter\Guille\jenkins-jenkins-2.328\test\src\test\java\hudson\model\ApiTest.java","306","13","306","35","0","0","0","0","0","0","0","0","0","0","0","0","0","0","0","0","0","0","0","0","0","0","0","0"
"L45600","inner","hudson.model.ComputerConfigDotXmlTest$1Stream.inner;Ljava/io/InputStream;","L45599","L103","C:\GIT\pris2\SourceMeter\Guille\jenkins-jenkins-2.328\test\src\test\java\hudson\model\ComputerConfigDotXmlTest.java","261","13","261","45","0","0","0","0","0","0","0","0","0","0","0","0","0","0","0","0","0","0","0","0","0","0","0","0"
"L47698","time","hudson.model.ProjectTest$DummyCloudImpl2$Launcher.time;J","L47684","L103","C:\GIT\pris2\SourceMeter\Guille\jenkins-jenkins-2.328\test\src\test\java\hudson\model\ProjectTest.java","1007","13","1007","37","0","0","0","0","0","0","0","0","0","0","0","0","0","0","0","0","0","0","0","0","0","0","0","0"
"L47699","computer","hudson.model.ProjectTest$DummyCloudImpl2$Launcher.computer;Lhudson/model/Computer;","L47684","L103","C:\GIT\pris2\SourceMeter\Guille\jenkins-jenkins-2.328\test\src\test\java\hudson\model\ProjectTest.java","1011","13","1011","48","0","0","0","0","0","0","0","0","0","0","0","0","0","0","0","0","0","0","0","0","0","0","0","0"
"L53493","item","hudson.search.Search$1Tag.item;Lhudson/search/SuggestedItem;","L53487","L103","C:\GIT\pris2\SourceMeter\Guille\jenkins-jenkins-2.328\core\src\main\java\hudson\search\Search.java","294","13","294","38","0","0","0","0","0","0","0","0","0","0","0","0","0","0","0","0","0","0","0","0","0","0","0","0"
"L53494","distance","hudson.search.Search$1Tag.distance;I","L53487","L103","C:\GIT\pris2\SourceMeter\Guille\jenkins-jenkins-2.328\core\src\main\java\hudson\search\Search.java","295","13","295","32","0","0","0","0","0","0","0","0","0","0","0","0","0","0","0","0","0","0","0","0","0","0","0","0"
"L53495","prefixMatch","hudson.search.Search$1Tag.prefixMatch;I","L53487","L103","C:\GIT\pris2\SourceMeter\Guille\jenkins-jenkins-2.328\core\src\main\java\hudson\search\Search.java","297","13","297","35","0","0","0","0","0","0","0","0","0","0","0","0","0","0","0","0","0","0","0","0","0","0","0","0"
"L54352","position","hudson.security.ChainedServletFilter$1.position;I","L54351","L103","C:\GIT\pris2\SourceMeter\Guille\jenkins-jenkins-2.328\core\src\main\java\hudson\security\ChainedServletFilter.java","86","13","86","38","0","0","0","0","0","0","0","0","0","0","0","0","0","0","0","0","0","0","0","0","0","0","0","0"
"L54353","filters","hudson.security.ChainedServletFilter$1.filters;[Ljavax/servlet/Filter;","L54351","L103","C:\GIT\pris2\SourceMeter\Guille\jenkins-jenkins-2.328\core\src\main\java\hudson\security\ChainedServletFilter.java","88","13","88","80","0","0","0","0","0","0","0","0","0","0","0","0","0","0","0","0","0","0","0","0","0","0","0","0"
"L54618","CRUMB_SALT","hudson.security.csrf.DefaultCrumbIssuer$DescriptorImpl.CRUMB_SALT;Ljenkins/security/HexStringConfidentialKey;","L54614","L103","C:\GIT\pris2\SourceMeter\Guille\jenkins-jenkins-2.328\core\src\main\java\hudson\security\csrf\DefaultCrumbIssuer.java","124","9","124","129","0","0","0","0","0","0","0","0","0","0","0","0","0","0","0","0","0","0","0","0","0","0","0","0"
"L54655","posted","hudson.security.csrf.CrumbExclusionTest$RootActionImpl.posted;Z","L54652","L103","C:\GIT\pris2\SourceMeter\Guille\jenkins-jenkins-2.328\test\src\test\java\hudson\security\csrf\CrumbExclusionTest.java","90","9","90","39","0","0","0","0","0","0","0","0","0","0","0","0","0","0","0","0","0","0","0","0","0","0","0","0"
"L58383","released","hudson.slaves.WorkspaceList$1.released;Ljava/util/concurrent/atomic/AtomicBoolean;","L58381","L103","C:\GIT\pris2\SourceMeter\Guille\jenkins-jenkins-2.328\core\src\main\java\hudson\slaves\WorkspaceList.java","282","13","282","64","0","0","0","0","0","0","0","0","0","0","0","0","0","0","0","0","0","0","0","0","0","0","0","0"
"L60243","home","hudson.tasks.Maven$MavenInstallation$GetMavenVersion.home;Ljava/lang/String;","L60235","L103","C:\GIT\pris2\SourceMeter\Guille\jenkins-jenkins-2.328\core\src\main\java\hudson\tasks\Maven.java","581","13","581","39","0","0","0","0","0","0","0","0","0","0","0","0","0","0","0","0","0","0","0","0","0","0","0","0"
"L60262","rawHome","hudson.tasks.Maven$MavenInstallation$GetExecutable.rawHome;Ljava/lang/String;","L60257","L103","C:\GIT\pris2\SourceMeter\Guille\jenkins-jenkins-2.328\core\src\main\java\hudson\tasks\Maven.java","625","13","625","42","0","0","0","0","0","0","0","0","0","0","0","0","0","0","0","0","0","0","0","0","0","0","0","0"
"L60429","serialVersionUID","hudson.tasks.Shell$DescriptorImpl$Shellinterpreter.serialVersionUID;J","L60409","L103","C:\GIT\pris2\SourceMeter\Guille\jenkins-jenkins-2.328\core\src\main\java\hudson\tasks\Shell.java","250","13","250","61","0","0","0","0","0","0","0","0","0","0","0","0","0","0","0","0","0","0","0","0","0","0","0","0"
"L60692","block","hudson.tasks.BuildTriggerTest$SlowTrigger$Dep.block;Z","L60691","L103","C:\GIT\pris2\SourceMeter\Guille\jenkins-jenkins-2.328\test\src\test\java\hudson\tasks\BuildTriggerTest.java","310","13","310","50","0","0","0","0","0","0","0","0","0","0","0","0","0","0","0","0","0","0","0","0","0","0","0","0"
"L63963","closed","hudson.FilePathTest$1Sink.closed;Ljava/lang/Exception;","L63961","L103","C:\GIT\pris2\SourceMeter\Guille\jenkins-jenkins-2.328\core\src\test\java\hudson\FilePathTest.java","168","21","168","46","0","0","0","0","0","0","0","0","0","0","0","0","0","0","0","0","0","0","0","0","0","0","0","0"
"L63964","count","hudson.FilePathTest$1Sink.count;Ljava/util/concurrent/atomic/AtomicInteger;","L63961","L103","C:\GIT\pris2\SourceMeter\Guille\jenkins-jenkins-2.328\core\src\test\java\hudson\FilePathTest.java","169","21","169","77","0","0","0","0","0","0","0","0","0","0","0","0","0","0","0","0","0","0","0","0","0","0","0","0"
"L7208","pos","hudson.util.ConsistentHash$Table$1.pos;I","L7207","L103","C:\GIT\pris2\SourceMeter\Guille\jenkins-jenkins-2.328\core\src\main\java\hudson\util\ConsistentHash.java","149","17","149","29","0","0","0","0","0","0","0","0","0","0","0","0","0","0","0","0","0","0","0","0","0","0","0","0"
"L12023","index","hudson.util.PackedMap$1$1.index;I","L12022","L103","C:\GIT\pris2\SourceMeter\Guille\jenkins-jenkins-2.328\core\src\main\java\hudson\util\PackedMap.java","83","17","83","31","0","0","0","0","0","0","0","0","0","0","0","0","0","0","0","0","0","0","0","0","0","0","0","0"
"L12892","offset","hudson.util.ProcessTree$Darwin$DarwinProcess$1StringArrayMemory.offset;J","L12891","L103","C:\GIT\pris2\SourceMeter\Guille\jenkins-jenkins-2.328\core\src\main\java\hudson\util\ProcessTree.java","1773","25","1773","49","0","0","0","0","0","0","0","0","0","0","0","0","0","0","0","0","0","0","0","0","0","0","0","0"
"L12893","length","hudson.util.ProcessTree$Darwin$DarwinProcess$1StringArrayMemory.length;J","L12891","L103","C:\GIT\pris2\SourceMeter\Guille\jenkins-jenkins-2.328\core\src\main\java\hudson\util\ProcessTree.java","1774","25","1774","49","0","0","0","0","0","0","0","0","0","0","0","0","0","0","0","0","0","0","0","0","0","0","0","0"
"L38774","outer","hudson.model.queue.BuildKeepsRunningWhenFaultySubTasksTest$FailingSubTaskContributor$1.outer;Lhudson/model/queue/SubTask;","L38773","L103","C:\GIT\pris2\SourceMeter\Guille\jenkins-jenkins-2.328\test\src\test\java\hudson\model\queue\BuildKeepsRunningWhenFaultySubTasksTest.java","46","17","46","52","0","0","0","0","0","0","0","0","0","0","0","0","0","0","0","0","0","0","0","0","0","0","0","0"
"L38885","outer","hudson.model.queue.WideExecutionTest$Contributor$1.outer;Lhudson/model/queue/SubTask;","L38884","L103","C:\GIT\pris2\SourceMeter\Guille\jenkins-jenkins-2.328\test\src\test\java\hudson\model\queue\WideExecutionTest.java","58","17","58","52","0","0","0","0","0","0","0","0","0","0","0","0","0","0","0","0","0","0","0","0","0","0","0","0"
"L67802","pubKeyType","jenkins.model.identity.InstanceIdentityProvider$KeyTypes.pubKeyType;Ljava/lang/Class;","L67762","L103","C:\GIT\pris2\SourceMeter\Guille\jenkins-jenkins-2.328\core\src\main\java\jenkins\model\identity\InstanceIdentityProvider.java","127","9","127","45","0","0","0","0","0","0","0","0","0","0","0","0","0","0","0","0","0","0","0","0","0","0","0","0"
"L67810","privKeyType","jenkins.model.identity.InstanceIdentityProvider$KeyTypes.privKeyType;Ljava/lang/Class;","L67762","L103","C:\GIT\pris2\SourceMeter\Guille\jenkins-jenkins-2.328\core\src\main\java\jenkins\model\identity\InstanceIdentityProvider.java","131","9","131","47","0","0","0","0","0","0","0","0","0","0","0","0","0","0","0","0","0","0","0","0","0","0","0","0"
"L41043","ID","jenkins.model.item_category.ItemCategory$UncategorizedCategory.ID;Ljava/lang/String;","L68049","L103","C:\GIT\pris2\SourceMeter\Guille\jenkins-jenkins-2.328\core\src\main\java\jenkins\model\item_category\ItemCategory.java","119","9","119","57","0","0","0","0","0","0","0","0","0","0","0","0","0","0","0","0","0","0","0","0","0","0","0","0"
"L69144","level","jenkins.model.Jenkins$16.level;Ljava/util/logging/Level;","L69143","L103","C:\GIT\pris2\SourceMeter\Guille\jenkins-jenkins-2.328\core\src\main\java\jenkins\model\Jenkins.java","3648","17","3648","133","0","0","0","0","0","0","0","0","0","0","0","0","0","0","0","0","0","0","0","0","0","0","0","0"
"L69384","exitUser","jenkins.model.Jenkins$19.exitUser;Ljava/lang/String;","L69382","L103","C:\GIT\pris2\SourceMeter\Guille\jenkins-jenkins-2.328\core\src\main\java\jenkins\model\Jenkins.java","4500","13","4500","68","0","0","0","0","0","0","0","0","0","0","0","0","0","0","0","0","0","0","0","0","0","0","0","0"
"L69395","exitUser","jenkins.model.Jenkins$20.exitUser;Ljava/lang/String;","L69393","L103","C:\GIT\pris2\SourceMeter\Guille\jenkins-jenkins-2.328\core\src\main\java\jenkins\model\Jenkins.java","4529","13","4529","68","0","0","0","0","0","0","0","0","0","0","0","0","0","0","0","0","0","0","0","0","0","0","0","0"
"L69858","byNumber","jenkins.model.lazy.AbstractLazyLoadRunMap$Index.byNumber;Ljava/util/TreeMap;","L69754","L103","C:\GIT\pris2\SourceMeter\Guille\jenkins-jenkins-2.328\core\src\main\java\jenkins\model\lazy\AbstractLazyLoadRunMap.java","266","9","266","68","0","0","0","0","0","0","0","0","0","0","0","0","0","0","0","0","0","0","0","0","0","0","0","0"
"L40162","ASC","jenkins.model.lazy.AbstractLazyLoadRunMap$Direction.ASC;Ljenkins/model/lazy/AbstractLazyLoadRunMap$Direction;","L69949","L103","C:\GIT\pris2\SourceMeter\Guille\jenkins-jenkins-2.328\core\src\main\java\jenkins\model\lazy\AbstractLazyLoadRunMap.java","740","9","740","12","0","0","0","0","0","0","0","0","0","0","0","0","0","0","0","0","0","0","0","0","0","0","0","0"
"L40158","DESC","jenkins.model.lazy.AbstractLazyLoadRunMap$Direction.DESC;Ljenkins/model/lazy/AbstractLazyLoadRunMap$Direction;","L69949","L103","C:\GIT\pris2\SourceMeter\Guille\jenkins-jenkins-2.328\core\src\main\java\jenkins\model\lazy\AbstractLazyLoadRunMap.java","740","14","740","18","0","0","0","0","0","0","0","0","0","0","0","0","0","0","0","0","0","0","0","0","0","0","0","0"
"L69952","EXACT","jenkins.model.lazy.AbstractLazyLoadRunMap$Direction.EXACT;Ljenkins/model/lazy/AbstractLazyLoadRunMap$Direction;","L69949","L103","C:\GIT\pris2\SourceMeter\Guille\jenkins-jenkins-2.328\core\src\main\java\jenkins\model\lazy\AbstractLazyLoadRunMap.java","740","20","740","25","0","0","0","0","0","0","0","0","0","0","0","0","0","0","0","0","0","0","0","0","0","0","0","0"
"L19322","MODE_PROPERTY","jenkins.model.lazy.BuildReference$DefaultHolderFactory.MODE_PROPERTY;Ljava/lang/String;","L70132","L103","C:\GIT\pris2\SourceMeter\Guille\jenkins-jenkins-2.328\core\src\main\java\jenkins\model\lazy\BuildReference.java","147","9","147","93","0","0","0","0","0","0","0","0","0","0","0","0","0","0","0","0","0","0","0","0","0","0","0","0"
"L70146","mode","jenkins.model.lazy.BuildReference$DefaultHolderFactory.mode;Ljava/lang/String;","L70132","L103","C:\GIT\pris2\SourceMeter\Guille\jenkins-jenkins-2.328\core\src\main\java\jenkins\model\lazy\BuildReference.java","148","9","148","86","0","0","0","0","0","0","0","0","0","0","0","0","0","0","0","0","0","0","0","0","0","0","0","0"
"L70272","core","jenkins.model.lazy.BuildReferenceMapAdapter$CollectionAdapter.core;Ljava/util/Collection;","L70230","L103","C:\GIT\pris2\SourceMeter\Guille\jenkins-jenkins-2.328\core\src\main\java\jenkins\model\lazy\BuildReferenceMapAdapter.java","159","9","159","58","0","0","0","0","0","0","0","0","0","0","0","0","0","0","0","0","0","0","0","0","0","0","0","0"
"L70329","core","jenkins.model.lazy.BuildReferenceMapAdapter$SetAdapter.core;Ljava/util/Set;","L70236","L103","C:\GIT\pris2\SourceMeter\Guille\jenkins-jenkins-2.328\core\src\main\java\jenkins\model\lazy\BuildReferenceMapAdapter.java","278","9","278","67","0","0","0","0","0","0","0","0","0","0","0","0","0","0","0","0","0","0","0","0","0","0","0","0"
"L70490","previousBuildR","jenkins.model.lazy.LazyBuildMixIn$RunMixIn.previousBuildR;Ljenkins/model/lazy/BuildReference;","L25761","L103","C:\GIT\pris2\SourceMeter\Guille\jenkins-jenkins-2.328\core\src\main\java\jenkins\model\lazy\LazyBuildMixIn.java","304","9","304","62","0","0","0","0","0","0","0","0","0","0","0","0","0","0","0","0","0","0","0","0","0","0","0","0"
"L70495","nextBuildR","jenkins.model.lazy.LazyBuildMixIn$RunMixIn.nextBuildR;Ljenkins/model/lazy/BuildReference;","L25761","L103","C:\GIT\pris2\SourceMeter\Guille\jenkins-jenkins-2.328\core\src\main\java\jenkins\model\lazy\LazyBuildMixIn.java","304","9","304","74","0","0","0","0","0","0","0","0","0","0","0","0","0","0","0","0","0","0","0","0","0","0","0","0"
"L70496","NONE","jenkins.model.lazy.LazyBuildMixIn$RunMixIn.NONE;Ljenkins/model/lazy/BuildReference;","L25761","L103","C:\GIT\pris2\SourceMeter\Guille\jenkins-jenkins-2.328\core\src\main\java\jenkins\model\lazy\LazyBuildMixIn.java","312","9","313","85","0","0","0","0","0","0","0","0","0","0","0","0","0","0","0","0","0","0","0","0","0","0","0","0"
"L70500","selfReference","jenkins.model.lazy.LazyBuildMixIn$RunMixIn.selfReference;Ljenkins/model/lazy/BuildReference;","L25761","L103","C:\GIT\pris2\SourceMeter\Guille\jenkins-jenkins-2.328\core\src\main\java\jenkins\model\lazy\LazyBuildMixIn.java","320","9","320","52","0","0","0","0","0","0","0","0","0","0","0","0","0","0","0","0","0","0","0","0","0","0","0","0"
"L71510","DEFAULT_PATTERN","jenkins.model.ProjectNamingStrategy$PatternProjectNamingStrategy$DescriptorImpl.DEFAULT_PATTERN;Ljava/lang/String;","L71508","L103","C:\GIT\pris2\SourceMeter\Guille\jenkins-jenkins-2.328\core\src\main\java\jenkins\model\ProjectNamingStrategy.java","181","13","181","63","0","0","0","0","0","0","0","0","0","0","0","0","0","0","0","0","0","0","0","0","0","0","0","0"
"L72052","LOGGER","jenkins.model.BuiltInNodeMigrationRestartTest$LocalDataOnce$RuleRunnerImpl.LOGGER;Ljava/util/logging/Logger;","L72048","L103","C:\GIT\pris2\SourceMeter\Guille\jenkins-jenkins-2.328\test\src\test\java\jenkins\model\BuiltInNodeMigrationRestartTest.java","91","13","91","98","0","0","0","0","0","0","0","0","0","0","0","0","0","0","0","0","0","0","0","0","0","0","0","0"
"L72053","method","jenkins.model.BuiltInNodeMigrationRestartTest$LocalDataOnce$RuleRunnerImpl.method;Ljava/lang/reflect/Method;","L72048","L103","C:\GIT\pris2\SourceMeter\Guille\jenkins-jenkins-2.328\test\src\test\java\jenkins\model\BuiltInNodeMigrationRestartTest.java","92","13","92","35","0","0","0","0","0","0","0","0","0","0","0","0","0","0","0","0","0","0","0","0","0","0","0","0"
"L74014","culpritIds","jenkins.scm.RunWithSCM$1.culpritIds;Ljava/util/Set;","L74013","L103","C:\GIT\pris2\SourceMeter\Guille\jenkins-jenkins-2.328\core\src\main\java\jenkins\scm\RunWithSCM.java","100","13","100","106","0","0","0","0","0","0","0","0","0","0","0","0","0","0","0","0","0","0","0","0","0","0","0","0"
"L74340","COMP_BY_LAST_USE_THEN_COUNTER","jenkins.security.apitoken.ApiTokenStats$SingleTokenStats.COMP_BY_LAST_USE_THEN_COUNTER;Ljava/util/Comparator;","L74312","L103","C:\GIT\pris2\SourceMeter\Guille\jenkins-jenkins-2.328\core\src\main\java\jenkins\security\apitoken\ApiTokenStats.java","316","9","318","73","0","0","0","0","0","0","0","0","0","0","0","0","0","0","0","0","0","0","0","0","0","0","0","0"
"L74338","tokenUuid","jenkins.security.apitoken.ApiTokenStats$SingleTokenStats.tokenUuid;Ljava/lang/String;","L74312","L103","C:\GIT\pris2\SourceMeter\Guille\jenkins-jenkins-2.328\core\src\main\java\jenkins\security\apitoken\ApiTokenStats.java","320","9","320","40","0","0","0","0","0","0","0","0","0","0","0","0","0","0","0","0","0","0","0","0","0","0","0","0"
"L74419","lastUseDate","jenkins.security.apitoken.ApiTokenStats$SingleTokenStats.lastUseDate;Ljava/util/Date;","L74312","L103","C:\GIT\pris2\SourceMeter\Guille\jenkins-jenkins-2.328\core\src\main\java\jenkins\security\apitoken\ApiTokenStats.java","321","9","321","34","0","0","0","0","0","0","0","0","0","0","0","0","0","0","0","0","0","0","0","0","0","0","0","0"
"L74420","useCounter","jenkins.security.apitoken.ApiTokenStats$SingleTokenStats.useCounter;Ljava/lang/Integer;","L74312","L103","C:\GIT\pris2\SourceMeter\Guille\jenkins-jenkins-2.328\core\src\main\java\jenkins\security\apitoken\ApiTokenStats.java","322","9","322","36","0","0","0","0","0","0","0","0","0","0","0","0","0","0","0","0","0","0","0","0","0","0","0","0"
"L74577","serialVersionUID","jenkins.security.apitoken.ApiTokenStore$HashValue.serialVersionUID;J","L74501","L103","C:\GIT\pris2\SourceMeter\Guille\jenkins-jenkins-2.328\core\src\main\java\jenkins\security\apitoken\ApiTokenStore.java","346","9","346","57","0","0","0","0","0","0","0","0","0","0","0","0","0","0","0","0","0","0","0","0","0","0","0","0"
"L74578","version","jenkins.security.apitoken.ApiTokenStore$HashValue.version;Ljava/lang/String;","L74501","L103","C:\GIT\pris2\SourceMeter\Guille\jenkins-jenkins-2.328\core\src\main\java\jenkins\security\apitoken\ApiTokenStore.java","351","9","351","38","0","0","0","0","0","0","0","0","0","0","0","0","0","0","0","0","0","0","0","0","0","0","0","0"
"L74580","hash","jenkins.security.apitoken.ApiTokenStore$HashValue.hash;Ljava/lang/String;","L74501","L103","C:\GIT\pris2\SourceMeter\Guille\jenkins-jenkins-2.328\core\src\main\java\jenkins\security\apitoken\ApiTokenStore.java","355","9","355","35","0","0","0","0","0","0","0","0","0","0","0","0","0","0","0","0","0","0","0","0","0","0","0","0"
"L74586","serialVersionUID","jenkins.security.apitoken.ApiTokenStore$HashedToken.serialVersionUID;J","L74439","L103","C:\GIT\pris2\SourceMeter\Guille\jenkins-jenkins-2.328\core\src\main\java\jenkins\security\apitoken\ApiTokenStore.java","365","9","365","57","0","0","0","0","0","0","0","0","0","0","0","0","0","0","0","0","0","0","0","0","0","0","0","0"
"L74477","uuid","jenkins.security.apitoken.ApiTokenStore$HashedToken.uuid;Ljava/lang/String;","L74439","L103","C:\GIT\pris2\SourceMeter\Guille\jenkins-jenkins-2.328\core\src\main\java\jenkins\security\apitoken\ApiTokenStore.java","368","9","368","29","0","0","0","0","0","0","0","0","0","0","0","0","0","0","0","0","0","0","0","0","0","0","0","0"
"L74588","name","jenkins.security.apitoken.ApiTokenStore$HashedToken.name;Ljava/lang/String;","L74439","L103","C:\GIT\pris2\SourceMeter\Guille\jenkins-jenkins-2.328\core\src\main\java\jenkins\security\apitoken\ApiTokenStore.java","369","9","369","29","0","0","0","0","0","0","0","0","0","0","0","0","0","0","0","0","0","0","0","0","0","0","0","0"
"L74589","creationDate","jenkins.security.apitoken.ApiTokenStore$HashedToken.creationDate;Ljava/util/Date;","L74439","L103","C:\GIT\pris2\SourceMeter\Guille\jenkins-jenkins-2.328\core\src\main\java\jenkins\security\apitoken\ApiTokenStore.java","370","9","370","35","0","0","0","0","0","0","0","0","0","0","0","0","0","0","0","0","0","0","0","0","0","0","0","0"
"L74590","value","jenkins.security.apitoken.ApiTokenStore$HashedToken.value;Ljenkins/security/apitoken/ApiTokenStore$HashValue;","L74439","L103","C:\GIT\pris2\SourceMeter\Guille\jenkins-jenkins-2.328\core\src\main\java\jenkins\security\apitoken\ApiTokenStore.java","372","9","372","33","0","0","0","0","0","0","0","0","0","0","0","0","0","0","0","0","0","0","0","0","0","0","0","0"
"L74693","values","jenkins.security.apitoken.LegacyApiTokenAdministrativeMonitor$RevokeAllSelectedModel.values;[Ljenkins/security/apitoken/LegacyApiTokenAdministrativeMonitor$RevokeAllSelectedUserAndUuid;","L74679","L103","C:\GIT\pris2\SourceMeter\Guille\jenkins-jenkins-2.328\core\src\main\java\jenkins\security\apitoken\LegacyApiTokenAdministrativeMonitor.java","201","9","201","54","0","0","0","0","0","0","0","0","0","0","0","0","0","0","0","0","0","0","0","0","0","0","0","0"
"L74682","userId","jenkins.security.apitoken.LegacyApiTokenAdministrativeMonitor$RevokeAllSelectedUserAndUuid.userId;Ljava/lang/String;","L74690","L103","C:\GIT\pris2\SourceMeter\Guille\jenkins-jenkins-2.328\core\src\main\java\jenkins\security\apitoken\LegacyApiTokenAdministrativeMonitor.java","206","9","206","30","0","0","0","0","0","0","0","0","0","0","0","0","0","0","0","0","0","0","0","0","0","0","0","0"
"L74686","uuid","jenkins.security.apitoken.LegacyApiTokenAdministrativeMonitor$RevokeAllSelectedUserAndUuid.uuid;Ljava/lang/String;","L74690","L103","C:\GIT\pris2\SourceMeter\Guille\jenkins-jenkins-2.328\core\src\main\java\jenkins\security\apitoken\LegacyApiTokenAdministrativeMonitor.java","207","9","207","28","0","0","0","0","0","0","0","0","0","0","0","0","0","0","0","0","0","0","0","0","0","0","0","0"
"L74802","ALL","jenkins.security.apitoken.LegacyApiTokenAdministrativeMonitorTest$SelectFilter.ALL;Ljenkins/security/apitoken/LegacyApiTokenAdministrativeMonitorTest$SelectFilter;","L74796","L103","C:\GIT\pris2\SourceMeter\Guille\jenkins-jenkins-2.328\test\src\test\java\jenkins\security\apitoken\LegacyApiTokenAdministrativeMonitorTest.java","57","9","57","15","0","0","0","0","0","0","0","0","0","0","0","0","0","0","0","0","0","0","0","0","0","0","0","0"
"L74803","ONLY_FRESH","jenkins.security.apitoken.LegacyApiTokenAdministrativeMonitorTest$SelectFilter.ONLY_FRESH;Ljenkins/security/apitoken/LegacyApiTokenAdministrativeMonitorTest$SelectFilter;","L74796","L103","C:\GIT\pris2\SourceMeter\Guille\jenkins-jenkins-2.328\test\src\test\java\jenkins\security\apitoken\LegacyApiTokenAdministrativeMonitorTest.java","58","9","58","22","0","0","0","0","0","0","0","0","0","0","0","0","0","0","0","0","0","0","0","0","0","0","0","0"
"L74804","ONLY_RECENT","jenkins.security.apitoken.LegacyApiTokenAdministrativeMonitorTest$SelectFilter.ONLY_RECENT;Ljenkins/security/apitoken/LegacyApiTokenAdministrativeMonitorTest$SelectFilter;","L74796","L103","C:\GIT\pris2\SourceMeter\Guille\jenkins-jenkins-2.328\test\src\test\java\jenkins\security\apitoken\LegacyApiTokenAdministrativeMonitorTest.java","59","9","59","23","0","0","0","0","0","0","0","0","0","0","0","0","0","0","0","0","0","0","0","0","0","0","0","0"
"L74805","index","jenkins.security.apitoken.LegacyApiTokenAdministrativeMonitorTest$SelectFilter.index;I","L74796","L103","C:\GIT\pris2\SourceMeter\Guille\jenkins-jenkins-2.328\test\src\test\java\jenkins\security\apitoken\LegacyApiTokenAdministrativeMonitorTest.java","61","9","61","19","0","0","0","0","0","0","0","0","0","0","0","0","0","0","0","0","0","0","0","0","0","0","0","0"
"L76287","lastUserIdReceived","jenkins.security.seed.UserSeedChangeListenerTest$TestUserSeedChangeListener.lastUserIdReceived;Ljava/lang/String;","L76283","L103","C:\GIT\pris2\SourceMeter\Guille\jenkins-jenkins-2.328\test\src\test\java\jenkins\security\seed\UserSeedChangeListenerTest.java","86","9","86","35","0","0","0","0","0","0","0","0","0","0","0","0","0","0","0","0","0","0","0","0","0","0","0","0"
"L76289","userWasNull","jenkins.security.seed.UserSeedChangeListenerTest$TestUserSeedChangeListener.userWasNull;Z","L76283","L103","C:\GIT\pris2\SourceMeter\Guille\jenkins-jenkins-2.328\test\src\test\java\jenkins\security\seed\UserSeedChangeListenerTest.java","87","9","87","29","0","0","0","0","0","0","0","0","0","0","0","0","0","0","0","0","0","0","0","0","0","0","0","0"
"L76407","ACCEPTED","jenkins.security.stapler.RoutingDecisionProvider$Decision.ACCEPTED;Ljenkins/security/stapler/RoutingDecisionProvider$Decision;","L76402","L103","C:\GIT\pris2\SourceMeter\Guille\jenkins-jenkins-2.328\core\src\main\java\jenkins\security\stapler\RoutingDecisionProvider.java","32","9","32","17","0","0","0","0","0","0","0","0","0","0","0","0","0","0","0","0","0","0","0","0","0","0","0","0"
"L76410","REJECTED","jenkins.security.stapler.RoutingDecisionProvider$Decision.REJECTED;Ljenkins/security/stapler/RoutingDecisionProvider$Decision;","L76402","L103","C:\GIT\pris2\SourceMeter\Guille\jenkins-jenkins-2.328\core\src\main\java\jenkins\security\stapler\RoutingDecisionProvider.java","33","9","33","17","0","0","0","0","0","0","0","0","0","0","0","0","0","0","0","0","0","0","0","0","0","0","0","0"
"L76424","UNKNOWN","jenkins.security.stapler.RoutingDecisionProvider$Decision.UNKNOWN;Ljenkins/security/stapler/RoutingDecisionProvider$Decision;","L76402","L103","C:\GIT\pris2\SourceMeter\Guille\jenkins-jenkins-2.328\core\src\main\java\jenkins\security\stapler\RoutingDecisionProvider.java","34","9","34","16","0","0","0","0","0","0","0","0","0","0","0","0","0","0","0","0","0","0","0","0","0","0","0","0"
"L76493","validators","jenkins.security.stapler.StaplerDispatchValidator$ValidatorCache.validators;Ljava/util/Map;","L76453","L103","C:\GIT\pris2\SourceMeter\Guille\jenkins-jenkins-2.328\core\src\main\java\jenkins\security\stapler\StaplerDispatchValidator.java","196","9","196","75","0","0","0","0","0","0","0","0","0","0","0","0","0","0","0","0","0","0","0","0","0","0","0","0"
"L76503","lock","jenkins.security.stapler.StaplerDispatchValidator$ValidatorCache.lock;Ljava/util/concurrent/locks/ReadWriteLock;","L76453","L103","C:\GIT\pris2\SourceMeter\Guille\jenkins-jenkins-2.328\core\src\main\java\jenkins\security\stapler\StaplerDispatchValidator.java","197","9","197","73","0","0","0","0","0","0","0","0","0","0","0","0","0","0","0","0","0","0","0","0","0","0","0","0"
"L76730","METHOD_SIGNATURES","jenkins.security.stapler.StaplerSignaturesTest$SomeClass.METHOD_SIGNATURES;Ljava/util/Set;","L76725","L103","C:\GIT\pris2\SourceMeter\Guille\jenkins-jenkins-2.328\core\src\test\java\jenkins\security\stapler\StaplerSignaturesTest.java","37","9","54","12","0","0","0","0","0","0","0","0","0","0","0","0","0","0","0","0","0","0","0","0","0","0","0","0"
"L76734","FIELD_SIGNATURES","jenkins.security.stapler.StaplerSignaturesTest$SomeClass.FIELD_SIGNATURES;Ljava/util/Set;","L76725","L103","C:\GIT\pris2\SourceMeter\Guille\jenkins-jenkins-2.328\core\src\test\java\jenkins\security\stapler\StaplerSignaturesTest.java","71","9","76","12","0","0","0","0","0","0","0","0","0","0","0","0","0","0","0","0","0","0","0","0","0","0","0","0"
"L76763","whatever","jenkins.security.stapler.StaplerSignaturesTest$SomeClass.whatever;Ljava/lang/String;","L76725","L103","C:\GIT\pris2\SourceMeter\Guille\jenkins-jenkins-2.328\core\src\test\java\jenkins\security\stapler\StaplerSignaturesTest.java","77","9","77","32","0","0","0","0","0","0","0","0","0","0","0","0","0","0","0","0","0","0","0","0","0","0","0","0"
"L76764","thing","jenkins.security.stapler.StaplerSignaturesTest$SomeClass.thing;Ljava/lang/Object;","L76725","L103","C:\GIT\pris2\SourceMeter\Guille\jenkins-jenkins-2.328\core\src\test\java\jenkins\security\stapler\StaplerSignaturesTest.java","78","9","78","29","0","0","0","0","0","0","0","0","0","0","0","0","0","0","0","0","0","0","0","0","0","0","0","0"
"L76765","staticField","jenkins.security.stapler.StaplerSignaturesTest$SomeClass.staticField;Ljava/lang/Object;","L76725","L103","C:\GIT\pris2\SourceMeter\Guille\jenkins-jenkins-2.328\core\src\test\java\jenkins\security\stapler\StaplerSignaturesTest.java","79","9","79","42","0","0","0","0","0","0","0","0","0","0","0","0","0","0","0","0","0","0","0","0","0","0","0","0"
"L76766","stringList","jenkins.security.stapler.StaplerSignaturesTest$SomeClass.stringList;Ljava/util/List;","L76725","L103","C:\GIT\pris2\SourceMeter\Guille\jenkins-jenkins-2.328\core\src\test\java\jenkins\security\stapler\StaplerSignaturesTest.java","80","9","80","40","0","0","0","0","0","0","0","0","0","0","0","0","0","0","0","0","0","0","0","0","0","0","0","0"
"L76742","METHOD_SIGNATURES","jenkins.security.stapler.StaplerSignaturesTest$SomeSubclass.METHOD_SIGNATURES;Ljava/util/Set;","L76737","L103","C:\GIT\pris2\SourceMeter\Guille\jenkins-jenkins-2.328\core\src\test\java\jenkins\security\stapler\StaplerSignaturesTest.java","85","9","105","12","0","0","0","0","0","0","0","0","0","0","0","0","0","0","0","0","0","0","0","0","0","0","0","0"
"L76746","FIELD_SIGNATURES","jenkins.security.stapler.StaplerSignaturesTest$SomeSubclass.FIELD_SIGNATURES;Ljava/util/Set;","L76737","L103","C:\GIT\pris2\SourceMeter\Guille\jenkins-jenkins-2.328\core\src\test\java\jenkins\security\stapler\StaplerSignaturesTest.java","116","9","123","12","0","0","0","0","0","0","0","0","0","0","0","0","0","0","0","0","0","0","0","0","0","0","0","0"
"L76775","whatever","jenkins.security.stapler.StaplerSignaturesTest$SomeSubclass.whatever;Ljava/lang/String;","L76737","L103","C:\GIT\pris2\SourceMeter\Guille\jenkins-jenkins-2.328\core\src\test\java\jenkins\security\stapler\StaplerSignaturesTest.java","124","9","124","32","0","0","0","0","0","0","0","0","0","0","0","0","0","0","0","0","0","0","0","0","0","0","0","0"
"L76776","staticField","jenkins.security.stapler.StaplerSignaturesTest$SomeSubclass.staticField;Ljava/lang/Object;","L76737","L103","C:\GIT\pris2\SourceMeter\Guille\jenkins-jenkins-2.328\core\src\test\java\jenkins\security\stapler\StaplerSignaturesTest.java","125","9","125","42","0","0","0","0","0","0","0","0","0","0","0","0","0","0","0","0","0","0","0","0","0","0","0","0"
"L77115","called","jenkins.security.stapler.GetterMethodFilterTest$TestWithReturnJavaPlatformObject.called;Z","L77113","L103","C:\GIT\pris2\SourceMeter\Guille\jenkins-jenkins-2.328\test\src\test\java\jenkins\security\stapler\GetterMethodFilterTest.java","59","9","59","46","0","0","0","0","0","0","0","0","0","0","0","0","0","0","0","0","0","0","0","0","0","0","0","0"
"L77366","START_MESSAGE","jenkins.security.stapler.Security400Test$SemaphoredBuilder.START_MESSAGE;Ljava/lang/String;","L77354","L103","C:\GIT\pris2\SourceMeter\Guille\jenkins-jenkins-2.328\test\src\test\java\jenkins\security\stapler\Security400Test.java","507","9","507","99","0","0","0","0","0","0","0","0","0","0","0","0","0","0","0","0","0","0","0","0","0","0","0","0"
"L77370","semaphore","jenkins.security.stapler.Security400Test$SemaphoredBuilder.semaphore;Ljava/util/concurrent/Semaphore;","L77354","L103","C:\GIT\pris2\SourceMeter\Guille\jenkins-jenkins-2.328\test\src\test\java\jenkins\security\stapler\Security400Test.java","508","9","508","47","0","0","0","0","0","0","0","0","0","0","0","0","0","0","0","0","0","0","0","0","0","0","0","0"
"L77371","atomicInteger","jenkins.security.stapler.Security400Test$SemaphoredBuilder.atomicInteger;Ljava/util/concurrent/atomic/AtomicInteger;","L77354","L103","C:\GIT\pris2\SourceMeter\Guille\jenkins-jenkins-2.328\test\src\test\java\jenkins\security\stapler\Security400Test.java","509","9","509","55","0","0","0","0","0","0","0","0","0","0","0","0","0","0","0","0","0","0","0","0","0","0","0","0"
"L77549","renderableNotAnnotated","jenkins.security.stapler.StaplerRoutableFieldTest$TestRootAction.renderableNotAnnotated;Ljenkins/security/stapler/StaplerAbstractTest$Renderable;","L77546","L103","C:\GIT\pris2\SourceMeter\Guille\jenkins-jenkins-2.328\test\src\test\java\jenkins\security\stapler\StaplerRoutableFieldTest.java","18","9","18","69","0","0","0","0","0","0","0","0","0","0","0","0","0","0","0","0","0","0","0","0","0","0","0","0"
"L77550","parentRenderableNotAnnotated","jenkins.security.stapler.StaplerRoutableFieldTest$TestRootAction.parentRenderableNotAnnotated;Ljenkins/security/stapler/StaplerAbstractTest$ParentRenderable;","L77546","L103","C:\GIT\pris2\SourceMeter\Guille\jenkins-jenkins-2.328\test\src\test\java\jenkins\security\stapler\StaplerRoutableFieldTest.java","20","9","20","87","0","0","0","0","0","0","0","0","0","0","0","0","0","0","0","0","0","0","0","0","0","0","0","0"
"L77553","objectNotAnnotated","jenkins.security.stapler.StaplerRoutableFieldTest$TestRootAction.objectNotAnnotated;Ljava/lang/Object;","L77546","L103","C:\GIT\pris2\SourceMeter\Guille\jenkins-jenkins-2.328\test\src\test\java\jenkins\security\stapler\StaplerRoutableFieldTest.java","22","9","22","61","0","0","0","0","0","0","0","0","0","0","0","0","0","0","0","0","0","0","0","0","0","0","0","0"
"L77554","renderableAnnotatedOk","jenkins.security.stapler.StaplerRoutableFieldTest$TestRootAction.renderableAnnotatedOk;Ljenkins/security/stapler/StaplerAbstractTest$Renderable;","L77546","L103","C:\GIT\pris2\SourceMeter\Guille\jenkins-jenkins-2.328\test\src\test\java\jenkins\security\stapler\StaplerRoutableFieldTest.java","24","9","25","68","0","0","0","0","0","0","0","0","0","0","0","0","0","0","0","0","0","0","0","0","0","0","0","0"
"L77555","parentRenderableAnnotatedOk","jenkins.security.stapler.StaplerRoutableFieldTest$TestRootAction.parentRenderableAnnotatedOk;Ljenkins/security/stapler/StaplerAbstractTest$ParentRenderable;","L77546","L103","C:\GIT\pris2\SourceMeter\Guille\jenkins-jenkins-2.328\test\src\test\java\jenkins\security\stapler\StaplerRoutableFieldTest.java","27","9","28","86","0","0","0","0","0","0","0","0","0","0","0","0","0","0","0","0","0","0","0","0","0","0","0","0"
"L77556","objectAnnotatedOk","jenkins.security.stapler.StaplerRoutableFieldTest$TestRootAction.objectAnnotatedOk;Ljava/lang/Object;","L77546","L103","C:\GIT\pris2\SourceMeter\Guille\jenkins-jenkins-2.328\test\src\test\java\jenkins\security\stapler\StaplerRoutableFieldTest.java","30","9","31","60","0","0","0","0","0","0","0","0","0","0","0","0","0","0","0","0","0","0","0","0","0","0","0","0"
"L77557","renderableAnnotatedKo","jenkins.security.stapler.StaplerRoutableFieldTest$TestRootAction.renderableAnnotatedKo;Ljenkins/security/stapler/StaplerAbstractTest$Renderable;","L77546","L103","C:\GIT\pris2\SourceMeter\Guille\jenkins-jenkins-2.328\test\src\test\java\jenkins\security\stapler\StaplerRoutableFieldTest.java","33","9","34","68","0","0","0","0","0","0","0","0","0","0","0","0","0","0","0","0","0","0","0","0","0","0","0","0"
"L77558","objectAnnotatedKo","jenkins.security.stapler.StaplerRoutableFieldTest$TestRootAction.objectAnnotatedKo;Ljava/lang/Object;","L77546","L103","C:\GIT\pris2\SourceMeter\Guille\jenkins-jenkins-2.328\test\src\test\java\jenkins\security\stapler\StaplerRoutableFieldTest.java","36","9","37","60","0","0","0","0","0","0","0","0","0","0","0","0","0","0","0","0","0","0","0","0","0","0","0","0"
"L77559","renderableDoubleAnnotated","jenkins.security.stapler.StaplerRoutableFieldTest$TestRootAction.renderableDoubleAnnotated;Ljenkins/security/stapler/StaplerAbstractTest$Renderable;","L77546","L103","C:\GIT\pris2\SourceMeter\Guille\jenkins-jenkins-2.328\test\src\test\java\jenkins\security\stapler\StaplerRoutableFieldTest.java","39","9","41","72","0","0","0","0","0","0","0","0","0","0","0","0","0","0","0","0","0","0","0","0","0","0","0","0"
"L77560","objectDoubleAnnotated","jenkins.security.stapler.StaplerRoutableFieldTest$TestRootAction.objectDoubleAnnotated;Ljava/lang/Object;","L77546","L103","C:\GIT\pris2\SourceMeter\Guille\jenkins-jenkins-2.328\test\src\test\java\jenkins\security\stapler\StaplerRoutableFieldTest.java","43","9","45","64","0","0","0","0","0","0","0","0","0","0","0","0","0","0","0","0","0","0","0","0","0","0","0","0"
"L77561","staticRenderableNotAnnotated","jenkins.security.stapler.StaplerRoutableFieldTest$TestRootAction.staticRenderableNotAnnotated;Ljenkins/security/stapler/StaplerAbstractTest$Renderable;","L77546","L103","C:\GIT\pris2\SourceMeter\Guille\jenkins-jenkins-2.328\test\src\test\java\jenkins\security\stapler\StaplerRoutableFieldTest.java","47","9","47","82","0","0","0","0","0","0","0","0","0","0","0","0","0","0","0","0","0","0","0","0","0","0","0","0"
"L77562","staticObjectNotAnnotated","jenkins.security.stapler.StaplerRoutableFieldTest$TestRootAction.staticObjectNotAnnotated;Ljava/lang/Object;","L77546","L103","C:\GIT\pris2\SourceMeter\Guille\jenkins-jenkins-2.328\test\src\test\java\jenkins\security\stapler\StaplerRoutableFieldTest.java","49","9","49","74","0","0","0","0","0","0","0","0","0","0","0","0","0","0","0","0","0","0","0","0","0","0","0","0"
"L77563","staticRenderableAnnotatedOk","jenkins.security.stapler.StaplerRoutableFieldTest$TestRootAction.staticRenderableAnnotatedOk;Ljenkins/security/stapler/StaplerAbstractTest$Renderable;","L77546","L103","C:\GIT\pris2\SourceMeter\Guille\jenkins-jenkins-2.328\test\src\test\java\jenkins\security\stapler\StaplerRoutableFieldTest.java","51","9","52","81","0","0","0","0","0","0","0","0","0","0","0","0","0","0","0","0","0","0","0","0","0","0","0","0"
"L77564","staticObjectAnnotatedOk","jenkins.security.stapler.StaplerRoutableFieldTest$TestRootAction.staticObjectAnnotatedOk;Ljava/lang/Object;","L77546","L103","C:\GIT\pris2\SourceMeter\Guille\jenkins-jenkins-2.328\test\src\test\java\jenkins\security\stapler\StaplerRoutableFieldTest.java","54","9","55","73","0","0","0","0","0","0","0","0","0","0","0","0","0","0","0","0","0","0","0","0","0","0","0","0"
"L77630","called","jenkins.security.stapler.StaticRoutingDecisionProviderTest$ContentProvider.called;Z","L77628","L103","C:\GIT\pris2\SourceMeter\Guille\jenkins-jenkins-2.328\test\src\test\java\jenkins\security\stapler\StaticRoutingDecisionProviderTest.java","51","9","51","46","0","0","0","0","0","0","0","0","0","0","0","0","0","0","0","0","0","0","0","0","0","0","0","0"
"L77632","called2","jenkins.security.stapler.StaticRoutingDecisionProviderTest$ContentProvider.called2;Z","L77628","L103","C:\GIT\pris2\SourceMeter\Guille\jenkins-jenkins-2.328\test\src\test\java\jenkins\security\stapler\StaticRoutingDecisionProviderTest.java","52","9","52","47","0","0","0","0","0","0","0","0","0","0","0","0","0","0","0","0","0","0","0","0","0","0","0","0"
"L77638","OBJECT_CUSTOM_SIGNATURE","jenkins.security.stapler.StaticRoutingDecisionProviderTest$ContentProvider.OBJECT_CUSTOM_SIGNATURE;Ljava/lang/String;","L77628","L103","C:\GIT\pris2\SourceMeter\Guille\jenkins-jenkins-2.328\test\src\test\java\jenkins\security\stapler\StaticRoutingDecisionProviderTest.java","70","9","70","156","0","0","0","0","0","0","0","0","0","0","0","0","0","0","0","0","0","0","0","0","0","0","0","0"
"L77662","DO_ACTION_SIGNATURE","jenkins.security.stapler.StaticRoutingDecisionProviderTest$ActionWithWhitelist.DO_ACTION_SIGNATURE;Ljava/lang/String;","L77659","L103","C:\GIT\pris2\SourceMeter\Guille\jenkins-jenkins-2.328\test\src\test\java\jenkins\security\stapler\StaticRoutingDecisionProviderTest.java","226","9","226","184","0","0","0","0","0","0","0","0","0","0","0","0","0","0","0","0","0","0","0","0","0","0","0","0"
"L77665","DO_ACTION_STAPLER_ROUTABLE_SIGNATURE","jenkins.security.stapler.StaticRoutingDecisionProviderTest$ActionWithWhitelist.DO_ACTION_STAPLER_ROUTABLE_SIGNATURE;Ljava/lang/String;","L77659","L103","C:\GIT\pris2\SourceMeter\Guille\jenkins-jenkins-2.328\test\src\test\java\jenkins\security\stapler\StaticRoutingDecisionProviderTest.java","232","9","232","224","0","0","0","0","0","0","0","0","0","0","0","0","0","0","0","0","0","0","0","0","0","0","0","0"
"L77668","DO_ACTION_STAPLER_NONROUTABLE_SIGNATURE","jenkins.security.stapler.StaticRoutingDecisionProviderTest$ActionWithWhitelist.DO_ACTION_STAPLER_NONROUTABLE_SIGNATURE;Ljava/lang/String;","L77659","L103","C:\GIT\pris2\SourceMeter\Guille\jenkins-jenkins-2.328\test\src\test\java\jenkins\security\stapler\StaticRoutingDecisionProviderTest.java","239","9","239","230","0","0","0","0","0","0","0","0","0","0","0","0","0","0","0","0","0","0","0","0","0","0","0","0"
"L77671","DO_ACTION_STAPLER_WEBMETHOD_SIGNATURE","jenkins.security.stapler.StaticRoutingDecisionProviderTest$ActionWithWhitelist.DO_ACTION_STAPLER_WEBMETHOD_SIGNATURE;Ljava/lang/String;","L77659","L103","C:\GIT\pris2\SourceMeter\Guille\jenkins-jenkins-2.328\test\src\test\java\jenkins\security\stapler\StaticRoutingDecisionProviderTest.java","246","9","246","215","0","0","0","0","0","0","0","0","0","0","0","0","0","0","0","0","0","0","0","0","0","0","0","0"
"L77683","GET_ITEM_SIGNATURE","jenkins.security.stapler.StaticRoutingDecisionProviderTest$GetterWithWhitelist.GET_ITEM_SIGNATURE;Ljava/lang/String;","L77680","L103","C:\GIT\pris2\SourceMeter\Guille\jenkins-jenkins-2.328\test\src\test\java\jenkins\security\stapler\StaticRoutingDecisionProviderTest.java","302","9","302","147","0","0","0","0","0","0","0","0","0","0","0","0","0","0","0","0","0","0","0","0","0","0","0","0"
"L77685","GET_ITEM_STAPLER_ROUTABLE_SIGNATURE","jenkins.security.stapler.StaticRoutingDecisionProviderTest$GetterWithWhitelist.GET_ITEM_STAPLER_ROUTABLE_SIGNATURE;Ljava/lang/String;","L77680","L103","C:\GIT\pris2\SourceMeter\Guille\jenkins-jenkins-2.328\test\src\test\java\jenkins\security\stapler\StaticRoutingDecisionProviderTest.java","308","9","308","187","0","0","0","0","0","0","0","0","0","0","0","0","0","0","0","0","0","0","0","0","0","0","0","0"
"L77687","GET_ITEM_STAPLER_NONROUTABLE_SIGNATURE","jenkins.security.stapler.StaticRoutingDecisionProviderTest$GetterWithWhitelist.GET_ITEM_STAPLER_NONROUTABLE_SIGNATURE;Ljava/lang/String;","L77680","L103","C:\GIT\pris2\SourceMeter\Guille\jenkins-jenkins-2.328\test\src\test\java\jenkins\security\stapler\StaticRoutingDecisionProviderTest.java","315","9","315","193","0","0","0","0","0","0","0","0","0","0","0","0","0","0","0","0","0","0","0","0","0","0","0","0"
"L77698","FIELD_SIGNATURE","jenkins.security.stapler.StaticRoutingDecisionProviderTest$FieldWithWhitelist.FIELD_SIGNATURE;Ljava/lang/String;","L77695","L103","C:\GIT\pris2\SourceMeter\Guille\jenkins-jenkins-2.328\test\src\test\java\jenkins\security\stapler\StaticRoutingDecisionProviderTest.java","371","9","371","145","0","0","0","0","0","0","0","0","0","0","0","0","0","0","0","0","0","0","0","0","0","0","0","0"
"L77699","renderable","jenkins.security.stapler.StaticRoutingDecisionProviderTest$FieldWithWhitelist.renderable;Ljenkins/security/stapler/StaplerAbstractTest$Renderable;","L77695","L103","C:\GIT\pris2\SourceMeter\Guille\jenkins-jenkins-2.328\test\src\test\java\jenkins\security\stapler\StaticRoutingDecisionProviderTest.java","373","9","373","57","0","0","0","0","0","0","0","0","0","0","0","0","0","0","0","0","0","0","0","0","0","0","0","0"
"L77700","FIELD_STAPLER_ROUTABLE_SIGNATURE","jenkins.security.stapler.StaticRoutingDecisionProviderTest$FieldWithWhitelist.FIELD_STAPLER_ROUTABLE_SIGNATURE;Ljava/lang/String;","L77695","L103","C:\GIT\pris2\SourceMeter\Guille\jenkins-jenkins-2.328\test\src\test\java\jenkins\security\stapler\StaticRoutingDecisionProviderTest.java","375","9","375","185","0","0","0","0","0","0","0","0","0","0","0","0","0","0","0","0","0","0","0","0","0","0","0","0"
"L77701","renderableWithStaplerDispatchable","jenkins.security.stapler.StaticRoutingDecisionProviderTest$FieldWithWhitelist.renderableWithStaplerDispatchable;Ljenkins/security/stapler/StaplerAbstractTest$Renderable;","L77695","L103","C:\GIT\pris2\SourceMeter\Guille\jenkins-jenkins-2.328\test\src\test\java\jenkins\security\stapler\StaticRoutingDecisionProviderTest.java","377","9","378","80","0","0","0","0","0","0","0","0","0","0","0","0","0","0","0","0","0","0","0","0","0","0","0","0"
"L77702","FIELD_STAPLER_NONROUTABLE_SIGNATURE","jenkins.security.stapler.StaticRoutingDecisionProviderTest$FieldWithWhitelist.FIELD_STAPLER_NONROUTABLE_SIGNATURE;Ljava/lang/String;","L77695","L103","C:\GIT\pris2\SourceMeter\Guille\jenkins-jenkins-2.328\test\src\test\java\jenkins\security\stapler\StaticRoutingDecisionProviderTest.java","380","9","380","191","0","0","0","0","0","0","0","0","0","0","0","0","0","0","0","0","0","0","0","0","0","0","0","0"
"L77703","renderableWithStaplerNotDispatchable","jenkins.security.stapler.StaticRoutingDecisionProviderTest$FieldWithWhitelist.renderableWithStaplerNotDispatchable;Ljenkins/security/stapler/StaplerAbstractTest$Renderable;","L77695","L103","C:\GIT\pris2\SourceMeter\Guille\jenkins-jenkins-2.328\test\src\test\java\jenkins\security\stapler\StaticRoutingDecisionProviderTest.java","382","9","383","83","0","0","0","0","0","0","0","0","0","0","0","0","0","0","0","0","0","0","0","0","0","0","0","0"
"L77704","FIELD_STATIC_SIGNATURE","jenkins.security.stapler.StaticRoutingDecisionProviderTest$FieldWithWhitelist.FIELD_STATIC_SIGNATURE;Ljava/lang/String;","L77695","L103","C:\GIT\pris2\SourceMeter\Guille\jenkins-jenkins-2.328\test\src\test\java\jenkins\security\stapler\StaticRoutingDecisionProviderTest.java","385","9","385","164","0","0","0","0","0","0","0","0","0","0","0","0","0","0","0","0","0","0","0","0","0","0","0","0"
"L77705","staticRenderable","jenkins.security.stapler.StaticRoutingDecisionProviderTest$FieldWithWhitelist.staticRenderable;Ljenkins/security/stapler/StaplerAbstractTest$Renderable;","L77695","L103","C:\GIT\pris2\SourceMeter\Guille\jenkins-jenkins-2.328\test\src\test\java\jenkins\security\stapler\StaticRoutingDecisionProviderTest.java","387","9","387","70","0","0","0","0","0","0","0","0","0","0","0","0","0","0","0","0","0","0","0","0","0","0","0","0"
"L77706","FIELD_STATIC_STAPLER_ROUTABLE_SIGNATURE","jenkins.security.stapler.StaticRoutingDecisionProviderTest$FieldWithWhitelist.FIELD_STATIC_STAPLER_ROUTABLE_SIGNATURE;Ljava/lang/String;","L77695","L103","C:\GIT\pris2\SourceMeter\Guille\jenkins-jenkins-2.328\test\src\test\java\jenkins\security\stapler\StaticRoutingDecisionProviderTest.java","389","9","389","204","0","0","0","0","0","0","0","0","0","0","0","0","0","0","0","0","0","0","0","0","0","0","0","0"
"L77707","staticRenderableWithStaplerDispatchable","jenkins.security.stapler.StaticRoutingDecisionProviderTest$FieldWithWhitelist.staticRenderableWithStaplerDispatchable;Ljenkins/security/stapler/StaplerAbstractTest$Renderable;","L77695","L103","C:\GIT\pris2\SourceMeter\Guille\jenkins-jenkins-2.328\test\src\test\java\jenkins\security\stapler\StaticRoutingDecisionProviderTest.java","391","9","392","93","0","0","0","0","0","0","0","0","0","0","0","0","0","0","0","0","0","0","0","0","0","0","0","0"
"L77708","FIELD_STATIC_STAPLER_NONROUTABLE_SIGNATURE","jenkins.security.stapler.StaticRoutingDecisionProviderTest$FieldWithWhitelist.FIELD_STATIC_STAPLER_NONROUTABLE_SIGNATURE;Ljava/lang/String;","L77695","L103","C:\GIT\pris2\SourceMeter\Guille\jenkins-jenkins-2.328\test\src\test\java\jenkins\security\stapler\StaticRoutingDecisionProviderTest.java","394","9","394","210","0","0","0","0","0","0","0","0","0","0","0","0","0","0","0","0","0","0","0","0","0","0","0","0"
"L77709","staticRenderableWithStaplerNotDispatchable","jenkins.security.stapler.StaticRoutingDecisionProviderTest$FieldWithWhitelist.staticRenderableWithStaplerNotDispatchable;Ljenkins/security/stapler/StaplerAbstractTest$Renderable;","L77695","L103","C:\GIT\pris2\SourceMeter\Guille\jenkins-jenkins-2.328\test\src\test\java\jenkins\security\stapler\StaticRoutingDecisionProviderTest.java","396","9","397","96","0","0","0","0","0","0","0","0","0","0","0","0","0","0","0","0","0","0","0","0","0","0","0","0"
"L79435","c","jenkins.slaves.restarter.JnlpSlaveRestarterInstaller$Install.c;Lhudson/model/Computer;","L79430","L103","C:\GIT\pris2\SourceMeter\Guille\jenkins-jenkins-2.328\core\src\main\java\jenkins\slaves\restarter\JnlpSlaveRestarterInstaller.java","42","9","42","34","0","0","0","0","0","0","0","0","0","0","0","0","0","0","0","0","0","0","0","0","0","0","0","0"
"L79436","listener","jenkins.slaves.restarter.JnlpSlaveRestarterInstaller$Install.listener;Lhudson/model/TaskListener;","L79430","L103","C:\GIT\pris2\SourceMeter\Guille\jenkins-jenkins-2.328\core\src\main\java\jenkins\slaves\restarter\JnlpSlaveRestarterInstaller.java","43","9","43","45","0","0","0","0","0","0","0","0","0","0","0","0","0","0","0","0","0","0","0","0","0","0","0","0"
"L79467","restarters","jenkins.slaves.restarter.JnlpSlaveRestarterInstaller$FindEffectiveRestarters.restarters;Ljava/util/List;","L79457","L103","C:\GIT\pris2\SourceMeter\Guille\jenkins-jenkins-2.328\core\src\main\java\jenkins\slaves\restarter\JnlpSlaveRestarterInstaller.java","73","9","73","55","0","0","0","0","0","0","0","0","0","0","0","0","0","0","0","0","0","0","0","0","0","0","0","0"
"L79856","CHARACTERISTIC_ENV_VARS","jenkins.tasks.filters.impl.RetainVariablesLocalRule.CHARACTERISTIC_ENV_VARS;Ljava/util/List;","L79854","L103","C:\GIT\pris2\SourceMeter\Guille\jenkins-jenkins-2.328\core\src\main\java\jenkins\tasks\filters\impl\RetainVariablesLocalRule.java","69","5","69","198","0","0","0","0","0","0","0","0","0","0","0","0","0","0","0","0","0","0","0","0","0","0","0","0"
"L79860","variables","jenkins.tasks.filters.impl.RetainVariablesLocalRule.variables;Ljava/lang/String;","L79854","L103","C:\GIT\pris2\SourceMeter\Guille\jenkins-jenkins-2.328\core\src\main\java\jenkins\tasks\filters\impl\RetainVariablesLocalRule.java","73","5","73","35","0","0","0","0","0","0","0","0","0","0","0","0","0","0","0","0","0","0","0","0","0","0","0","0"
"L79862","retainCharacteristicEnvVars","jenkins.tasks.filters.impl.RetainVariablesLocalRule.retainCharacteristicEnvVars;Z","L79854","L103","C:\GIT\pris2\SourceMeter\Guille\jenkins-jenkins-2.328\core\src\main\java\jenkins\tasks\filters\impl\RetainVariablesLocalRule.java","74","5","74","56","0","0","0","0","0","0","0","0","0","0","0","0","0","0","0","0","0","0","0","0","0","0","0","0"
"L79863","processVariablesHandling","jenkins.tasks.filters.impl.RetainVariablesLocalRule.processVariablesHandling;Ljenkins/tasks/filters/impl/RetainVariablesLocalRule$ProcessVariablesHandling;","L79854","L103","C:\GIT\pris2\SourceMeter\Guille\jenkins-jenkins-2.328\core\src\main\java\jenkins\tasks\filters\impl\RetainVariablesLocalRule.java","75","5","75","96","0","0","0","0","0","0","0","0","0","0","0","0","0","0","0","0","0","0","0","0","0","0","0","0"
"L79926","j","jenkins.tasks.filters.impl.RetainVariablesLocalRuleTest.j;LJenkinsRule;","L79924","L103","C:\GIT\pris2\SourceMeter\Guille\jenkins-jenkins-2.328\test\src\test\java\jenkins\tasks\filters\impl\RetainVariablesLocalRuleTest.java","55","5","56","46","0","0","0","0","0","0","0","0","0","0","0","0","0","0","0","0","0","0","0","0","0","0","0","0"
"L80224","serialVersionUID","jenkins.tasks.SimpleBuildWrapperTest$WrapperWithDisposer$DisposerImpl.serialVersionUID;J","L80218","L103","C:\GIT\pris2\SourceMeter\Guille\jenkins-jenkins-2.328\test\src\test\java\jenkins\tasks\SimpleBuildWrapperTest.java","177","13","177","60","0","0","0","0","0","0","0","0","0","0","0","0","0","0","0","0","0","0","0","0","0","0","0","0"
"L80225","tearDownCount","jenkins.tasks.SimpleBuildWrapperTest$WrapperWithDisposer$DisposerImpl.tearDownCount;I","L80218","L103","C:\GIT\pris2\SourceMeter\Guille\jenkins-jenkins-2.328\test\src\test\java\jenkins\tasks\SimpleBuildWrapperTest.java","178","13","178","43","0","0","0","0","0","0","0","0","0","0","0","0","0","0","0","0","0","0","0","0","0","0","0","0"
"L80279","serialVersionUID","jenkins.tasks.SimpleBuildWrapperTest$InterruptedDisposerWrapper$InterruptedDisposerImpl.serialVersionUID;J","L80274","L103","C:\GIT\pris2\SourceMeter\Guille\jenkins-jenkins-2.328\test\src\test\java\jenkins\tasks\SimpleBuildWrapperTest.java","252","13","252","60","0","0","0","0","0","0","0","0","0","0","0","0","0","0","0","0","0","0","0","0","0","0","0","0"
"L80314","serialVersionUID","jenkins.tasks.SimpleBuildWrapperTest$WrapperWithLogger$UpcaseFilter.serialVersionUID;J","L80309","L103","C:\GIT\pris2\SourceMeter\Guille\jenkins-jenkins-2.328\test\src\test\java\jenkins\tasks\SimpleBuildWrapperTest.java","288","13","288","60","0","0","0","0","0","0","0","0","0","0","0","0","0","0","0","0","0","0","0","0","0","0","0","0"
"L80735","delegate","jenkins.triggers.SCMTriggerItem$SCMTriggerItems$Bridge.delegate;Lhudson/model/SCMedItem;","L80730","L103","C:\GIT\pris2\SourceMeter\Guille\jenkins-jenkins-2.328\core\src\main\java\jenkins\triggers\SCMTriggerItem.java","122","13","122","46","0","0","0","0","0","0","0","0","0","0","0","0","0","0","0","0","0","0","0","0","0","0","0","0"
"L81074","index","jenkins.util.DirectedGraph$1Tarjan.index;I","L81072","L103","C:\GIT\pris2\SourceMeter\Guille\jenkins-jenkins-2.328\core\src\main\java\jenkins\util\DirectedGraph.java","107","13","107","27","0","0","0","0","0","0","0","0","0","0","0","0","0","0","0","0","0","0","0","0","0","0","0","0"
"L81075","sccIndex","jenkins.util.DirectedGraph$1Tarjan.sccIndex;I","L81072","L103","C:\GIT\pris2\SourceMeter\Guille\jenkins-jenkins-2.328\core\src\main\java\jenkins\util\DirectedGraph.java","108","13","108","30","0","0","0","0","0","0","0","0","0","0","0","0","0","0","0","0","0","0","0","0","0","0","0","0"
"L81076","pending","jenkins.util.DirectedGraph$1Tarjan.pending;Ljava/util/Stack;","L81072","L103","C:\GIT\pris2\SourceMeter\Guille\jenkins-jenkins-2.328\core\src\main\java\jenkins\util\DirectedGraph.java","112","13","112","49","0","0","0","0","0","0","0","0","0","0","0","0","0","0","0","0","0","0","0","0","0","0","0","0"
"L62697","ALLOW_ALL","jenkins.util.io.PathRemover$PathChecker.ALLOW_ALL;Ljenkins/util/io/PathRemover$PathChecker;","L62702","L103","C:\GIT\pris2\SourceMeter\Guille\jenkins-jenkins-2.328\core\src\main\java\jenkins\util\io\PathRemover.java","105","9","105","44","0","0","0","0","0","0","0","0","0","0","0","0","0","0","0","0","0","0","0","0","0","0","0","0"
"L81485","maxRetries","jenkins.util.io.PathRemover$PausingGCRetryStrategy.maxRetries;I","L81451","L103","C:\GIT\pris2\SourceMeter\Guille\jenkins-jenkins-2.328\core\src\main\java\jenkins\util\io\PathRemover.java","127","9","127","38","0","0","0","0","0","0","0","0","0","0","0","0","0","0","0","0","0","0","0","0","0","0","0","0"
"L81486","gcAfterFailedRemove","jenkins.util.io.PathRemover$PausingGCRetryStrategy.gcAfterFailedRemove;Z","L81451","L103","C:\GIT\pris2\SourceMeter\Guille\jenkins-jenkins-2.328\core\src\main\java\jenkins\util\io\PathRemover.java","128","9","128","51","0","0","0","0","0","0","0","0","0","0","0","0","0","0","0","0","0","0","0","0","0","0","0","0"
"L81487","waitBetweenRetries","jenkins.util.io.PathRemover$PausingGCRetryStrategy.waitBetweenRetries;J","L81451","L103","C:\GIT\pris2\SourceMeter\Guille\jenkins-jenkins-2.328\core\src\main\java\jenkins\util\io\PathRemover.java","129","9","129","47","0","0","0","0","0","0","0","0","0","0","0","0","0","0","0","0","0","0","0","0","0","0","0","0"
"L81488","interrupted","jenkins.util.io.PathRemover$PausingGCRetryStrategy.interrupted;Ljava/lang/ThreadLocal;","L81451","L103","C:\GIT\pris2\SourceMeter\Guille\jenkins-jenkins-2.328\core\src\main\java\jenkins\util\io\PathRemover.java","130","9","130","95","0","0","0","0","0","0","0","0","0","0","0","0","0","0","0","0","0","0","0","0","0","0","0","0"
"L81995","serialVersionUID","jenkins.util.SystemProperties$AgentCopier$CopySystemProperties.serialVersionUID;J","L81990","L103","C:\GIT\pris2\SourceMeter\Guille\jenkins-jenkins-2.328\core\src\main\java\jenkins\util\SystemProperties.java","144","13","144","60","0","0","0","0","0","0","0","0","0","0","0","0","0","0","0","0","0","0","0","0","0","0","0","0"
"L81996","snapshot","jenkins.util.SystemProperties$AgentCopier$CopySystemProperties.snapshot;Ljava/util/Map;","L81990","L103","C:\GIT\pris2\SourceMeter\Guille\jenkins-jenkins-2.328\core\src\main\java\jenkins\util\SystemProperties.java","145","13","145","56","0","0","0","0","0","0","0","0","0","0","0","0","0","0","0","0","0","0","0","0","0","0","0","0"
"L82004","snapshot","jenkins.util.SystemProperties$AgentCopier$CopiedHandler.snapshot;Ljava/util/Map;","L81999","L103","C:\GIT\pris2\SourceMeter\Guille\jenkins-jenkins-2.328\core\src\main\java\jenkins\util\SystemProperties.java","164","13","164","56","0","0","0","0","0","0","0","0","0","0","0","0","0","0","0","0","0","0","0","0","0","0","0","0"
"L82862","pointers","jenkins.util.xstream.XStreamDOM$ReaderImpl.pointers;Ljava/util/Stack;","L82807","L103","C:\GIT\pris2\SourceMeter\Guille\jenkins-jenkins-2.328\core\src\main\java\jenkins\util\xstream\XStreamDOM.java","324","9","324","63","0","0","0","0","0","0","0","0","0","0","0","0","0","0","0","0","0","0","0","0","0","0","0","0"
"L82912","pendings","jenkins.util.xstream.XStreamDOM$WriterImpl.pendings;Ljava/util/Stack;","L82814","L103","C:\GIT\pris2\SourceMeter\Guille\jenkins-jenkins-2.328\core\src\main\java\jenkins\util\xstream\XStreamDOM.java","444","9","444","63","0","0","0","0","0","0","0","0","0","0","0","0","0","0","0","0","0","0","0","0","0","0","0","0"
"L82962","bar","jenkins.util.xstream.XStreamDOMTest$Foo.bar;Ljenkins/util/xstream/XStreamDOM;","L82960","L103","C:\GIT\pris2\SourceMeter\Guille\jenkins-jenkins-2.328\core\src\test\java\jenkins\util\xstream\XStreamDOMTest.java","57","9","57","24","0","0","0","0","0","0","0","0","0","0","0","0","0","0","0","0","0","0","0","0","0","0","0","0"
"L82963","zot","jenkins.util.xstream.XStreamDOMTest$Foo.zot;Ljenkins/util/xstream/XStreamDOM;","L82960","L103","C:\GIT\pris2\SourceMeter\Guille\jenkins-jenkins-2.328\core\src\test\java\jenkins\util\xstream\XStreamDOMTest.java","58","9","58","24","0","0","0","0","0","0","0","0","0","0","0","0","0","0","0","0","0","0","0","0","0","0","0","0"
"L82998","values","jenkins.util.xstream.XStreamDOMTest$DomInMap.values;Ljava/util/Map;","L82996","L103","C:\GIT\pris2\SourceMeter\Guille\jenkins-jenkins-2.328\core\src\test\java\jenkins\util\xstream\XStreamDOMTest.java","136","9","136","58","0","0","0","0","0","0","0","0","0","0","0","0","0","0","0","0","0","0","0","0","0","0","0","0"
"L84181","alpha","jenkins.bugs.Jenkins19124Test$Foo$DescriptorImpl.alpha;Ljava/lang/String;","L84170","L103","C:\GIT\pris2\SourceMeter\Guille\jenkins-jenkins-2.328\test\src\test\java\jenkins\bugs\Jenkins19124Test.java","78","13","78","26","0","0","0","0","0","0","0","0","0","0","0","0","0","0","0","0","0","0","0","0","0","0","0","0"
"L84183","bravo","jenkins.bugs.Jenkins19124Test$Foo$DescriptorImpl.bravo;Ljava/lang/String;","L84170","L103","C:\GIT\pris2\SourceMeter\Guille\jenkins-jenkins-2.328\test\src\test\java\jenkins\bugs\Jenkins19124Test.java","78","13","78","33","0","0","0","0","0","0","0","0","0","0","0","0","0","0","0","0","0","0","0","0","0","0","0","0"
"L70187","referent","jenkins.model.lazy.BuildReference$DefaultHolderFactory$StrongHolder.referent;Ljava/lang/Object;","L70169","L103","C:\GIT\pris2\SourceMeter\Guille\jenkins-jenkins-2.328\core\src\main\java\jenkins\model\lazy\BuildReference.java","177","13","177","38","0","0","0","0","0","0","0","0","0","0","0","0","0","0","0","0","0","0","0","0","0","0","0","0"
"L70552","last","jenkins.model.lazy.LazyLoadRunMapEntrySet$1.last;Ljava/lang/Object;","L70551","L103","C:\GIT\pris2\SourceMeter\Guille\jenkins-jenkins-2.328\core\src\main\java\jenkins\model\lazy\LazyLoadRunMapEntrySet.java","65","13","65","27","0","0","0","0","0","0","0","0","0","0","0","0","0","0","0","0","0","0","0","0","0","0","0","0"
"L70553","next","jenkins.model.lazy.LazyLoadRunMapEntrySet$1.next;Ljava/lang/Object;","L70551","L103","C:\GIT\pris2\SourceMeter\Guille\jenkins-jenkins-2.328\core\src\main\java\jenkins\model\lazy\LazyLoadRunMapEntrySet.java","66","13","66","42","0","0","0","0","0","0","0","0","0","0","0","0","0","0","0","0","0","0","0","0","0","0","0","0"
"L69777","it","jenkins.model.lazy.AbstractLazyLoadRunMap$1$1.it;Ljava/util/Iterator;","L69776","L103","C:\GIT\pris2\SourceMeter\Guille\jenkins-jenkins-2.328\core\src\main\java\jenkins\model\lazy\AbstractLazyLoadRunMap.java","121","25","121","94","0","0","0","0","0","0","0","0","0","0","0","0","0","0","0","0","0","0","0","0","0","0","0","0"
"L69805","it","jenkins.model.lazy.AbstractLazyLoadRunMap$1$2.it;Ljava/util/Iterator;","L69800","L103","C:\GIT\pris2\SourceMeter\Guille\jenkins-jenkins-2.328\core\src\main\java\jenkins\model\lazy\AbstractLazyLoadRunMap.java","145","25","145","73","0","0","0","0","0","0","0","0","0","0","0","0","0","0","0","0","0","0","0","0","0","0","0","0"
"L69838","it","jenkins.model.lazy.AbstractLazyLoadRunMap$2$1.it;Ljava/util/Iterator;","L69837","L103","C:\GIT\pris2\SourceMeter\Guille\jenkins-jenkins-2.328\core\src\main\java\jenkins\model\lazy\AbstractLazyLoadRunMap.java","199","25","199","94","0","0","0","0","0","0","0","0","0","0","0","0","0","0","0","0","0","0","0","0","0","0","0","0"
"L73605","item","jenkins.org.apache.commons.validator.ResultPair.item;Ljava/lang/String;","L73609","L103","C:\GIT\pris2\SourceMeter\Guille\jenkins-jenkins-2.328\core\src\test\java\jenkins\org\apache\commons\validator\ResultPair.java","26","7","26","32","0","0","0","0","0","0","0","0","0","0","0","0","0","0","0","0","0","0","0","0","0","0","0","0"
"L73607","valid","jenkins.org.apache.commons.validator.ResultPair.valid;Z","L73609","L103","C:\GIT\pris2\SourceMeter\Guille\jenkins-jenkins-2.328\core\src\test\java\jenkins\org\apache\commons\validator\ResultPair.java","27","7","27","34","0","0","0","0","0","0","0","0","0","0","0","0","0","0","0","0","0","0","0","0","0","0","0","0"
"L72892","MAX_DOMAIN_LENGTH","jenkins.org.apache.commons.validator.routines.DomainValidator.MAX_DOMAIN_LENGTH;I","L72889","L103","C:\GIT\pris2\SourceMeter\Guille\jenkins-jenkins-2.328\core\src\main\java\jenkins\org\apache\commons\validator\routines\DomainValidator.java","76","5","76","54","0","0","0","0","0","0","0","0","0","0","0","0","0","0","0","0","0","0","0","0","0","0","0","0"
"L72894","serialVersionUID","jenkins.org.apache.commons.validator.routines.DomainValidator.serialVersionUID;J","L72889","L103","C:\GIT\pris2\SourceMeter\Guille\jenkins-jenkins-2.328\core\src\main\java\jenkins\org\apache\commons\validator\routines\DomainValidator.java","78","5","78","72","0","0","0","0","0","0","0","0","0","0","0","0","0","0","0","0","0","0","0","0","0","0","0","0"
"L72895","DOMAIN_LABEL_REGEX","jenkins.org.apache.commons.validator.routines.DomainValidator.DOMAIN_LABEL_REGEX;Ljava/lang/String;","L72889","L103","C:\GIT\pris2\SourceMeter\Guille\jenkins-jenkins-2.328\core\src\main\java\jenkins\org\apache\commons\validator\routines\DomainValidator.java","84","5","84","101","0","0","0","0","0","0","0","0","0","0","0","0","0","0","0","0","0","0","0","0","0","0","0","0"
"L72899","TOP_LABEL_REGEX","jenkins.org.apache.commons.validator.routines.DomainValidator.TOP_LABEL_REGEX;Ljava/lang/String;","L72889","L103","C:\GIT\pris2\SourceMeter\Guille\jenkins-jenkins-2.328\core\src\main\java\jenkins\org\apache\commons\validator\routines\DomainValidator.java","88","5","88","98","0","0","0","0","0","0","0","0","0","0","0","0","0","0","0","0","0","0","0","0","0","0","0","0"
"L72902","DOMAIN_NAME_REGEX","jenkins.org.apache.commons.validator.routines.DomainValidator.DOMAIN_NAME_REGEX;Ljava/lang/String;","L72889","L103","C:\GIT\pris2\SourceMeter\Guille\jenkins-jenkins-2.328\core\src\main\java\jenkins\org\apache\commons\validator\routines\DomainValidator.java","95","5","96","86","0","0","0","0","0","0","0","0","0","0","0","0","0","0","0","0","0","0","0","0","0","0","0","0"
"L72910","UNEXPECTED_ENUM_VALUE","jenkins.org.apache.commons.validator.routines.DomainValidator.UNEXPECTED_ENUM_VALUE;Ljava/lang/String;","L72889","L103","C:\GIT\pris2\SourceMeter\Guille\jenkins-jenkins-2.328\core\src\main\java\jenkins\org\apache\commons\validator\routines\DomainValidator.java","98","5","98","83","0","0","0","0","0","0","0","0","0","0","0","0","0","0","0","0","0","0","0","0","0","0","0","0"
"L72911","allowLocal","jenkins.org.apache.commons.validator.routines.DomainValidator.allowLocal;Z","L72889","L103","C:\GIT\pris2\SourceMeter\Guille\jenkins-jenkins-2.328\core\src\main\java\jenkins\org\apache\commons\validator\routines\DomainValidator.java","100","5","100","38","0","0","0","0","0","0","0","0","0","0","0","0","0","0","0","0","0","0","0","0","0","0","0","0"
"L72920","domainRegex","jenkins.org.apache.commons.validator.routines.DomainValidator.domainRegex;Ljenkins/org/apache/commons/validator/routines/RegexValidator;","L72889","L103","C:\GIT\pris2\SourceMeter\Guille\jenkins-jenkins-2.328\core\src\main\java\jenkins\org\apache\commons\validator\routines\DomainValidator.java","126","5","127","51","0","0","0","0","0","0","0","0","0","0","0","0","0","0","0","0","0","0","0","0","0","0","0","0"
"L72927","hostnameRegex","jenkins.org.apache.commons.validator.routines.DomainValidator.hostnameRegex;Ljenkins/org/apache/commons/validator/routines/RegexValidator;","L72889","L103","C:\GIT\pris2\SourceMeter\Guille\jenkins-jenkins-2.328\core\src\main\java\jenkins\org\apache\commons\validator\routines\DomainValidator.java","132","5","133","52","0","0","0","0","0","0","0","0","0","0","0","0","0","0","0","0","0","0","0","0","0","0","0","0"
"L72951","mycountryCodeTLDsMinus","jenkins.org.apache.commons.validator.routines.DomainValidator.mycountryCodeTLDsMinus;[Ljava/lang/String;","L72889","L103","C:\GIT\pris2\SourceMeter\Guille\jenkins-jenkins-2.328\core\src\main\java\jenkins\org\apache\commons\validator\routines\DomainValidator.java","179","5","179","43","0","0","0","0","0","0","0","0","0","0","0","0","0","0","0","0","0","0","0","0","0","0","0","0"
"L72953","mycountryCodeTLDsPlus","jenkins.org.apache.commons.validator.routines.DomainValidator.mycountryCodeTLDsPlus;[Ljava/lang/String;","L72889","L103","C:\GIT\pris2\SourceMeter\Guille\jenkins-jenkins-2.328\core\src\main\java\jenkins\org\apache\commons\validator\routines\DomainValidator.java","180","5","180","42","0","0","0","0","0","0","0","0","0","0","0","0","0","0","0","0","0","0","0","0","0","0","0","0"
"L72954","mygenericTLDsPlus","jenkins.org.apache.commons.validator.routines.DomainValidator.mygenericTLDsPlus;[Ljava/lang/String;","L72889","L103","C:\GIT\pris2\SourceMeter\Guille\jenkins-jenkins-2.328\core\src\main\java\jenkins\org\apache\commons\validator\routines\DomainValidator.java","181","5","181","38","0","0","0","0","0","0","0","0","0","0","0","0","0","0","0","0","0","0","0","0","0","0","0","0"
"L72955","mygenericTLDsMinus","jenkins.org.apache.commons.validator.routines.DomainValidator.mygenericTLDsMinus;[Ljava/lang/String;","L72889","L103","C:\GIT\pris2\SourceMeter\Guille\jenkins-jenkins-2.328\core\src\main\java\jenkins\org\apache\commons\validator\routines\DomainValidator.java","182","5","182","39","0","0","0","0","0","0","0","0","0","0","0","0","0","0","0","0","0","0","0","0","0","0","0","0"
"L72956","mylocalTLDsPlus","jenkins.org.apache.commons.validator.routines.DomainValidator.mylocalTLDsPlus;[Ljava/lang/String;","L72889","L103","C:\GIT\pris2\SourceMeter\Guille\jenkins-jenkins-2.328\core\src\main\java\jenkins\org\apache\commons\validator\routines\DomainValidator.java","183","5","183","36","0","0","0","0","0","0","0","0","0","0","0","0","0","0","0","0","0","0","0","0","0","0","0","0"
"L72957","mylocalTLDsMinus","jenkins.org.apache.commons.validator.routines.DomainValidator.mylocalTLDsMinus;[Ljava/lang/String;","L72889","L103","C:\GIT\pris2\SourceMeter\Guille\jenkins-jenkins-2.328\core\src\main\java\jenkins\org\apache\commons\validator\routines\DomainValidator.java","184","5","184","37","0","0","0","0","0","0","0","0","0","0","0","0","0","0","0","0","0","0","0","0","0","0","0","0"
"L73038","INFRASTRUCTURE_TLDS","jenkins.org.apache.commons.validator.routines.DomainValidator.INFRASTRUCTURE_TLDS;[Ljava/lang/String;","L72889","L103","C:\GIT\pris2\SourceMeter\Guille\jenkins-jenkins-2.328\core\src\main\java\jenkins\org\apache\commons\validator\routines\DomainValidator.java","420","5","422","7","0","0","0","0","0","0","0","0","0","0","0","0","0","0","0","0","0","0","0","0","0","0","0","0"
"L73042","GENERIC_TLDS","jenkins.org.apache.commons.validator.routines.DomainValidator.GENERIC_TLDS;[Ljava/lang/String;","L72889","L103","C:\GIT\pris2\SourceMeter\Guille\jenkins-jenkins-2.328\core\src\main\java\jenkins\org\apache\commons\validator\routines\DomainValidator.java","425","5","1688","7","0","0","0","0","0","0","0","0","0","0","0","0","0","0","0","0","0","0","0","0","0","0","0","0"
"L73046","COUNTRY_CODE_TLDS","jenkins.org.apache.commons.validator.routines.DomainValidator.COUNTRY_CODE_TLDS;[Ljava/lang/String;","L72889","L103","C:\GIT\pris2\SourceMeter\Guille\jenkins-jenkins-2.328\core\src\main\java\jenkins\org\apache\commons\validator\routines\DomainValidator.java","1691","5","2002","7","0","0","0","0","0","0","0","0","0","0","0","0","0","0","0","0","0","0","0","0","0","0","0","0"
"L73050","LOCAL_TLDS","jenkins.org.apache.commons.validator.routines.DomainValidator.LOCAL_TLDS;[Ljava/lang/String;","L72889","L103","C:\GIT\pris2\SourceMeter\Guille\jenkins-jenkins-2.328\core\src\main\java\jenkins\org\apache\commons\validator\routines\DomainValidator.java","2005","5","2008","7","0","0","0","0","0","0","0","0","0","0","0","0","0","0","0","0","0","0","0","0","0","0","0","0"
"L72932","inUse","jenkins.org.apache.commons.validator.routines.DomainValidator.inUse;Z","L72889","L103","C:\GIT\pris2\SourceMeter\Guille\jenkins-jenkins-2.328\core\src\main\java\jenkins\org\apache\commons\validator\routines\DomainValidator.java","2019","5","2019","42","0","0","0","0","0","0","0","0","0","0","0","0","0","0","0","0","0","0","0","0","0","0","0","0"
"L72971","countryCodeTLDsPlus","jenkins.org.apache.commons.validator.routines.DomainValidator.countryCodeTLDsPlus;[Ljava/lang/String;","L72889","L103","C:\GIT\pris2\SourceMeter\Guille\jenkins-jenkins-2.328\core\src\main\java\jenkins\org\apache\commons\validator\routines\DomainValidator.java","2028","5","2028","90","0","0","0","0","0","0","0","0","0","0","0","0","0","0","0","0","0","0","0","0","0","0","0","0"
"L72974","genericTLDsPlus","jenkins.org.apache.commons.validator.routines.DomainValidator.genericTLDsPlus;[Ljava/lang/String;","L72889","L103","C:\GIT\pris2\SourceMeter\Guille\jenkins-jenkins-2.328\core\src\main\java\jenkins\org\apache\commons\validator\routines\DomainValidator.java","2031","5","2031","86","0","0","0","0","0","0","0","0","0","0","0","0","0","0","0","0","0","0","0","0","0","0","0","0"
"L72968","countryCodeTLDsMinus","jenkins.org.apache.commons.validator.routines.DomainValidator.countryCodeTLDsMinus;[Ljava/lang/String;","L72889","L103","C:\GIT\pris2\SourceMeter\Guille\jenkins-jenkins-2.328\core\src\main\java\jenkins\org\apache\commons\validator\routines\DomainValidator.java","2034","5","2034","91","0","0","0","0","0","0","0","0","0","0","0","0","0","0","0","0","0","0","0","0","0","0","0","0"
"L72977","genericTLDsMinus","jenkins.org.apache.commons.validator.routines.DomainValidator.genericTLDsMinus;[Ljava/lang/String;","L72889","L103","C:\GIT\pris2\SourceMeter\Guille\jenkins-jenkins-2.328\core\src\main\java\jenkins\org\apache\commons\validator\routines\DomainValidator.java","2037","5","2037","87","0","0","0","0","0","0","0","0","0","0","0","0","0","0","0","0","0","0","0","0","0","0","0","0"
"L72983","localTLDsMinus","jenkins.org.apache.commons.validator.routines.DomainValidator.localTLDsMinus;[Ljava/lang/String;","L72889","L103","C:\GIT\pris2\SourceMeter\Guille\jenkins-jenkins-2.328\core\src\main\java\jenkins\org\apache\commons\validator\routines\DomainValidator.java","2040","5","2040","85","0","0","0","0","0","0","0","0","0","0","0","0","0","0","0","0","0","0","0","0","0","0","0","0"
"L72980","localTLDsPlus","jenkins.org.apache.commons.validator.routines.DomainValidator.localTLDsPlus;[Ljava/lang/String;","L72889","L103","C:\GIT\pris2\SourceMeter\Guille\jenkins-jenkins-2.328\core\src\main\java\jenkins\org\apache\commons\validator\routines\DomainValidator.java","2043","5","2043","84","0","0","0","0","0","0","0","0","0","0","0","0","0","0","0","0","0","0","0","0","0","0","0","0"
"L73152","IPV4_MAX_OCTET_VALUE","jenkins.org.apache.commons.validator.routines.InetAddressValidator.IPV4_MAX_OCTET_VALUE;I","L73148","L103","C:\GIT\pris2\SourceMeter\Guille\jenkins-jenkins-2.328\core\src\main\java\jenkins\org\apache\commons\validator\routines\InetAddressValidator.java","45","5","45","57","0","0","0","0","0","0","0","0","0","0","0","0","0","0","0","0","0","0","0","0","0","0","0","0"
"L73153","MAX_UNSIGNED_SHORT","jenkins.org.apache.commons.validator.routines.InetAddressValidator.MAX_UNSIGNED_SHORT;I","L73148","L103","C:\GIT\pris2\SourceMeter\Guille\jenkins-jenkins-2.328\core\src\main\java\jenkins\org\apache\commons\validator\routines\InetAddressValidator.java","47","5","47","58","0","0","0","0","0","0","0","0","0","0","0","0","0","0","0","0","0","0","0","0","0","0","0","0"
"L73154","BASE_16","jenkins.org.apache.commons.validator.routines.InetAddressValidator.BASE_16;I","L73148","L103","C:\GIT\pris2\SourceMeter\Guille\jenkins-jenkins-2.328\core\src\main\java\jenkins\org\apache\commons\validator\routines\InetAddressValidator.java","49","5","49","43","0","0","0","0","0","0","0","0","0","0","0","0","0","0","0","0","0","0","0","0","0","0","0","0"
"L73155","serialVersionUID","jenkins.org.apache.commons.validator.routines.InetAddressValidator.serialVersionUID;J","L73148","L103","C:\GIT\pris2\SourceMeter\Guille\jenkins-jenkins-2.328\core\src\main\java\jenkins\org\apache\commons\validator\routines\InetAddressValidator.java","51","5","51","71","0","0","0","0","0","0","0","0","0","0","0","0","0","0","0","0","0","0","0","0","0","0","0","0"
"L73156","IPV4_REGEX","jenkins.org.apache.commons.validator.routines.InetAddressValidator.IPV4_REGEX;Ljava/lang/String;","L73148","L103","C:\GIT\pris2\SourceMeter\Guille\jenkins-jenkins-2.328\core\src\main\java\jenkins\org\apache\commons\validator\routines\InetAddressValidator.java","53","5","54","67","0","0","0","0","0","0","0","0","0","0","0","0","0","0","0","0","0","0","0","0","0","0","0","0"
"L73157","IPV6_MAX_HEX_GROUPS","jenkins.org.apache.commons.validator.routines.InetAddressValidator.IPV6_MAX_HEX_GROUPS;I","L73148","L103","C:\GIT\pris2\SourceMeter\Guille\jenkins-jenkins-2.328\core\src\main\java\jenkins\org\apache\commons\validator\routines\InetAddressValidator.java","57","5","57","54","0","0","0","0","0","0","0","0","0","0","0","0","0","0","0","0","0","0","0","0","0","0","0","0"
"L73159","IPV6_MAX_HEX_DIGITS_PER_GROUP","jenkins.org.apache.commons.validator.routines.InetAddressValidator.IPV6_MAX_HEX_DIGITS_PER_GROUP;I","L73148","L103","C:\GIT\pris2\SourceMeter\Guille\jenkins-jenkins-2.328\core\src\main\java\jenkins\org\apache\commons\validator\routines\InetAddressValidator.java","60","5","60","64","0","0","0","0","0","0","0","0","0","0","0","0","0","0","0","0","0","0","0","0","0","0","0","0"
"L73161","VALIDATOR","jenkins.org.apache.commons.validator.routines.InetAddressValidator.VALIDATOR;Ljenkins/org/apache/commons/validator/routines/InetAddressValidator;","L73148","L103","C:\GIT\pris2\SourceMeter\Guille\jenkins-jenkins-2.328\core\src\main\java\jenkins\org\apache\commons\validator\routines\InetAddressValidator.java","65","5","65","86","0","0","0","0","0","0","0","0","0","0","0","0","0","0","0","0","0","0","0","0","0","0","0","0"
"L73165","ipv4Validator","jenkins.org.apache.commons.validator.routines.InetAddressValidator.ipv4Validator;Ljenkins/org/apache/commons/validator/routines/RegexValidator;","L73148","L103","C:\GIT\pris2\SourceMeter\Guille\jenkins-jenkins-2.328\core\src\main\java\jenkins\org\apache\commons\validator\routines\InetAddressValidator.java","68","5","68","81","0","0","0","0","0","0","0","0","0","0","0","0","0","0","0","0","0","0","0","0","0","0","0","0"
"L73192","serialVersionUID","jenkins.org.apache.commons.validator.routines.RegexValidator.serialVersionUID;J","L72923","L103","C:\GIT\pris2\SourceMeter\Guille\jenkins-jenkins-2.328\core\src\main\java\jenkins\org\apache\commons\validator\routines\RegexValidator.java","79","5","79","72","0","0","0","0","0","0","0","0","0","0","0","0","0","0","0","0","0","0","0","0","0","0","0","0"
"L73193","patterns","jenkins.org.apache.commons.validator.routines.RegexValidator.patterns;[Ljava/util/regex/Pattern;","L72923","L103","C:\GIT\pris2\SourceMeter\Guille\jenkins-jenkins-2.328\core\src\main\java\jenkins\org\apache\commons\validator\routines\RegexValidator.java","81","5","81","38","0","0","0","0","0","0","0","0","0","0","0","0","0","0","0","0","0","0","0","0","0","0","0","0"
"L73230","serialVersionUID","jenkins.org.apache.commons.validator.routines.UrlValidator.serialVersionUID;J","L73227","L103","C:\GIT\pris2\SourceMeter\Guille\jenkins-jenkins-2.328\core\src\main\java\jenkins\org\apache\commons\validator\routines\UrlValidator.java","86","5","86","71","0","0","0","0","0","0","0","0","0","0","0","0","0","0","0","0","0","0","0","0","0","0","0","0"
"L73231","MAX_UNSIGNED_16_BIT_INT","jenkins.org.apache.commons.validator.routines.UrlValidator.MAX_UNSIGNED_16_BIT_INT;I","L73227","L103","C:\GIT\pris2\SourceMeter\Guille\jenkins-jenkins-2.328\core\src\main\java\jenkins\org\apache\commons\validator\routines\UrlValidator.java","88","5","88","63","0","0","0","0","0","0","0","0","0","0","0","0","0","0","0","0","0","0","0","0","0","0","0","0"
"L73232","ALLOW_ALL_SCHEMES","jenkins.org.apache.commons.validator.routines.UrlValidator.ALLOW_ALL_SCHEMES;J","L73227","L103","C:\GIT\pris2\SourceMeter\Guille\jenkins-jenkins-2.328\core\src\main\java\jenkins\org\apache\commons\validator\routines\UrlValidator.java","94","5","94","57","0","0","0","0","0","0","0","0","0","0","0","0","0","0","0","0","0","0","0","0","0","0","0","0"
"L73234","ALLOW_2_SLASHES","jenkins.org.apache.commons.validator.routines.UrlValidator.ALLOW_2_SLASHES;J","L73227","L103","C:\GIT\pris2\SourceMeter\Guille\jenkins-jenkins-2.328\core\src\main\java\jenkins\org\apache\commons\validator\routines\UrlValidator.java","99","5","99","55","0","0","0","0","0","0","0","0","0","0","0","0","0","0","0","0","0","0","0","0","0","0","0","0"
"L73236","NO_FRAGMENTS","jenkins.org.apache.commons.validator.routines.UrlValidator.NO_FRAGMENTS;J","L73227","L103","C:\GIT\pris2\SourceMeter\Guille\jenkins-jenkins-2.328\core\src\main\java\jenkins\org\apache\commons\validator\routines\UrlValidator.java","104","5","104","52","0","0","0","0","0","0","0","0","0","0","0","0","0","0","0","0","0","0","0","0","0","0","0","0"
"L73238","ALLOW_LOCAL_URLS","jenkins.org.apache.commons.validator.routines.UrlValidator.ALLOW_LOCAL_URLS;J","L73227","L103","C:\GIT\pris2\SourceMeter\Guille\jenkins-jenkins-2.328\core\src\main\java\jenkins\org\apache\commons\validator\routines\UrlValidator.java","112","5","112","56","0","0","0","0","0","0","0","0","0","0","0","0","0","0","0","0","0","0","0","0","0","0","0","0"
"L73240","SCHEME_REGEX","jenkins.org.apache.commons.validator.routines.UrlValidator.SCHEME_REGEX;Ljava/lang/String;","L73227","L103","C:\GIT\pris2\SourceMeter\Guille\jenkins-jenkins-2.328\core\src\main\java\jenkins\org\apache\commons\validator\routines\UrlValidator.java","117","5","117","84","0","0","0","0","0","0","0","0","0","0","0","0","0","0","0","0","0","0","0","0","0","0","0","0"
"L73242","SCHEME_PATTERN","jenkins.org.apache.commons.validator.routines.UrlValidator.SCHEME_PATTERN;Ljava/util/regex/Pattern;","L73227","L103","C:\GIT\pris2\SourceMeter\Guille\jenkins-jenkins-2.328\core\src\main\java\jenkins\org\apache\commons\validator\routines\UrlValidator.java","118","5","118","81","0","0","0","0","0","0","0","0","0","0","0","0","0","0","0","0","0","0","0","0","0","0","0","0"
"L73244","AUTHORITY_CHARS_REGEX","jenkins.org.apache.commons.validator.routines.UrlValidator.AUTHORITY_CHARS_REGEX;Ljava/lang/String;","L73227","L103","C:\GIT\pris2\SourceMeter\Guille\jenkins-jenkins-2.328\core\src\main\java\jenkins\org\apache\commons\validator\routines\UrlValidator.java","123","5","123","76","0","0","0","0","0","0","0","0","0","0","0","0","0","0","0","0","0","0","0","0","0","0","0","0"
"L73248","IPV6_REGEX","jenkins.org.apache.commons.validator.routines.UrlValidator.IPV6_REGEX;Ljava/lang/String;","L73227","L103","C:\GIT\pris2\SourceMeter\Guille\jenkins-jenkins-2.328\core\src\main\java\jenkins\org\apache\commons\validator\routines\UrlValidator.java","125","5","125","96","0","0","0","0","0","0","0","0","0","0","0","0","0","0","0","0","0","0","0","0","0","0","0","0"
"L73250","USERINFO_CHARS_REGEX","jenkins.org.apache.commons.validator.routines.UrlValidator.USERINFO_CHARS_REGEX;Ljava/lang/String;","L73227","L103","C:\GIT\pris2\SourceMeter\Guille\jenkins-jenkins-2.328\core\src\main\java\jenkins\org\apache\commons\validator\routines\UrlValidator.java","131","5","131","86","0","0","0","0","0","0","0","0","0","0","0","0","0","0","0","0","0","0","0","0","0","0","0","0"
"L73255","USERINFO_FIELD_REGEX","jenkins.org.apache.commons.validator.routines.UrlValidator.USERINFO_FIELD_REGEX;Ljava/lang/String;","L73227","L103","C:\GIT\pris2\SourceMeter\Guille\jenkins-jenkins-2.328\core\src\main\java\jenkins\org\apache\commons\validator\routines\UrlValidator.java","133","5","135","60","0","0","0","0","0","0","0","0","0","0","0","0","0","0","0","0","0","0","0","0","0","0","0","0"
"L73258","AUTHORITY_REGEX","jenkins.org.apache.commons.validator.routines.UrlValidator.AUTHORITY_REGEX;Ljava/lang/String;","L73227","L103","C:\GIT\pris2\SourceMeter\Guille\jenkins-jenkins-2.328\core\src\main\java\jenkins\org\apache\commons\validator\routines\UrlValidator.java","136","5","137","135","0","0","0","0","0","0","0","0","0","0","0","0","0","0","0","0","0","0","0","0","0","0","0","0"
"L73262","AUTHORITY_PATTERN","jenkins.org.apache.commons.validator.routines.UrlValidator.AUTHORITY_PATTERN;Ljava/util/regex/Pattern;","L73227","L103","C:\GIT\pris2\SourceMeter\Guille\jenkins-jenkins-2.328\core\src\main\java\jenkins\org\apache\commons\validator\routines\UrlValidator.java","139","5","139","87","0","0","0","0","0","0","0","0","0","0","0","0","0","0","0","0","0","0","0","0","0","0","0","0"
"L73265","PARSE_AUTHORITY_IPV6","jenkins.org.apache.commons.validator.routines.UrlValidator.PARSE_AUTHORITY_IPV6;I","L73227","L103","C:\GIT\pris2\SourceMeter\Guille\jenkins-jenkins-2.328\core\src\main\java\jenkins\org\apache\commons\validator\routines\UrlValidator.java","141","5","141","55","0","0","0","0","0","0","0","0","0","0","0","0","0","0","0","0","0","0","0","0","0","0","0","0"
"L73266","PARSE_AUTHORITY_HOST_IP","jenkins.org.apache.commons.validator.routines.UrlValidator.PARSE_AUTHORITY_HOST_IP;I","L73227","L103","C:\GIT\pris2\SourceMeter\Guille\jenkins-jenkins-2.328\core\src\main\java\jenkins\org\apache\commons\validator\routines\UrlValidator.java","143","5","143","58","0","0","0","0","0","0","0","0","0","0","0","0","0","0","0","0","0","0","0","0","0","0","0","0"
"L73267","PARSE_AUTHORITY_PORT","jenkins.org.apache.commons.validator.routines.UrlValidator.PARSE_AUTHORITY_PORT;I","L73227","L103","C:\GIT\pris2\SourceMeter\Guille\jenkins-jenkins-2.328\core\src\main\java\jenkins\org\apache\commons\validator\routines\UrlValidator.java","145","5","145","55","0","0","0","0","0","0","0","0","0","0","0","0","0","0","0","0","0","0","0","0","0","0","0","0"
"L73268","PARSE_AUTHORITY_EXTRA","jenkins.org.apache.commons.validator.routines.UrlValidator.PARSE_AUTHORITY_EXTRA;I","L73227","L103","C:\GIT\pris2\SourceMeter\Guille\jenkins-jenkins-2.328\core\src\main\java\jenkins\org\apache\commons\validator\routines\UrlValidator.java","150","5","150","56","0","0","0","0","0","0","0","0","0","0","0","0","0","0","0","0","0","0","0","0","0","0","0","0"
"L73270","PATH_REGEX","jenkins.org.apache.commons.validator.routines.UrlValidator.PATH_REGEX;Ljava/lang/String;","L73227","L103","C:\GIT\pris2\SourceMeter\Guille\jenkins-jenkins-2.328\core\src\main\java\jenkins\org\apache\commons\validator\routines\UrlValidator.java","152","5","152","85","0","0","0","0","0","0","0","0","0","0","0","0","0","0","0","0","0","0","0","0","0","0","0","0"
"L73271","PATH_PATTERN","jenkins.org.apache.commons.validator.routines.UrlValidator.PATH_PATTERN;Ljava/util/regex/Pattern;","L73227","L103","C:\GIT\pris2\SourceMeter\Guille\jenkins-jenkins-2.328\core\src\main\java\jenkins\org\apache\commons\validator\routines\UrlValidator.java","153","5","153","77","0","0","0","0","0","0","0","0","0","0","0","0","0","0","0","0","0","0","0","0","0","0","0","0"
"L73273","QUERY_REGEX","jenkins.org.apache.commons.validator.routines.UrlValidator.QUERY_REGEX;Ljava/lang/String;","L73227","L103","C:\GIT\pris2\SourceMeter\Guille\jenkins-jenkins-2.328\core\src\main\java\jenkins\org\apache\commons\validator\routines\UrlValidator.java","155","5","155","58","0","0","0","0","0","0","0","0","0","0","0","0","0","0","0","0","0","0","0","0","0","0","0","0"
"L73274","QUERY_PATTERN","jenkins.org.apache.commons.validator.routines.UrlValidator.QUERY_PATTERN;Ljava/util/regex/Pattern;","L73227","L103","C:\GIT\pris2\SourceMeter\Guille\jenkins-jenkins-2.328\core\src\main\java\jenkins\org\apache\commons\validator\routines\UrlValidator.java","156","5","156","79","0","0","0","0","0","0","0","0","0","0","0","0","0","0","0","0","0","0","0","0","0","0","0","0"
"L73276","options","jenkins.org.apache.commons.validator.routines.UrlValidator.options;J","L73227","L103","C:\GIT\pris2\SourceMeter\Guille\jenkins-jenkins-2.328\core\src\main\java\jenkins\org\apache\commons\validator\routines\UrlValidator.java","161","5","161","32","0","0","0","0","0","0","0","0","0","0","0","0","0","0","0","0","0","0","0","0","0","0","0","0"
"L73278","allowedSchemes","jenkins.org.apache.commons.validator.routines.UrlValidator.allowedSchemes;Ljava/util/Set;","L73227","L103","C:\GIT\pris2\SourceMeter\Guille\jenkins-jenkins-2.328\core\src\main\java\jenkins\org\apache\commons\validator\routines\UrlValidator.java","166","5","166","46","0","0","0","0","0","0","0","0","0","0","0","0","0","0","0","0","0","0","0","0","0","0","0","0"
"L73280","authorityValidator","jenkins.org.apache.commons.validator.routines.UrlValidator.authorityValidator;Ljenkins/org/apache/commons/validator/routines/RegexValidator;","L73227","L103","C:\GIT\pris2\SourceMeter\Guille\jenkins-jenkins-2.328\core\src\main\java\jenkins\org\apache\commons\validator\routines\UrlValidator.java","172","5","172","53","0","0","0","0","0","0","0","0","0","0","0","0","0","0","0","0","0","0","0","0","0","0","0","0"
"L73282","DEFAULT_SCHEMES","jenkins.org.apache.commons.validator.routines.UrlValidator.DEFAULT_SCHEMES;[Ljava/lang/String;","L73227","L103","C:\GIT\pris2\SourceMeter\Guille\jenkins-jenkins-2.328\core\src\main\java\jenkins\org\apache\commons\validator\routines\UrlValidator.java","177","5","177","78","0","0","0","0","0","0","0","0","0","0","0","0","0","0","0","0","0","0","0","0","0","0","0","0"
"L73284","DEFAULT_URL_VALIDATOR","jenkins.org.apache.commons.validator.routines.UrlValidator.DEFAULT_URL_VALIDATOR;Ljenkins/org/apache/commons/validator/routines/UrlValidator;","L73227","L103","C:\GIT\pris2\SourceMeter\Guille\jenkins-jenkins-2.328\core\src\main\java\jenkins\org\apache\commons\validator\routines\UrlValidator.java","182","5","182","82","0","0","0","0","0","0","0","0","0","0","0","0","0","0","0","0","0","0","0","0","0","0","0","0"
"L73291","domainValidator","jenkins.org.apache.commons.validator.routines.UrlValidator.domainValidator;Ljenkins/org/apache/commons/validator/routines/DomainValidator;","L73227","L103","C:\GIT\pris2\SourceMeter\Guille\jenkins-jenkins-2.328\core\src\main\java\jenkins\org\apache\commons\validator\routines\UrlValidator.java","192","5","192","51","0","0","0","0","0","0","0","0","0","0","0","0","0","0","0","0","0","0","0","0","0","0","0","0"
"L73403","validator","jenkins.org.apache.commons.validator.routines.DomainValidatorTest.validator;Ljenkins/org/apache/commons/validator/routines/DomainValidator;","L73400","L103","C:\GIT\pris2\SourceMeter\Guille\jenkins-jenkins-2.328\core\src\test\java\jenkins\org\apache\commons\validator\routines\DomainValidatorTest.java","52","5","52","39","0","0","0","0","0","0","0","0","0","0","0","0","0","0","0","0","0","0","0","0","0","0","0","0"
"L73514","validator","jenkins.org.apache.commons.validator.routines.InetAddressValidatorTest.validator;Ljenkins/org/apache/commons/validator/routines/InetAddressValidator;","L73512","L103","C:\GIT\pris2\SourceMeter\Guille\jenkins-jenkins-2.328\core\src\test\java\jenkins\org\apache\commons\validator\routines\InetAddressValidatorTest.java","29","5","29","44","0","0","0","0","0","0","0","0","0","0","0","0","0","0","0","0","0","0","0","0","0","0","0","0"
"L73538","REGEX","jenkins.org.apache.commons.validator.routines.RegexValidatorTest.REGEX;Ljava/lang/String;","L73536","L103","C:\GIT\pris2\SourceMeter\Guille\jenkins-jenkins-2.328\core\src\test\java\jenkins\org\apache\commons\validator\routines\RegexValidatorTest.java","32","5","32","92","0","0","0","0","0","0","0","0","0","0","0","0","0","0","0","0","0","0","0","0","0","0","0","0"
"L73539","COMPONENT_1","jenkins.org.apache.commons.validator.routines.RegexValidatorTest.COMPONENT_1;Ljava/lang/String;","L73536","L103","C:\GIT\pris2\SourceMeter\Guille\jenkins-jenkins-2.328\core\src\test\java\jenkins\org\apache\commons\validator\routines\RegexValidatorTest.java","34","5","34","60","0","0","0","0","0","0","0","0","0","0","0","0","0","0","0","0","0","0","0","0","0","0","0","0"
"L73540","COMPONENT_2","jenkins.org.apache.commons.validator.routines.RegexValidatorTest.COMPONENT_2;Ljava/lang/String;","L73536","L103","C:\GIT\pris2\SourceMeter\Guille\jenkins-jenkins-2.328\core\src\test\java\jenkins\org\apache\commons\validator\routines\RegexValidatorTest.java","35","5","35","60","0","0","0","0","0","0","0","0","0","0","0","0","0","0","0","0","0","0","0","0","0","0","0","0"
"L73541","COMPONENT_3","jenkins.org.apache.commons.validator.routines.RegexValidatorTest.COMPONENT_3;Ljava/lang/String;","L73536","L103","C:\GIT\pris2\SourceMeter\Guille\jenkins-jenkins-2.328\core\src\test\java\jenkins\org\apache\commons\validator\routines\RegexValidatorTest.java","36","5","36","60","0","0","0","0","0","0","0","0","0","0","0","0","0","0","0","0","0","0","0","0","0","0","0","0"
"L73542","SEPARATOR_1","jenkins.org.apache.commons.validator.routines.RegexValidatorTest.SEPARATOR_1;Ljava/lang/String;","L73536","L103","C:\GIT\pris2\SourceMeter\Guille\jenkins-jenkins-2.328\core\src\test\java\jenkins\org\apache\commons\validator\routines\RegexValidatorTest.java","37","5","37","58","0","0","0","0","0","0","0","0","0","0","0","0","0","0","0","0","0","0","0","0","0","0","0","0"
"L73543","SEPARATOR_2","jenkins.org.apache.commons.validator.routines.RegexValidatorTest.SEPARATOR_2;Ljava/lang/String;","L73536","L103","C:\GIT\pris2\SourceMeter\Guille\jenkins-jenkins-2.328\core\src\test\java\jenkins\org\apache\commons\validator\routines\RegexValidatorTest.java","38","5","38","58","0","0","0","0","0","0","0","0","0","0","0","0","0","0","0","0","0","0","0","0","0","0","0","0"
"L73544","REGEX_1","jenkins.org.apache.commons.validator.routines.RegexValidatorTest.REGEX_1;Ljava/lang/String;","L73536","L103","C:\GIT\pris2\SourceMeter\Guille\jenkins-jenkins-2.328\core\src\test\java\jenkins\org\apache\commons\validator\routines\RegexValidatorTest.java","39","5","39","123","0","0","0","0","0","0","0","0","0","0","0","0","0","0","0","0","0","0","0","0","0","0","0","0"
"L73549","REGEX_2","jenkins.org.apache.commons.validator.routines.RegexValidatorTest.REGEX_2;Ljava/lang/String;","L73536","L103","C:\GIT\pris2\SourceMeter\Guille\jenkins-jenkins-2.328\core\src\test\java\jenkins\org\apache\commons\validator\routines\RegexValidatorTest.java","40","5","40","123","0","0","0","0","0","0","0","0","0","0","0","0","0","0","0","0","0","0","0","0","0","0","0","0"
"L73551","REGEX_3","jenkins.org.apache.commons.validator.routines.RegexValidatorTest.REGEX_3;Ljava/lang/String;","L73536","L103","C:\GIT\pris2\SourceMeter\Guille\jenkins-jenkins-2.328\core\src\test\java\jenkins\org\apache\commons\validator\routines\RegexValidatorTest.java","41","5","41","95","0","0","0","0","0","0","0","0","0","0","0","0","0","0","0","0","0","0","0","0","0","0","0","0"
"L73552","MULTIPLE_REGEX","jenkins.org.apache.commons.validator.routines.RegexValidatorTest.MULTIPLE_REGEX;[Ljava/lang/String;","L73536","L103","C:\GIT\pris2\SourceMeter\Guille\jenkins-jenkins-2.328\core\src\test\java\jenkins\org\apache\commons\validator\routines\RegexValidatorTest.java","42","5","42","93","0","0","0","0","0","0","0","0","0","0","0","0","0","0","0","0","0","0","0","0","0","0","0","0"
"L73588","printStatus","jenkins.org.apache.commons.validator.routines.UrlValidatorTest.printStatus;Z","L73585","L103","C:\GIT\pris2\SourceMeter\Guille\jenkins-jenkins-2.328\core\src\test\java\jenkins\org\apache\commons\validator\routines\UrlValidatorTest.java","39","4","39","46","0","0","0","0","0","0","0","0","0","0","0","0","0","0","0","0","0","0","0","0","0","0","0","0"
"L73589","printIndex","jenkins.org.apache.commons.validator.routines.UrlValidatorTest.printIndex;Z","L73585","L103","C:\GIT\pris2\SourceMeter\Guille\jenkins-jenkins-2.328\core\src\test\java\jenkins\org\apache\commons\validator\routines\UrlValidatorTest.java","40","4","40","45","0","0","0","0","0","0","0","0","0","0","0","0","0","0","0","0","0","0","0","0","0","0","0","0"
"L73664","testUrlScheme","jenkins.org.apache.commons.validator.routines.UrlValidatorTest.testUrlScheme;[Ljenkins/org/apache/commons/validator/ResultPair;","L73585","L103","C:\GIT\pris2\SourceMeter\Guille\jenkins-jenkins-2.328\core\src\test\java\jenkins\org\apache\commons\validator\routines\UrlValidatorTest.java","594","4","601","62","0","0","0","0","0","0","0","0","0","0","0","0","0","0","0","0","0","0","0","0","0","0","0","0"
"L73667","testUrlAuthority","jenkins.org.apache.commons.validator.routines.UrlValidatorTest.testUrlAuthority;[Ljenkins/org/apache/commons/validator/ResultPair;","L73585","L103","C:\GIT\pris2\SourceMeter\Guille\jenkins-jenkins-2.328\core\src\test\java\jenkins\org\apache\commons\validator\routines\UrlValidatorTest.java","603","4","623","6","0","0","0","0","0","0","0","0","0","0","0","0","0","0","0","0","0","0","0","0","0","0","0","0"
"L73668","testUrlPort","jenkins.org.apache.commons.validator.routines.UrlValidatorTest.testUrlPort;[Ljenkins/org/apache/commons/validator/ResultPair;","L73585","L103","C:\GIT\pris2\SourceMeter\Guille\jenkins-jenkins-2.328\core\src\test\java\jenkins\org\apache\commons\validator\routines\UrlValidatorTest.java","624","4","633","6","0","0","0","0","0","0","0","0","0","0","0","0","0","0","0","0","0","0","0","0","0","0","0","0"
"L73669","testPath","jenkins.org.apache.commons.validator.routines.UrlValidatorTest.testPath;[Ljenkins/org/apache/commons/validator/ResultPair;","L73585","L103","C:\GIT\pris2\SourceMeter\Guille\jenkins-jenkins-2.328\core\src\test\java\jenkins\org\apache\commons\validator\routines\UrlValidatorTest.java","634","4","644","6","0","0","0","0","0","0","0","0","0","0","0","0","0","0","0","0","0","0","0","0","0","0","0","0"
"L73670","testUrlPathOptions","jenkins.org.apache.commons.validator.routines.UrlValidatorTest.testUrlPathOptions;[Ljenkins/org/apache/commons/validator/ResultPair;","L73585","L103","C:\GIT\pris2\SourceMeter\Guille\jenkins-jenkins-2.328\core\src\test\java\jenkins\org\apache\commons\validator\routines\UrlValidatorTest.java","646","4","661","6","0","0","0","0","0","0","0","0","0","0","0","0","0","0","0","0","0","0","0","0","0","0","0","0"
"L73672","testUrlQuery","jenkins.org.apache.commons.validator.routines.UrlValidatorTest.testUrlQuery;[Ljenkins/org/apache/commons/validator/ResultPair;","L73585","L103","C:\GIT\pris2\SourceMeter\Guille\jenkins-jenkins-2.328\core\src\test\java\jenkins\org\apache\commons\validator\routines\UrlValidatorTest.java","663","4","666","6","0","0","0","0","0","0","0","0","0","0","0","0","0","0","0","0","0","0","0","0","0","0","0","0"
"L73596","testUrlParts","jenkins.org.apache.commons.validator.routines.UrlValidatorTest.testUrlParts;[Ljava/lang/Object;","L73585","L103","C:\GIT\pris2\SourceMeter\Guille\jenkins-jenkins-2.328\core\src\test\java\jenkins\org\apache\commons\validator\routines\UrlValidatorTest.java","668","4","668","99","0","0","0","0","0","0","0","0","0","0","0","0","0","0","0","0","0","0","0","0","0","0","0","0"
"L73599","testUrlPartsOptions","jenkins.org.apache.commons.validator.routines.UrlValidatorTest.testUrlPartsOptions;[Ljava/lang/Object;","L73585","L103","C:\GIT\pris2\SourceMeter\Guille\jenkins-jenkins-2.328\core\src\test\java\jenkins\org\apache\commons\validator\routines\UrlValidatorTest.java","669","4","669","116","0","0","0","0","0","0","0","0","0","0","0","0","0","0","0","0","0","0","0","0","0","0","0","0"
"L73591","testPartsIndex","jenkins.org.apache.commons.validator.routines.UrlValidatorTest.testPartsIndex;[I","L73585","L103","C:\GIT\pris2\SourceMeter\Guille\jenkins-jenkins-2.328\core\src\test\java\jenkins\org\apache\commons\validator\routines\UrlValidatorTest.java","670","4","670","43","0","0","0","0","0","0","0","0","0","0","0","0","0","0","0","0","0","0","0","0","0","0","0","0"
"L73603","schemes","jenkins.org.apache.commons.validator.routines.UrlValidatorTest.schemes;[Ljava/lang/String;","L73585","L103","C:\GIT\pris2\SourceMeter\Guille\jenkins-jenkins-2.328\core\src\test\java\jenkins\org\apache\commons\validator\routines\UrlValidatorTest.java","673","4","675","39","0","0","0","0","0","0","0","0","0","0","0","0","0","0","0","0","0","0","0","0","0","0","0","0"
"L73612","testScheme","jenkins.org.apache.commons.validator.routines.UrlValidatorTest.testScheme;[Ljenkins/org/apache/commons/validator/ResultPair;","L73585","L103","C:\GIT\pris2\SourceMeter\Guille\jenkins-jenkins-2.328\core\src\test\java\jenkins\org\apache\commons\validator\routines\UrlValidatorTest.java","677","4","684","62","0","0","0","0","0","0","0","0","0","0","0","0","0","0","0","0","0","0","0","0","0","0","0","0"
"L72914","DOMAIN_VALIDATOR","jenkins.org.apache.commons.validator.routines.DomainValidator$LazyHolder.DOMAIN_VALIDATOR;Ljenkins/org/apache/commons/validator/routines/DomainValidator;","L72912","L103","C:\GIT\pris2\SourceMeter\Guille\jenkins-jenkins-2.328\core\src\main\java\jenkins\org\apache\commons\validator\routines\DomainValidator.java","108","9","108","92","0","0","0","0","0","0","0","0","0","0","0","0","0","0","0","0","0","0","0","0","0","0","0","0"
"L72918","DOMAIN_VALIDATOR_WITH_LOCAL","jenkins.org.apache.commons.validator.routines.DomainValidator$LazyHolder.DOMAIN_VALIDATOR_WITH_LOCAL;Ljenkins/org/apache/commons/validator/routines/DomainValidator;","L72912","L103","C:\GIT\pris2\SourceMeter\Guille\jenkins-jenkins-2.328\core\src\main\java\jenkins\org\apache\commons\validator\routines\DomainValidator.java","114","9","114","102","0","0","0","0","0","0","0","0","0","0","0","0","0","0","0","0","0","0","0","0","0","0","0","0"
"L72998","GENERIC_PLUS","jenkins.org.apache.commons.validator.routines.DomainValidator$ArrayType.GENERIC_PLUS;Ljenkins/org/apache/commons/validator/routines/DomainValidator$ArrayType;","L73081","L103","C:\GIT\pris2\SourceMeter\Guille\jenkins-jenkins-2.328\core\src\main\java\jenkins\org\apache\commons\validator\routines\DomainValidator.java","2053","9","2053","21","0","0","0","0","0","0","0","0","0","0","0","0","0","0","0","0","0","0","0","0","0","0","0","0"
"L72996","GENERIC_MINUS","jenkins.org.apache.commons.validator.routines.DomainValidator$ArrayType.GENERIC_MINUS;Ljenkins/org/apache/commons/validator/routines/DomainValidator$ArrayType;","L73081","L103","C:\GIT\pris2\SourceMeter\Guille\jenkins-jenkins-2.328\core\src\main\java\jenkins\org\apache\commons\validator\routines\DomainValidator.java","2055","9","2055","22","0","0","0","0","0","0","0","0","0","0","0","0","0","0","0","0","0","0","0","0","0","0","0","0"
"L72994","COUNTRY_CODE_PLUS","jenkins.org.apache.commons.validator.routines.DomainValidator$ArrayType.COUNTRY_CODE_PLUS;Ljenkins/org/apache/commons/validator/routines/DomainValidator$ArrayType;","L73081","L103","C:\GIT\pris2\SourceMeter\Guille\jenkins-jenkins-2.328\core\src\main\java\jenkins\org\apache\commons\validator\routines\DomainValidator.java","2057","9","2057","26","0","0","0","0","0","0","0","0","0","0","0","0","0","0","0","0","0","0","0","0","0","0","0","0"
"L72992","COUNTRY_CODE_MINUS","jenkins.org.apache.commons.validator.routines.DomainValidator$ArrayType.COUNTRY_CODE_MINUS;Ljenkins/org/apache/commons/validator/routines/DomainValidator$ArrayType;","L73081","L103","C:\GIT\pris2\SourceMeter\Guille\jenkins-jenkins-2.328\core\src\main\java\jenkins\org\apache\commons\validator\routines\DomainValidator.java","2059","9","2059","27","0","0","0","0","0","0","0","0","0","0","0","0","0","0","0","0","0","0","0","0","0","0","0","0"
"L73093","GENERIC_RO","jenkins.org.apache.commons.validator.routines.DomainValidator$ArrayType.GENERIC_RO;Ljenkins/org/apache/commons/validator/routines/DomainValidator$ArrayType;","L73081","L103","C:\GIT\pris2\SourceMeter\Guille\jenkins-jenkins-2.328\core\src\main\java\jenkins\org\apache\commons\validator\routines\DomainValidator.java","2061","9","2061","19","0","0","0","0","0","0","0","0","0","0","0","0","0","0","0","0","0","0","0","0","0","0","0","0"
"L73095","COUNTRY_CODE_RO","jenkins.org.apache.commons.validator.routines.DomainValidator$ArrayType.COUNTRY_CODE_RO;Ljenkins/org/apache/commons/validator/routines/DomainValidator$ArrayType;","L73081","L103","C:\GIT\pris2\SourceMeter\Guille\jenkins-jenkins-2.328\core\src\main\java\jenkins\org\apache\commons\validator\routines\DomainValidator.java","2063","9","2063","24","0","0","0","0","0","0","0","0","0","0","0","0","0","0","0","0","0","0","0","0","0","0","0","0"
"L73097","INFRASTRUCTURE_RO","jenkins.org.apache.commons.validator.routines.DomainValidator$ArrayType.INFRASTRUCTURE_RO;Ljenkins/org/apache/commons/validator/routines/DomainValidator$ArrayType;","L73081","L103","C:\GIT\pris2\SourceMeter\Guille\jenkins-jenkins-2.328\core\src\main\java\jenkins\org\apache\commons\validator\routines\DomainValidator.java","2065","9","2065","26","0","0","0","0","0","0","0","0","0","0","0","0","0","0","0","0","0","0","0","0","0","0","0","0"
"L73099","LOCAL_RO","jenkins.org.apache.commons.validator.routines.DomainValidator$ArrayType.LOCAL_RO;Ljenkins/org/apache/commons/validator/routines/DomainValidator$ArrayType;","L73081","L103","C:\GIT\pris2\SourceMeter\Guille\jenkins-jenkins-2.328\core\src\main\java\jenkins\org\apache\commons\validator\routines\DomainValidator.java","2067","9","2067","17","0","0","0","0","0","0","0","0","0","0","0","0","0","0","0","0","0","0","0","0","0","0","0","0"
"L73002","LOCAL_PLUS","jenkins.org.apache.commons.validator.routines.DomainValidator$ArrayType.LOCAL_PLUS;Ljenkins/org/apache/commons/validator/routines/DomainValidator$ArrayType;","L73081","L103","C:\GIT\pris2\SourceMeter\Guille\jenkins-jenkins-2.328\core\src\main\java\jenkins\org\apache\commons\validator\routines\DomainValidator.java","2072","9","2072","19","0","0","0","0","0","0","0","0","0","0","0","0","0","0","0","0","0","0","0","0","0","0","0","0"
"L73000","LOCAL_MINUS","jenkins.org.apache.commons.validator.routines.DomainValidator$ArrayType.LOCAL_MINUS;Ljenkins/org/apache/commons/validator/routines/DomainValidator$ArrayType;","L73081","L103","C:\GIT\pris2\SourceMeter\Guille\jenkins-jenkins-2.328\core\src\main\java\jenkins\org\apache\commons\validator\routines\DomainValidator.java","2077","9","2077","20","0","0","0","0","0","0","0","0","0","0","0","0","0","0","0","0","0","0","0","0","0","0","0","0"
"L72990","type","jenkins.org.apache.commons.validator.routines.DomainValidator$Item.type;Ljenkins/org/apache/commons/validator/routines/DomainValidator$ArrayType;","L72944","L103","C:\GIT\pris2\SourceMeter\Guille\jenkins-jenkins-2.328\core\src\main\java\jenkins\org\apache\commons\validator\routines\DomainValidator.java","2085","9","2085","30","0","0","0","0","0","0","0","0","0","0","0","0","0","0","0","0","0","0","0","0","0","0","0","0"
"L72988","values","jenkins.org.apache.commons.validator.routines.DomainValidator$Item.values;[Ljava/lang/String;","L72944","L103","C:\GIT\pris2\SourceMeter\Guille\jenkins-jenkins-2.328\core\src\main\java\jenkins\org\apache\commons\validator\routines\DomainValidator.java","2086","9","2086","31","0","0","0","0","0","0","0","0","0","0","0","0","0","0","0","0","0","0","0","0","0","0","0","0"
"L73135","IDN_TOASCII_PRESERVES_TRAILING_DOTS","jenkins.org.apache.commons.validator.routines.DomainValidator$IDNBUGHOLDER.IDN_TOASCII_PRESERVES_TRAILING_DOTS;Z","L73137","L103","C:\GIT\pris2\SourceMeter\Guille\jenkins-jenkins-2.328\core\src\main\java\jenkins\org\apache\commons\validator\routines\DomainValidator.java","2293","9","2293","95","0","0","0","0","0","0","0","0","0","0","0","0","0","0","0","0","0","0","0","0","0","0","0","0"
"L76556","parentsSupplier","jenkins.security.stapler.StaplerDispatchValidator$ValidatorCache$Validator.parentsSupplier;Ljava/util/function/Supplier;","L76495","L103","C:\GIT\pris2\SourceMeter\Guille\jenkins-jenkins-2.328\core\src\main\java\jenkins\security\stapler\StaplerDispatchValidator.java","316","13","316","75","0","0","0","0","0","0","0","0","0","0","0","0","0","0","0","0","0","0","0","0","0","0","0","0"
"L76561","parents","jenkins.security.stapler.StaplerDispatchValidator$ValidatorCache$Validator.parents;Ljava/util/Collection;","L76495","L103","C:\GIT\pris2\SourceMeter\Guille\jenkins-jenkins-2.328\core\src\main\java\jenkins\security\stapler\StaplerDispatchValidator.java","317","13","317","60","0","0","0","0","0","0","0","0","0","0","0","0","0","0","0","0","0","0","0","0","0","0","0","0"
"L76562","allowed","jenkins.security.stapler.StaplerDispatchValidator$ValidatorCache$Validator.allowed;Ljava/util/Set;","L76495","L103","C:\GIT\pris2\SourceMeter\Guille\jenkins-jenkins-2.328\core\src\main\java\jenkins\security\stapler\StaplerDispatchValidator.java","318","13","318","79","0","0","0","0","0","0","0","0","0","0","0","0","0","0","0","0","0","0","0","0","0","0","0","0"
"L76565","denied","jenkins.security.stapler.StaplerDispatchValidator$ValidatorCache$Validator.denied;Ljava/util/Set;","L76495","L103","C:\GIT\pris2\SourceMeter\Guille\jenkins-jenkins-2.328\core\src\main\java\jenkins\security\stapler\StaplerDispatchValidator.java","319","13","319","78","0","0","0","0","0","0","0","0","0","0","0","0","0","0","0","0","0","0","0","0","0","0","0","0"
"L79867","RESET","jenkins.tasks.filters.impl.RetainVariablesLocalRule$ProcessVariablesHandling.RESET;Ljenkins/tasks/filters/impl/RetainVariablesLocalRule$ProcessVariablesHandling;","L79864","L103","C:\GIT\pris2\SourceMeter\Guille\jenkins-jenkins-2.328\core\src\main\java\jenkins\tasks\filters\impl\RetainVariablesLocalRule.java","215","9","215","70","0","0","0","0","0","0","0","0","0","0","0","0","0","0","0","0","0","0","0","0","0","0","0","0"
"L79891","REMOVE","jenkins.tasks.filters.impl.RetainVariablesLocalRule$ProcessVariablesHandling.REMOVE;Ljenkins/tasks/filters/impl/RetainVariablesLocalRule$ProcessVariablesHandling;","L79864","L103","C:\GIT\pris2\SourceMeter\Guille\jenkins-jenkins-2.328\core\src\main\java\jenkins\tasks\filters\impl\RetainVariablesLocalRule.java","216","9","216","72","0","0","0","0","0","0","0","0","0","0","0","0","0","0","0","0","0","0","0","0","0","0","0","0"
"L79915","localizable","jenkins.tasks.filters.impl.RetainVariablesLocalRule$ProcessVariablesHandling.localizable;LLocalizable;","L79864","L103","C:\GIT\pris2\SourceMeter\Guille\jenkins-jenkins-2.328\core\src\main\java\jenkins\tasks\filters\impl\RetainVariablesLocalRule.java","218","9","218","47","0","0","0","0","0","0","0","0","0","0","0","0","0","0","0","0","0","0","0","0","0","0","0","0"
"L82852","node","jenkins.util.xstream.XStreamDOM$ReaderImpl$Pointer.node;Ljenkins/util/xstream/XStreamDOM;","L82851","L103","C:\GIT\pris2\SourceMeter\Guille\jenkins-jenkins-2.328\core\src\main\java\jenkins\util\xstream\XStreamDOM.java","288","13","288","35","0","0","0","0","0","0","0","0","0","0","0","0","0","0","0","0","0","0","0","0","0","0","0","0"
"L82853","pos","jenkins.util.xstream.XStreamDOM$ReaderImpl$Pointer.pos;I","L82851","L103","C:\GIT\pris2\SourceMeter\Guille\jenkins-jenkins-2.328\core\src\main\java\jenkins\util\xstream\XStreamDOM.java","289","13","289","21","0","0","0","0","0","0","0","0","0","0","0","0","0","0","0","0","0","0","0","0","0","0","0","0"
"L82899","tagName","jenkins.util.xstream.XStreamDOM$WriterImpl$Pending.tagName;Ljava/lang/String;","L82898","L103","C:\GIT\pris2\SourceMeter\Guille\jenkins-jenkins-2.328\core\src\main\java\jenkins\util\xstream\XStreamDOM.java","424","13","424","34","0","0","0","0","0","0","0","0","0","0","0","0","0","0","0","0","0","0","0","0","0","0","0","0"
"L82900","children","jenkins.util.xstream.XStreamDOM$WriterImpl$Pending.children;Ljava/util/List;","L82898","L103","C:\GIT\pris2\SourceMeter\Guille\jenkins-jenkins-2.328\core\src\main\java\jenkins\util\xstream\XStreamDOM.java","425","13","425","39","0","0","0","0","0","0","0","0","0","0","0","0","0","0","0","0","0","0","0","0","0","0","0","0"
"L82901","attributes","jenkins.util.xstream.XStreamDOM$WriterImpl$Pending.attributes;Ljava/util/List;","L82898","L103","C:\GIT\pris2\SourceMeter\Guille\jenkins-jenkins-2.328\core\src\main\java\jenkins\util\xstream\XStreamDOM.java","426","13","426","57","0","0","0","0","0","0","0","0","0","0","0","0","0","0","0","0","0","0","0","0","0","0","0","0"
"L82902","value","jenkins.util.xstream.XStreamDOM$WriterImpl$Pending.value;Ljava/lang/String;","L82898","L103","C:\GIT\pris2\SourceMeter\Guille\jenkins-jenkins-2.328\core\src\main\java\jenkins\util\xstream\XStreamDOM.java","427","13","427","26","0","0","0","0","0","0","0","0","0","0","0","0","0","0","0","0","0","0","0","0","0","0","0","0"
"L84374","grantedAuthority","org.acegisecurity.acls.sid.GrantedAuthoritySid.grantedAuthority;Ljava/lang/String;","L55364","L103","C:\GIT\pris2\SourceMeter\Guille\jenkins-jenkins-2.328\core\src\main\java\org\acegisecurity\acls\sid\GrantedAuthoritySid.java","32","5","32","43","0","0","0","0","0","0","0","0","0","0","0","0","0","0","0","0","0","0","0","0","0","0","0","0"
"L84389","principal","org.acegisecurity.acls.sid.PrincipalSid.principal;Ljava/lang/String;","L47891","L103","C:\GIT\pris2\SourceMeter\Guille\jenkins-jenkins-2.328\core\src\main\java\org\acegisecurity\acls\sid\PrincipalSid.java","33","5","33","36","0","0","0","0","0","0","0","0","0","0","0","0","0","0","0","0","0","0","0","0","0","0","0","0"
"L84706","delegate","org.acegisecurity.providers.anonymous.AnonymousAuthenticationToken.delegate;Lorg/springframework/security/authentication/AnonymousAuthenticationToken;","L69644","L103","C:\GIT\pris2\SourceMeter\Guille\jenkins-jenkins-2.328\core\src\main\java\org\acegisecurity\providers\anonymous\AnonymousAuthenticationToken.java","41","5","41","101","0","0","0","0","0","0","0","0","0","0","0","0","0","0","0","0","0","0","0","0","0","0","0","0"
"L84744","delegate","org.acegisecurity.providers.dao.AbstractUserDetailsAuthenticationProvider.delegate;Lorg/springframework/security/authentication/dao/AbstractUserDetailsAuthenticationProvider;","L84739","L103","C:\GIT\pris2\SourceMeter\Guille\jenkins-jenkins-2.328\core\src\main\java\org\acegisecurity\providers\dao\AbstractUserDetailsAuthenticationProvider.java","40","5","65","7","0","0","0","0","0","0","0","0","0","0","0","0","0","0","0","0","0","0","0","0","0","0","0","0"
"L84828","delegate","org.acegisecurity.ui.rememberme.RememberMeServicesSpringImpl.delegate;Lorg/acegisecurity/ui/rememberme/RememberMeServices;","L84825","L103","C:\GIT\pris2\SourceMeter\Guille\jenkins-jenkins-2.328\core\src\main\java\org\acegisecurity\ui\rememberme\RememberMeServicesSpringImpl.java","33","5","33","39","0","0","0","0","0","0","0","0","0","0","0","0","0","0","0","0","0","0","0","0","0","0","0","0"
"L84861","ACEGI_SECURITY_HASHED_REMEMBER_ME_COOKIE_KEY","org.acegisecurity.ui.rememberme.TokenBasedRememberMeServices.ACEGI_SECURITY_HASHED_REMEMBER_ME_COOKIE_KEY;Ljava/lang/String;","L84859","L103","C:\GIT\pris2\SourceMeter\Guille\jenkins-jenkins-2.328\core\src\main\java\org\acegisecurity\ui\rememberme\TokenBasedRememberMeServices.java","35","5","35","145","0","0","0","0","0","0","0","0","0","0","0","0","0","0","0","0","0","0","0","0","0","0","0","0"
"L84998","stuff","org.acegisecurity.userdetails.UserDetailsTest$SpecialUserDetailsImpl.stuff;Ljava/lang/String;","L84991","L103","C:\GIT\pris2\SourceMeter\Guille\jenkins-jenkins-2.328\core\src\test\java\org\acegisecurity\userdetails\UserDetailsTest.java","59","9","59","36","0","0","0","0","0","0","0","0","0","0","0","0","0","0","0","0","0","0","0","0","0","0","0","0"
"L85053","myField","org.acegisecurity.util.FieldUtilsTest$InnerClassWithPublicFinalField.myField;Ljava/lang/String;","L85027","L103","C:\GIT\pris2\SourceMeter\Guille\jenkins-jenkins-2.328\core\src\test\java\org\acegisecurity\util\FieldUtilsTest.java","43","9","43","50","0","0","0","0","0","0","0","0","0","0","0","0","0","0","0","0","0","0","0","0","0","0","0","0"
"L85055","myProtectedField","org.acegisecurity.util.FieldUtilsTest$InnerClassWithProtectedField.myProtectedField;Ljava/lang/String;","L85044","L103","C:\GIT\pris2\SourceMeter\Guille\jenkins-jenkins-2.328\core\src\test\java\org\acegisecurity\util\FieldUtilsTest.java","53","9","53","56","0","0","0","0","0","0","0","0","0","0","0","0","0","0","0","0","0","0","0","0","0","0","0","0"
"L85088","x","org.acegisecurity.AuthenticationTest$1CustomAuth.x;I","L85087","L103","C:\GIT\pris2\SourceMeter\Guille\jenkins-jenkins-2.328\core\src\test\java\org\acegisecurity\AuthenticationTest.java","119","13","119","25","0","0","0","0","0","0","0","0","0","0","0","0","0","0","0","0","0","0","0","0","0","0","0","0"
"L85120","inProgress","org.jenkins.ui.icon.BuildStatusIcon.inProgress;Z","L85118","L103","C:\GIT\pris2\SourceMeter\Guille\jenkins-jenkins-2.328\core\src\main\java\org\jenkins\ui\icon\BuildStatusIcon.java","35","5","35","32","0","0","0","0","0","0","0","0","0","0","0","0","0","0","0","0","0","0","0","0","0","0","0","0"
"L32358","ICON_SMALL_STYLE","org.jenkins.ui.icon.Icon.ICON_SMALL_STYLE;Ljava/lang/String;","L32353","L103","C:\GIT\pris2\SourceMeter\Guille\jenkins-jenkins-2.328\core\src\main\java\org\jenkins\ui\icon\Icon.java","46","5","46","80","0","0","0","0","0","0","0","0","0","0","0","0","0","0","0","0","0","0","0","0","0","0","0","0"
"L32360","ICON_MEDIUM_STYLE","org.jenkins.ui.icon.Icon.ICON_MEDIUM_STYLE;Ljava/lang/String;","L32353","L103","C:\GIT\pris2\SourceMeter\Guille\jenkins-jenkins-2.328\core\src\main\java\org\jenkins\ui\icon\Icon.java","47","5","47","81","0","0","0","0","0","0","0","0","0","0","0","0","0","0","0","0","0","0","0","0","0","0","0","0"
"L32362","ICON_LARGE_STYLE","org.jenkins.ui.icon.Icon.ICON_LARGE_STYLE;Ljava/lang/String;","L32353","L103","C:\GIT\pris2\SourceMeter\Guille\jenkins-jenkins-2.328\core\src\main\java\org\jenkins\ui\icon\Icon.java","48","5","48","80","0","0","0","0","0","0","0","0","0","0","0","0","0","0","0","0","0","0","0","0","0","0","0","0"
"L32364","ICON_XLARGE_STYLE","org.jenkins.ui.icon.Icon.ICON_XLARGE_STYLE;Ljava/lang/String;","L32353","L103","C:\GIT\pris2\SourceMeter\Guille\jenkins-jenkins-2.328\core\src\main\java\org\jenkins\ui\icon\Icon.java","49","5","49","81","0","0","0","0","0","0","0","0","0","0","0","0","0","0","0","0","0","0","0","0","0","0","0","0"
"L85142","SUPPORTED_FORMATS","org.jenkins.ui.icon.Icon.SUPPORTED_FORMATS;[Ljava/lang/String;","L32353","L103","C:\GIT\pris2\SourceMeter\Guille\jenkins-jenkins-2.328\core\src\main\java\org\jenkins\ui\icon\Icon.java","51","5","51","93","0","0","0","0","0","0","0","0","0","0","0","0","0","0","0","0","0","0","0","0","0","0","0","0"
"L85143","iconDims","org.jenkins.ui.icon.Icon.iconDims;Ljava/util/Map;","L32353","L103","C:\GIT\pris2\SourceMeter\Guille\jenkins-jenkins-2.328\core\src\main\java\org\jenkins\ui\icon\Icon.java","52","5","52","73","0","0","0","0","0","0","0","0","0","0","0","0","0","0","0","0","0","0","0","0","0","0","0","0"
"L85146","classSpec","org.jenkins.ui.icon.Icon.classSpec;Ljava/lang/String;","L32353","L103","C:\GIT\pris2\SourceMeter\Guille\jenkins-jenkins-2.328\core\src\main\java\org\jenkins\ui\icon\Icon.java","61","5","61","36","0","0","0","0","0","0","0","0","0","0","0","0","0","0","0","0","0","0","0","0","0","0","0","0"
"L85147","normalizedSelector","org.jenkins.ui.icon.Icon.normalizedSelector;Ljava/lang/String;","L32353","L103","C:\GIT\pris2\SourceMeter\Guille\jenkins-jenkins-2.328\core\src\main\java\org\jenkins\ui\icon\Icon.java","62","5","62","45","0","0","0","0","0","0","0","0","0","0","0","0","0","0","0","0","0","0","0","0","0","0","0","0"
"L85148","url","org.jenkins.ui.icon.Icon.url;Ljava/lang/String;","L32353","L103","C:\GIT\pris2\SourceMeter\Guille\jenkins-jenkins-2.328\core\src\main\java\org\jenkins\ui\icon\Icon.java","63","5","63","30","0","0","0","0","0","0","0","0","0","0","0","0","0","0","0","0","0","0","0","0","0","0","0","0"
"L85149","style","org.jenkins.ui.icon.Icon.style;Ljava/lang/String;","L32353","L103","C:\GIT\pris2\SourceMeter\Guille\jenkins-jenkins-2.328\core\src\main\java\org\jenkins\ui\icon\Icon.java","64","5","64","32","0","0","0","0","0","0","0","0","0","0","0","0","0","0","0","0","0","0","0","0","0","0","0","0"
"L85150","iconType","org.jenkins.ui.icon.Icon.iconType;Lorg/jenkins/ui/icon/IconType;","L32353","L103","C:\GIT\pris2\SourceMeter\Guille\jenkins-jenkins-2.328\core\src\main\java\org\jenkins\ui\icon\Icon.java","65","5","65","31","0","0","0","0","0","0","0","0","0","0","0","0","0","0","0","0","0","0","0","0","0","0","0","0"
"L85154","iconFormat","org.jenkins.ui.icon.Icon.iconFormat;Lorg/jenkins/ui/icon/IconFormat;","L32353","L103","C:\GIT\pris2\SourceMeter\Guille\jenkins-jenkins-2.328\core\src\main\java\org\jenkins\ui\icon\Icon.java","66","5","66","35","0","0","0","0","0","0","0","0","0","0","0","0","0","0","0","0","0","0","0","0","0","0","0","0"
"L85180","IMG","org.jenkins.ui.icon.IconFormat.IMG;Lorg/jenkins/ui/icon/IconFormat;","L85155","L103","C:\GIT\pris2\SourceMeter\Guille\jenkins-jenkins-2.328\core\src\main\java\org\jenkins\ui\icon\IconFormat.java","32","5","32","8","0","0","0","0","0","0","0","0","0","0","0","0","0","0","0","0","0","0","0","0","0","0","0","0"
"L85128","EXTERNAL_SVG_SPRITE","org.jenkins.ui.icon.IconFormat.EXTERNAL_SVG_SPRITE;Lorg/jenkins/ui/icon/IconFormat;","L85155","L103","C:\GIT\pris2\SourceMeter\Guille\jenkins-jenkins-2.328\core\src\main\java\org\jenkins\ui\icon\IconFormat.java","33","5","33","24","0","0","0","0","0","0","0","0","0","0","0","0","0","0","0","0","0","0","0","0","0","0","0","0"
"L32351","icons","org.jenkins.ui.icon.IconSet.icons;Lorg/jenkins/ui/icon/IconSet;","L85238","L103","C:\GIT\pris2\SourceMeter\Guille\jenkins-jenkins-2.328\core\src\main\java\org\jenkins\ui\icon\IconSet.java","47","5","47","55","0","0","0","0","0","0","0","0","0","0","0","0","0","0","0","0","0","0","0","0","0","0","0","0"
"L85242","IONICONS","org.jenkins.ui.icon.IconSet.IONICONS;Ljava/util/Map;","L85238","L103","C:\GIT\pris2\SourceMeter\Guille\jenkins-jenkins-2.328\core\src\main\java\org\jenkins\ui\icon\IconSet.java","48","5","48","83","0","0","0","0","0","0","0","0","0","0","0","0","0","0","0","0","0","0","0","0","0","0","0","0"
"L85243","iconsByCSSSelector","org.jenkins.ui.icon.IconSet.iconsByCSSSelector;Ljava/util/Map;","L85238","L103","C:\GIT\pris2\SourceMeter\Guille\jenkins-jenkins-2.328\core\src\main\java\org\jenkins\ui\icon\IconSet.java","50","5","50","78","0","0","0","0","0","0","0","0","0","0","0","0","0","0","0","0","0","0","0","0","0","0","0","0"
"L85250","iconsByUrl","org.jenkins.ui.icon.IconSet.iconsByUrl;Ljava/util/Map;","L85238","L103","C:\GIT\pris2\SourceMeter\Guille\jenkins-jenkins-2.328\core\src\main\java\org\jenkins\ui\icon\IconSet.java","51","5","51","71","0","0","0","0","0","0","0","0","0","0","0","0","0","0","0","0","0","0","0","0","0","0","0","0"
"L85251","iconsByClassSpec","org.jenkins.ui.icon.IconSet.iconsByClassSpec;Ljava/util/Map;","L85238","L103","C:\GIT\pris2\SourceMeter\Guille\jenkins-jenkins-2.328\core\src\main\java\org\jenkins\ui\icon\IconSet.java","52","5","52","76","0","0","0","0","0","0","0","0","0","0","0","0","0","0","0","0","0","0","0","0","0","0","0","0"
"L85252","coreIcons","org.jenkins.ui.icon.IconSet.coreIcons;Ljava/util/Map;","L85238","L103","C:\GIT\pris2\SourceMeter\Guille\jenkins-jenkins-2.328\core\src\main\java\org\jenkins\ui\icon\IconSet.java","53","5","53","69","0","0","0","0","0","0","0","0","0","0","0","0","0","0","0","0","0","0","0","0","0","0","0","0"
"L85253","PLACEHOLDER_SVG","org.jenkins.ui.icon.IconSet.PLACEHOLDER_SVG;Ljava/lang/String;","L85238","L103","C:\GIT\pris2\SourceMeter\Guille\jenkins-jenkins-2.328\core\src\main\java\org\jenkins\ui\icon\IconSet.java","55","5","55","316","0","0","0","0","0","0","0","0","0","0","0","0","0","0","0","0","0","0","0","0","0","0","0","0"
"L85254","NO_ICON","org.jenkins.ui.icon.IconSet.NO_ICON;Lorg/jenkins/ui/icon/Icon;","L85238","L103","C:\GIT\pris2\SourceMeter\Guille\jenkins-jenkins-2.328\core\src\main\java\org\jenkins\ui\icon\IconSet.java","56","5","56","65","0","0","0","0","0","0","0","0","0","0","0","0","0","0","0","0","0","0","0","0","0","0","0","0"
"L85164","CORE","org.jenkins.ui.icon.IconType.CORE;Lorg/jenkins/ui/icon/IconType;","L85151","L103","C:\GIT\pris2\SourceMeter\Guille\jenkins-jenkins-2.328\core\src\main\java\org\jenkins\ui\icon\IconType.java","34","5","34","9","0","0","0","0","0","0","0","0","0","0","0","0","0","0","0","0","0","0","0","0","0","0","0","0"
"L85171","PLUGIN","org.jenkins.ui.icon.IconType.PLUGIN;Lorg/jenkins/ui/icon/IconType;","L85151","L103","C:\GIT\pris2\SourceMeter\Guille\jenkins-jenkins-2.328\core\src\main\java\org\jenkins\ui\icon\IconType.java","35","5","35","11","0","0","0","0","0","0","0","0","0","0","0","0","0","0","0","0","0","0","0","0","0","0","0","0"
"L85416","clazz","org.kohsuke.stapler.beanutils.BasicTagWithObjectProperty.clazz;Ljava/lang/Object;","L85414","L103","C:\GIT\pris2\SourceMeter\Guille\jenkins-jenkins-2.328\test\src\test\java\org\kohsuke\stapler\beanutils\BasicTagWithObjectProperty.java","9","5","9","26","0","0","0","0","0","0","0","0","0","0","0","0","0","0","0","0","0","0","0","0","0","0","0","0"
"L85436","clazz","org.kohsuke.stapler.beanutils.DynaTagWithStringProperty.clazz;Ljava/lang/String;","L85424","L103","C:\GIT\pris2\SourceMeter\Guille\jenkins-jenkins-2.328\test\src\test\java\org\kohsuke\stapler\beanutils\DynaTagWithStringProperty.java","10","5","10","26","0","0","0","0","0","0","0","0","0","0","0","0","0","0","0","0","0","0","0","0","0","0","0","0"
"L85451","ROOT_ACTION_URL","org.kohsuke.stapler.beanutils.TagTest.ROOT_ACTION_URL;Ljava/lang/String;","L85448","L103","C:\GIT\pris2\SourceMeter\Guille\jenkins-jenkins-2.328\test\src\test\java\org\kohsuke\stapler\beanutils\TagTest.java","26","5","26","61","0","0","0","0","0","0","0","0","0","0","0","0","0","0","0","0","0","0","0","0","0","0","0","0"
"L85452","j","org.kohsuke.stapler.beanutils.TagTest.j;LJenkinsRule;","L85448","L103","C:\GIT\pris2\SourceMeter\Guille\jenkins-jenkins-2.328\test\src\test\java\org\kohsuke\stapler\beanutils\TagTest.java","27","5","28","46","0","0","0","0","0","0","0","0","0","0","0","0","0","0","0","0","0","0","0","0","0","0","0","0"
"L85324","POURING","org.jenkins.ui.icon.WeatherIcon$Status.POURING;Lorg/jenkins/ui/icon/WeatherIcon$Status;","L85352","L103","C:\GIT\pris2\SourceMeter\Guille\jenkins-jenkins-2.328\core\src\main\java\org\jenkins\ui\icon\WeatherIcon.java","36","9","36","67","0","0","0","0","0","0","0","0","0","0","0","0","0","0","0","0","0","0","0","0","0","0","0","0"
"L85326","RAINY","org.jenkins.ui.icon.WeatherIcon$Status.RAINY;Lorg/jenkins/ui/icon/WeatherIcon$Status;","L85352","L103","C:\GIT\pris2\SourceMeter\Guille\jenkins-jenkins-2.328\core\src\main\java\org\jenkins\ui\icon\WeatherIcon.java","37","9","37","63","0","0","0","0","0","0","0","0","0","0","0","0","0","0","0","0","0","0","0","0","0","0","0","0"
"L85328","CLOUDY","org.jenkins.ui.icon.WeatherIcon$Status.CLOUDY;Lorg/jenkins/ui/icon/WeatherIcon$Status;","L85352","L103","C:\GIT\pris2\SourceMeter\Guille\jenkins-jenkins-2.328\core\src\main\java\org\jenkins\ui\icon\WeatherIcon.java","38","9","38","65","0","0","0","0","0","0","0","0","0","0","0","0","0","0","0","0","0","0","0","0","0","0","0","0"
"L85330","PARTLY_CLOUDY","org.jenkins.ui.icon.WeatherIcon$Status.PARTLY_CLOUDY;Lorg/jenkins/ui/icon/WeatherIcon$Status;","L85352","L103","C:\GIT\pris2\SourceMeter\Guille\jenkins-jenkins-2.328\core\src\main\java\org\jenkins\ui\icon\WeatherIcon.java","39","9","39","79","0","0","0","0","0","0","0","0","0","0","0","0","0","0","0","0","0","0","0","0","0","0","0","0"
"L85332","SUNNY","org.jenkins.ui.icon.WeatherIcon$Status.SUNNY;Lorg/jenkins/ui/icon/WeatherIcon$Status;","L85352","L103","C:\GIT\pris2\SourceMeter\Guille\jenkins-jenkins-2.328\core\src\main\java\org\jenkins\ui\icon\WeatherIcon.java","40","9","40","63","0","0","0","0","0","0","0","0","0","0","0","0","0","0","0","0","0","0","0","0","0","0","0","0"
"L85358","url","org.jenkins.ui.icon.WeatherIcon$Status.url;Ljava/lang/String;","L85352","L103","C:\GIT\pris2\SourceMeter\Guille\jenkins-jenkins-2.328\core\src\main\java\org\jenkins\ui\icon\WeatherIcon.java","42","9","42","34","0","0","0","0","0","0","0","0","0","0","0","0","0","0","0","0","0","0","0","0","0","0","0","0"
"L86470","displayName","lib.form.HeteroListTest$TestItemDescribable$DynamicDisplayNameDescriptor.displayName;Ljava/lang/String;","L86462","L103","C:\GIT\pris2\SourceMeter\Guille\jenkins-jenkins-2.328\test\src\test\java\lib\form\HeteroListTest.java","218","13","218","57","0","0","0","0","0","0","0","0","0","0","0","0","0","0","0","0","0","0","0","0","0","0","0","0"
"L86486","installations","lib.form.HeteroListTest$Xss$DescriptorImpl.installations;[Llib/form/HeteroListTest$Xss;","L86480","L103","C:\GIT\pris2\SourceMeter\Guille\jenkins-jenkins-2.328\test\src\test\java\lib\form\HeteroListTest.java","259","13","259","54","0","0","0","0","0","0","0","0","0","0","0","0","0","0","0","0","0","0","0","0","0","0","0","0"
"L86734","incomingURL","lib.form.PasswordTest$VulnerableProperty$DescriptorImpl.incomingURL;Ljava/lang/String;","L86739","L103","C:\GIT\pris2\SourceMeter\Guille\jenkins-jenkins-2.328\test\src\test\java\lib\form\PasswordTest.java","246","13","246","39","0","0","0","0","0","0","0","0","0","0","0","0","0","0","0","0","0","0","0","0","0","0","0","0"
"L86736","checkedSecret","lib.form.PasswordTest$VulnerableProperty$DescriptorImpl.checkedSecret;Ljava/lang/String;","L86739","L103","C:\GIT\pris2\SourceMeter\Guille\jenkins-jenkins-2.328\test\src\test\java\lib\form\PasswordTest.java","247","13","247","41","0","0","0","0","0","0","0","0","0","0","0","0","0","0","0","0","0","0","0","0","0","0","0","0"
"L87340","text1","lib.form.TextAreaTest$TestBuilder$DescriptorImpl.text1;Ljava/lang/String;","L87329","L103","C:\GIT\pris2\SourceMeter\Guille\jenkins-jenkins-2.328\test\src\test\java\lib\form\TextAreaTest.java","54","13","54","26","0","0","0","0","0","0","0","0","0","0","0","0","0","0","0","0","0","0","0","0","0","0","0","0"
"L87342","text2","lib.form.TextAreaTest$TestBuilder$DescriptorImpl.text2;Ljava/lang/String;","L87329","L103","C:\GIT\pris2\SourceMeter\Guille\jenkins-jenkins-2.328\test\src\test\java\lib\form\TextAreaTest.java","54","13","54","33","0","0","0","0","0","0","0","0","0","0","0","0","0","0","0","0","0","0","0","0","0","0","0","0"
"L87379","test1Outcome","lib.form.ValidateButtonTest$TestValidateIsCalled$DescriptorImpl.test1Outcome;Ljava/lang/Exception;","L87372","L103","C:\GIT\pris2\SourceMeter\Guille\jenkins-jenkins-2.328\test\src\test\java\lib\form\ValidateButtonTest.java","108","13","108","44","0","0","0","0","0","0","0","0","0","0","0","0","0","0","0","0","0","0","0","0","0","0","0","0"
"L87417","wasCalled","lib.form.ValidateButtonTest$NoInjectionArePossible$DescriptorImpl.wasCalled;Z","L87400","L103","C:\GIT\pris2\SourceMeter\Guille\jenkins-jenkins-2.328\test\src\test\java\lib\form\ValidateButtonTest.java","209","13","209","47","0","0","0","0","0","0","0","0","0","0","0","0","0","0","0","0","0","0","0","0","0","0","0","0"
"L87413","paramMethod","lib.form.ValidateButtonTest$NoInjectionArePossible$DescriptorImpl.paramMethod;Ljava/lang/String;","L87400","L103","C:\GIT\pris2\SourceMeter\Guille\jenkins-jenkins-2.328\test\src\test\java\lib\form\ValidateButtonTest.java","211","13","211","61","0","0","0","0","0","0","0","0","0","0","0","0","0","0","0","0","0","0","0","0","0","0","0","0"
"L87415","paramWith","lib.form.ValidateButtonTest$NoInjectionArePossible$DescriptorImpl.paramWith;Ljava/lang/String;","L87400","L103","C:\GIT\pris2\SourceMeter\Guille\jenkins-jenkins-2.328\test\src\test\java\lib\form\ValidateButtonTest.java","212","13","212","44","0","0","0","0","0","0","0","0","0","0","0","0","0","0","0","0","0","0","0","0","0","0","0","0"
"L87455","called","lib.form.ValidateButtonTest$ValidateProperty$DescriptorImpl.called;Z","L87443","L103","C:\GIT\pris2\SourceMeter\Guille\jenkins-jenkins-2.328\test\src\test\java\lib\form\ValidateButtonTest.java","265","13","265","43","0","0","0","0","0","0","0","0","0","0","0","0","0","0","0","0","0","0","0","0","0","0","0","0"
"L87751","username","test.security.realm.InMemorySecurityRealm$InMemoryUserDetails.username;Ljava/lang/String;","L87738","L103","C:\GIT\pris2\SourceMeter\Guille\jenkins-jenkins-2.328\test\src\test\java\test\security\realm\InMemorySecurityRealm.java","79","9","79","39","0","0","0","0","0","0","0","0","0","0","0","0","0","0","0","0","0","0","0","0","0","0","0","0"
